25 90 3755 
6 302 3755 3892 4037 4134 
11 743 3660 3661 3680 3748 3755 3787 3800 3806 3807 3812 3830 3843 3847 3871 3892 3903 3926 3937 3956 3958 3967 3970 4011 4013 4021 4024 4040 4043 4044 4055 4058 4065 4072 4088 4103 4124 4162 4179 4201 
12 65 3843 
14 114 4055 4179 
15 50 3755 4037 
20 187 3755 4179 
24 309 3660 3661 3748 3792 3800 3843 3854 3898 3903 3910 4040 
36 227 3680 4065 4099 4201 
37 20 3976 
44 44 3813 
47 146 3720 3755 3803 3897 3946 4037 4058 4189 
53 39 3717 3755 3812 4011 4088 4099 4162 4183 4191 
29 150 3717 3720 3843 4011 4021 4088 4103 
59 94 3807 
27 102 4044 4189 4191 
66 44 3680 3803 
72 164 3970 4037 4098 4099 
75 31 3755 
77 25 3812 
86 122 3681 3897 3970 4055 4099 
71 109 3681 3800 3804 3892 3897 3970 4037 
87 195 3873 3892 3897 3912 3962 4037 4078 4099 4110 4124 4191 
89 29 3921 3974 
90 72 3897 3958 4191 
99 24 4071 
103 68 4191 
68 275 3661 3691 3806 3807 3816 3892 3897 3946 3949 3958 3980 4013 4024 4037 4040 4051 4055 4065 4099 4111 4124 4162 4179 4201 
109 190 3752 3792 3830 3897 3962 4037 4099 
122 213 3661 3681 3772 3776 3812 3843 3847 3871 3887 3903 3926 3958 3970 3976 4013 4043 4099 4117 4162 4191 4201 
113 89 3926 4037 
127 132 3680 3713 3769 3804 3897 3976 4037 4179 
128 80 3680 
132 29 3769 
136 99 3897 3919 4037 4099 4191 
143 94 3803 4037 
147 58 3787 3970 
151 74 3970 
172 123 3670 3812 3892 
173 334 3830 3843 3897 3910 3976 4037 4124 
178 63 3755 3897 
180 54 3681 
182 79 3787 4037 
166 93 3946 4037 4191 
203 31 3835 3903 
215 100 3755 
237 41 4037 
259 56 3804 3835 4110 
263 22 3726 
265 31 4065 
266 13 3680 
280 76 4037 
291 35 3976 4013 4179 4201 
290 71 4037 
302 13 3724 
306 244 3680 3713 3720 3804 3812 3847 3976 4011 4041 4138 4162 
308 142 3976 
310 230 3664 3967 
311 321 3755 3843 3892 3969 3976 4040 4072 4098 4099 
313 54 3946 
315 77 4037 
317 140 4037 
319 199 3691 3748 3752 3796 3830 3843 3854 3897 3910 3958 4040 4099 4103 
331 4 3892 
335 46 4037 4191 
341 47 3755 
346 86 3812 3871 3887 3926 3971 
356 18 4110 
351 11 3946 
193 21 3971 
364 14 4110 
366 14 3976 
371 117 3755 3796 3967 3976 4110 
383 45 3680 4110 
391 1 3776 
395 42 4037 4175 4179 
398 7 3792 
405 19 3680 
407 145 3835 4037 
325 25 3967 4037 
427 6 4175 4179 
425 79 4065 
432 157 3680 3796 3803 4037 4055 4124 
412 21 3813 
447 15 4037 
456 5 3755 
457 732 3660 3661 3680 3691 3724 3726 3755 3769 3796 3803 3807 3812 3830 3843 3847 3849 3854 3871 3887 3897 3910 3911 3919 3922 3956 3958 3962 3976 4011 4013 4037 4040 4041 4044 4065 4098 4099 4124 4173 4191 
465 17 3717 3812 3843 3937 3939 3942 3967 
534 4 3800 
536 5 3755 
546 142 3811 3946 4037 4099 4173 4191 4199 
556 121 3661 4124 
559 4 3755 
580 30 3664 4041 
583 26 3897 
582 34 3812 3956 4040 4072 
600 214 3681 3755 3769 3804 3835 3962 4037 4071 4191 
613 2 4078 
495 6 4037 
633 55 4099 
634 150 3755 3796 3803 3892 4037 4041 4099 4175 
635 66 4201 
637 25 4037 
643 46 3803 3871 4037 4117 4179 
657 1 4110 
659 14 3755 
664 13 3755 
663 158 3661 3897 3910 3962 4040 4099 
667 19 4037 
675 1 4049 
686 83 3755 
688 5 3720 3967 
689 47 3926 4021 
695 118 3680 3807 3892 3976 4011 4098 4201 
704 81 3680 
706 95 3755 
710 105 3671 
719 4 3808 
722 264 3680 3681 3755 3796 3812 3897 3958 4037 4103 4201 
727 32 4191 
737 232 3726 3792 3842 3919 4037 4044 4065 4071 
742 93 4044 
697 100 3970 4037 4044 4099 
749 66 3873 3892 3970 4037 4124 
759 77 3680 4191 
763 68 3664 3691 3752 3806 3976 
764 34 3755 
766 773 3664 3681 3691 3720 3724 3726 3748 3752 3769 3772 3776 3787 3792 3796 3803 3804 3806 3812 3813 3830 3835 3842 3843 3854 3856 3871 3873 3887 3897 3898 3910 3956 3958 3962 3969 3976 4011 4013 4040 4041 4043 4044 4055 4065 4072 4098 4099 4103 4110 4124 4134 4138 4162 4175 4179 4189 4191 
762 50 3976 
769 146 3755 4110 
788 113 3755 3873 3897 3946 3971 3976 4201 
781 8 3755 
784 224 3661 3680 3720 3755 3892 3976 4013 4103 4179 4201 
789 317 3664 3748 3755 3830 3843 3854 3897 4037 4040 4099 4103 4124 4191 
791 41 4037 
795 60 4037 
798 16 3660 3661 
805 90 3800 
810 34 3755 
813 272 3681 3713 3724 3748 3847 3854 3875 3967 3976 4041 4043 4055 4124 4138 4162 4179 4181 
816 29 3922 
822 11 3748 3854 
820 16 4110 
334 41 4179 
826 249 3755 
825 165 3660 3748 3796 3800 3816 3822 3835 3892 3908 3910 3926 3946 3969 3970 3976 4024 4030 4037 4043 4051 4058 4099 4103 4110 4124 4173 4191 
836 26 3847 
841 61 3664 3803 3914 4044 
840 7 3962 
844 45 4110 
842 30 4055 4110 
854 99 3873 3976 4175 4179 
856 91 3670 3680 3803 3849 3962 4014 4037 4058 4103 4110 4191 
852 39 3755 3873 3946 3976 4037 
861 16 3680 
865 97 4021 
879 122 3661 3680 3745 3812 3843 3871 3875 3892 3897 3942 3956 3976 4011 4040 4044 4051 4124 4162 4191 
896 26 3843 3856 4037 
904 119 3755 
908 9 3755 
787 12 4103 
935 22 3796 
943 30 4011 
946 110 4040 4179 
947 27 4181 
956 42 4201 
959 12 3755 
960 22 3769 
967 16 4037 
974 36 3769 3946 3976 4037 4191 
982 47 3670 4058 4191 
986 77 3970 
988 292 3670 3680 3681 3745 3769 3800 3804 3807 3809 3812 3825 3847 3849 3871 3892 3903 3926 3937 3970 4013 4037 
993 238 3800 3888 3926 3970 
994 45 3885 3892 4013 
996 297 3796 3806 3813 3897 3958 4055 4098 4179 
1006 138 4037 
1003 18 4071 
1008 8 4037 
1024 41 3748 4162 
1029 135 3755 
1032 39 3720 3787 4037 4191 
1034 33 3680 
1037 86 3724 3843 4037 
1041 49 3956 4103 4127 
1044 9 3926 
1051 46 4175 4179 
1055 196 3755 3976 4037 4058 4099 4175 4191 
1062 156 3812 3956 4011 
1063 29 3873 
1064 16 3803 3822 
1065 7 4011 
1074 95 3792 3830 3842 3919 4065 4099 
1075 74 4055 4110 4179 
1097 88 3926 4124 
1098 305 3726 4037 
1111 60 3897 4065 4191 
1113 6 3835 
1125 37 3769 3796 
1127 62 4179 
1129 62 3755 
1132 57 3871 3897 4037 4044 4117 
1133 399 3660 3661 3664 3691 3724 3748 3787 3796 3806 3812 3813 3835 3843 3854 3873 3898 3912 3922 3956 3958 3976 4011 4037 4040 4041 4044 4047 4051 4055 4065 4072 4103 4110 4124 4127 4138 4175 4188 4189 4191 4199 
1137 135 3748 3755 3796 3854 3898 4041 4099 4162 
1142 48 3680 4110 
1144 7 4037 
1150 8 4011 
1151 472 3680 3726 3752 3792 3796 3807 3842 3885 3892 3897 3903 3926 3937 3962 3976 4011 4037 4044 4065 4071 4099 4103 4124 4179 4191 
922 149 3807 
1164 39 3755 3873 4099 
1165 13 4037 
1166 599 3724 3755 3796 3803 3807 3812 3813 3830 3843 3873 3885 3887 3892 3893 3897 3910 3926 3937 3958 3967 3976 4011 4037 4040 4041 4058 4065 4098 4099 4103 4110 4124 4127 4134 4189 4191 4201 
1167 158 3720 3755 3835 3976 4110 
1168 5 3660 
1169 29 3807 3871 
1185 43 3958 
1193 31 3755 4037 
1196 9 3769 4110 
1200 107 3976 
1204 61 3755 3843 3854 4037 4191 
1207 26 4099 
1210 218 3670 3807 3926 3958 3976 4037 
1211 79 3720 4051 4138 
1215 65 3873 
1221 77 3807 3903 3956 
1235 20 3755 
1236 103 3807 
1241 35 3755 3800 3903 
1247 77 3843 3873 4189 
1253 51 4103 
1259 45 3680 
1261 8 3755 
1267 61 3800 3970 
1279 124 3892 3956 4013 
1286 65 3680 3755 4055 4127 
1285 31 3898 
1291 34 3885 3887 
1297 76 3755 3800 3946 
1305 290 3670 3680 3681 3713 3717 3769 3772 3800 3803 3804 3807 3812 3847 3887 3903 3946 3973 4043 4051 4055 4088 4162 4181 4188 4199 
1306 20 3680 3867 
1319 181 3726 3755 3787 3871 3967 4162 
1331 6 3755 
1336 8 3792 
1350 117 3755 
1353 30 3835 3976 
1360 22 4044 4189 
1354 8 3769 
1356 20 3813 4201 
1358 18 3755 4037 
1368 33 3717 3755 3772 3785 3843 4043 4051 
1369 1 3755 
1370 1 3755 
1375 4 4098 
1374 462 3720 3726 3752 3755 3830 3843 3871 3887 3897 3910 3958 3962 3973 3976 4037 4055 4071 4098 4099 4110 4124 4179 4191 
1382 17 3745 3875 
1377 33 3755 
1381 52 3748 3755 3897 
1383 4 4179 
1384 37 3717 3755 4021 4049 4110 4179 
1385 35 4037 4071 4099 4179 
1390 32 3755 
1395 199 3892 3970 4110 4117 
1419 41 3807 
1428 183 3717 3811 3835 3843 3970 4055 4179 
1184 79 4011 4037 4040 
1457 5 3748 
1463 26 3892 
1468 20 4103 
1467 11 3664 
1469 7 3755 
1470 156 3813 3897 3910 4013 4099 4124 4191 
1471 72 4037 4201 
1473 91 3680 3903 3970 4071 4110 
1483 52 3755 
1492 157 3897 4021 4037 4040 4043 4162 
1496 210 3772 3830 3892 4040 4071 4099 4191 
1498 6 4191 
1500 48 4098 4138 4191 
1506 41 3976 
1521 99 3755 4055 
1522 139 3670 3724 3800 3804 3806 3807 3809 3812 3847 3856 3887 3903 3922 3937 3956 3971 3976 4011 4012 4072 4110 4138 4179 
1538 81 3755 4021 4037 
1537 68 3812 3897 3956 4011 4021 
1542 244 3776 3803 3809 3873 3892 3897 3910 3967 3976 4011 4012 4037 4043 4124 4127 4191 
1552 81 4024 4037 
1549 587 3661 3680 3691 3720 3745 3755 3787 3796 3800 3803 3804 3807 3812 3813 3835 3842 3847 3880 3892 3897 3903 3912 3926 3939 3970 4009 4011 4013 4021 4037 4041 4055 4099 4103 4117 4162 4179 4189 4191 
1550 42 3660 3661 3800 3812 3903 3958 4021 4191 
1560 3 3933 
1566 46 3748 3854 
1585 102 3807 4138 4179 
1592 30 4179 
1594 114 4179 
1596 29 3842 4012 4043 4055 
1608 355 3796 3804 3812 3813 3843 3871 3887 3926 3946 4011 4021 4037 4065 4162 
1612 68 4134 
1613 15 4103 
1614 73 3680 4037 
1621 80 4072 4191 
1622 50 3680 3792 
1623 39 3812 4037 
1639 36 3680 3792 
1644 48 3976 
1661 66 3962 4037 4191 
1564 27 3755 
1667 55 3796 3897 
1647 19 3967 4037 4072 4191 
1680 4 3813 
1687 6 3806 
1691 50 3807 4043 
1701 112 3897 4037 4041 4071 4110 
1697 70 3681 3970 
1700 93 3976 4191 
1707 34 4055 
1717 96 3680 3873 3976 4037 
1688 25 4162 4179 
1729 19 4037 
1730 45 3804 3970 3976 4037 4110 4191 4199 
1733 42 3970 4099 
1734 55 4037 4043 
1744 8 3776 
1748 76 3661 3755 3976 4013 4037 4103 4110 4179 4189 4191 4199 
1749 68 3670 3755 3843 3926 3937 4021 
1754 23 3787 3958 
1762 47 3830 4065 
1767 97 3680 3803 3807 3813 3847 3926 3937 3946 4037 4110 4138 4191 
1769 67 3803 3898 4040 4043 
1772 141 3755 3812 3922 3933 3967 3970 3999 4021 4024 
1751 35 3812 3887 3926 3937 4021 
1783 57 3748 
1789 11 3796 
1795 44 3843 4043 
1796 38 3897 4099 
1799 48 3796 3803 3830 3969 3970 4043 4058 
1800 20 4175 
1807 8 3796 
1808 129 3976 4103 4124 4191 
1813 41 3800 3812 3956 3967 4011 4021 4024 4051 4072 
1814 105 3720 3842 4117 
1816 10 3755 
1820 90 3807 3892 3903 
1821 7 3669 
1823 49 3830 4065 
1835 73 3892 4110 
1838 57 3787 4013 4088 4110 4201 
1847 47 3897 3910 4099 4191 
1848 16 3680 
1859 3 4037 4071 
1869 3 3680 
1874 9 3835 
1875 33 3717 3903 
1879 13 3885 
1885 44 3892 
1888 36 3843 4043 4055 
1891 36 3807 3976 4021 
1896 51 3748 3807 3887 4037 
1901 1 3847 
1918 20 4072 
1922 204 3812 3813 3830 3843 3871 3887 3892 3937 3946 4124 
1924 5 3835 
1931 15 3755 
1935 7 3830 
1946 4 4191 
1947 15 3800 3887 3892 4031 
827 3 3946 
1951 29 3769 
1966 18 4055 
1972 181 3680 3800 3807 3842 3843 3847 3892 3903 3970 4041 4043 4055 4110 4162 4179 4201 
1980 47 3660 
1982 29 3792 3919 
1984 7 3887 4011 4191 
1985 56 3956 
1986 17 4037 4110 
1990 36 3785 3830 3919 4065 
1794 26 3892 3970 
2001 39 3897 3910 3976 
2009 63 3680 3755 3871 4037 
2016 13 3748 3892 
2033 22 3835 
698 11 4110 
2062 121 3803 
2064 2 4191 
2065 50 3769 3843 3970 4138 
2102 45 3843 3912 3976 
2105 11 3681 
2109 47 3843 3926 3946 4021 4044 4201 
2114 39 3680 3970 
2116 20 3804 
2117 23 4037 
2118 113 3752 3806 3812 3892 3898 3939 4037 4201 
2120 122 3835 4179 
2129 44 3724 3800 3812 3903 3958 4049 4138 
2133 129 3755 
2134 14 4191 
2135 146 3691 3724 3748 3787 3792 3807 3873 3880 3887 4037 4099 4124 4179 4191 
2144 23 3660 3720 4037 4051 
2145 145 3664 3787 3800 3807 3843 3873 3903 4037 4191 
2156 41 3745 
2160 26 3776 3812 
2172 29 3897 4037 
2174 65 3903 
2186 61 3969 
2193 12 3811 
2196 3 4179 
2210 17 4013 
2215 15 3792 
2217 11 3785 3787 
2223 15 3720 3892 4071 
2225 34 3755 
2226 28 4037 
2230 49 3680 3875 
2231 66 3976 
2229 143 3660 3661 3813 4191 
2237 241 3660 3661 3680 3748 3800 3807 3812 3847 3871 3887 3892 3903 3956 3958 3970 4011 4040 4044 4072 4103 4124 4191 
2240 108 3796 3842 3962 3976 4037 4065 4099 4183 
2249 38 3726 
2252 22 3745 3811 3946 3970 
2256 247 3670 3720 3737 3769 3776 3785 3787 3800 3803 3811 3822 3849 3871 3893 3897 3973 3980 4037 4041 4047 4051 4055 4078 4110 4111 4173 4179 4181 4201 
2257 49 3680 3796 3885 3892 4191 
2258 95 3873 3970 4011 4037 4043 
2264 58 3660 3691 3843 3926 3937 3942 3958 4124 
2276 32 3897 4110 
2290 120 3670 3671 3680 3681 3717 3720 3737 3745 3769 3772 3800 3803 3807 3809 3811 3812 3822 3843 3847 3849 3867 3887 3892 3903 3946 3970 3973 3980 4011 4021 4088 4110 4191 
2289 14 4124 
2297 164 3661 3770 3807 3926 3946 3976 4013 4021 4055 4099 4103 4124 4162 4179 4191 
2298 48 3660 3724 3806 4031 4199 4201 
2299 67 3892 3903 4024 4044 4138 
2307 7 4024 
2323 111 3724 3803 3847 3871 3897 3926 3937 3942 3946 4011 4103 4179 4191 
2326 252 3660 3661 3670 3680 3681 3717 3720 3745 3769 3787 3800 3804 3807 3812 3813 3843 3847 3871 3887 3892 3898 3903 3921 3926 3933 3937 3967 3970 3976 4011 4013 4021 4024 4031 4043 4055 4058 4110 4117 4124 4138 4162 4173 4179 4181 4183 4188 4189 4191 4201 
2328 215 3661 3670 3713 3769 3800 3892 3903 3926 3970 4021 4037 4043 4065 4099 4134 4162 
2342 5 4191 
2357 12 3755 
2364 14 3809 3885 4037 
2365 77 3680 3812 3958 4013 4021 4031 4071 4099 4110 
2369 189 3755 3796 3808 3813 3830 3897 3898 3910 3976 4037 4124 4191 
2371 124 3748 3796 3887 4124 
2375 49 3724 
2376 26 3755 4191 
2381 71 3720 3892 3976 4013 4037 4110 4191 4201 
2379 45 3772 3787 4013 4110 4162 4179 4201 
2384 72 3787 3796 3871 3976 4037 4099 4201 
2387 66 3724 3796 3897 3910 3958 4098 
2398 62 3720 3800 3892 3903 3926 3937 3970 3976 4191 
2410 34 3962 4071 4098 
2411 141 3669 3680 3681 3772 3893 3898 3967 4011 4021 4024 4051 4110 4124 
2113 7 4072 
2440 50 3664 3892 3962 3976 4099 4191 
2444 6 4037 
2452 42 4037 
2456 31 3842 3873 4037 
2473 103 3812 
2485 324 3660 3680 3748 3752 3796 3800 3854 3873 3892 3897 3903 3970 4011 4013 4037 4040 4055 4071 4099 4124 4162 4175 4179 4181 4191 
2488 21 3873 3892 4072 4201 
2497 38 3745 3772 
2502 30 4110 
2504 100 3720 3800 3843 3892 3903 3926 3956 3971 4024 4037 4043 4099 4191 
2506 46 3892 4011 4013 4055 4124 
2508 13 3892 
2510 68 4124 
2516 44 3664 3680 3792 3892 3976 
2523 5 4175 
2535 47 3897 3976 4040 4044 4098 
2541 37 3946 
2542 93 3804 3812 3847 3871 3903 3926 3946 3976 4013 4138 4175 4191 
2547 105 3976 4021 4124 4199 
2549 70 3752 3812 3937 4037 
2566 32 3843 4138 4191 4201 
2557 77 3854 3898 3958 
2559 82 3680 4051 4110 4201 
2560 180 3661 3670 3681 3717 3770 3803 3812 3843 3847 3926 3937 3949 3967 4012 4021 4044 4138 4189 4191 4201 
2564 50 3680 3720 3830 4099 4191 
2565 893 3660 3661 3664 3670 3680 3681 3691 3717 3720 3726 3748 3752 3769 3770 3787 3792 3796 3803 3804 3806 3807 3812 3813 3816 3843 3847 3849 3854 3856 3867 3871 3885 3887 3892 3893 3898 3903 3910 3926 3937 3946 3956 3958 3962 3967 3969 3976 4011 4013 4021 4024 4031 4037 4040 4043 4044 4051 4055 4058 4065 4071 4072 4088 4098 4103 4110 4117 4124 4127 4134 4138 4162 4179 4189 4191 4199 4201 
2572 7 4051 
2576 146 3670 3769 3813 3956 3958 3962 4037 4065 4071 4072 
2585 60 3842 3873 3892 3976 4013 4021 4037 4191 
2592 13 4098 4191 
2594 45 4021 4124 
2595 49 4030 4049 4162 4179 
2474 142 3755 3898 4013 4021 4051 4055 4058 4078 4124 4191 
2605 64 3660 3807 3812 3856 4191 
2611 7 4037 
2612 29 3813 3897 3958 
2613 25 3803 3807 3976 4191 4201 
2614 5 3680 3847 3849 
2617 22 4037 
2618 53 3755 3974 4014 4191 
2623 108 3772 3856 3867 3892 3914 3921 3933 4011 4012 4037 4098 4124 4138 
2619 46 3671 3752 3800 3962 
2620 24 3919 
2645 7 4191 
2647 18 3755 
2651 269 3661 3680 3681 3691 3769 3772 3785 3787 3800 3803 3807 3809 3811 3822 3825 3847 3849 3854 3856 3867 3871 3887 3898 3903 3910 3911 3914 3926 3933 3956 3958 3967 4013 4030 4037 4043 4047 4051 4055 4072 4103 4110 4111 4162 4179 4181 4191 4201 
2653 113 3680 3748 3772 3800 3807 3813 3854 3875 3903 3939 3970 4043 4124 4162 4179 4183 4191 
2655 49 3835 4037 4040 4201 
2657 44 3811 3914 
2658 307 3660 3661 3664 3681 3691 3713 3724 3745 3752 3769 3772 3806 3807 3812 3847 3849 3885 3956 3958 3962 3969 3976 4011 4021 4037 4044 4047 4071 4072 4124 4127 4138 4191 
2659 12 3670 4024 
2674 103 3717 3812 3903 3946 3970 4014 4021 
2677 40 3809 
2708 9 4037 
2699 74 3681 3804 3812 3871 3887 3910 3946 4040 4043 
2700 168 3661 3680 3681 3717 3787 3800 3804 3807 3812 3816 3843 3887 3892 3898 3903 3926 3970 3971 4011 4024 4031 4043 4055 4088 4103 4110 4111 4138 4162 4173 4179 4191 4201 
2686 156 3670 3671 3681 3769 3785 3804 3843 3903 3922 3926 4041 4175 
2702 80 3755 3796 3813 3843 3976 4099 4127 
2688 618 3661 3664 3670 3680 3681 3691 3720 3724 3748 3769 3772 3792 3796 3800 3803 3804 3806 3807 3812 3813 3835 3843 3847 3849 3854 3873 3888 3892 3897 3898 3903 3910 3919 3922 3926 3933 3937 3956 3958 3970 3973 3976 4011 4012 4013 4021 4037 4041 4044 4055 4098 4099 4103 4110 4124 4162 4173 4175 4179 4191 
2660 164 3670 3752 3807 3843 3871 3873 3887 4044 4110 
2689 38 3812 3946 4138 
2667 126 3691 3897 4041 4175 4191 
2691 44 3892 3976 4098 
2693 149 3660 3664 3792 3813 3843 3910 4037 4134 4179 4191 4201 
2694 18 4191 
2695 7 3720 
2696 64 3661 3748 3796 3854 4099 4124 4191 
2697 45 4055 4124 
2711 13 3822 
2715 2 4179 
2719 21 4162 
2724 10 3772 3804 3847 
2727 33 4099 4162 
2730 2 3755 
2731 1 3755 
2733 3 3755 
2729 1 3755 
2734 1 3755 
2740 28 3803 3804 3807 
2744 39 4175 
2747 79 3670 3680 3681 3769 3772 3776 3785 3800 3807 3892 4021 4051 4191 4199 
2746 25 3843 4021 
2760 23 3787 4099 
2765 29 3897 
2770 1 4110 
2774 46 3897 3976 4055 4071 4110 
2775 35 4191 
2778 22 3724 4173 
2787 4 4072 4162 
2790 173 3670 3680 3681 3785 3800 3803 3807 3809 3856 3893 3897 3914 3921 3946 3958 3967 3970 3980 4124 4191 
2792 18 3976 4040 
2796 8 4037 
2804 16 4055 
2807 5 4037 
2811 19 4037 
2819 18 3903 
2822 43 3847 4021 4124 
2654 104 3670 3681 3717 3769 3800 3822 3867 3898 3922 3926 3973 4013 4021 4110 4111 4117 
2799 8 3680 3847 
2834 5 3726 
2831 39 3813 3958 
2832 50 3812 3835 4037 4191 
2833 7 3969 
2838 21 3776 3892 
2851 44 3796 4037 
2855 16 3842 
2859 139 3717 3724 3748 3803 3812 3843 3856 3871 3903 3914 3921 3922 3933 3937 3942 3946 3973 3976 3980 4011 4024 4030 4031 4037 4043 4044 4051 4055 4088 4103 4110 4111 4162 4171 4173 4179 4183 4191 
2871 282 3661 3717 3720 3748 3755 3796 3803 3806 3812 3813 3816 3843 3847 3854 3871 3887 3892 3897 3898 3903 3926 3937 3946 3949 3967 3970 4011 4013 4021 4024 4030 4037 4043 4049 4051 4055 4088 4103 4110 4127 4138 4162 4173 4179 4181 4183 4189 4191 
2872 87 3681 3717 3720 3800 3803 3807 3816 3843 3847 3871 3892 3903 3926 3937 3946 3967 3970 3973 4011 4021 4024 4031 4043 4051 4055 4088 4103 4110 4117 4162 
2883 28 3755 3897 4068 4098 
2467 4 3871 
2568 4 3835 
2905 4 3830 
2903 8 3956 
2909 57 3726 3835 3897 3910 3976 4124 4191 
2912 33 4037 
2923 35 3680 3724 
2932 62 3661 3724 3812 3969 3976 4065 4191 
2935 36 3835 3854 3958 4124 
2939 7 3669 
2940 123 3681 3769 3772 3792 3800 3803 3804 3807 3847 3892 3897 4049 4055 4134 4162 4173 4179 4201 
2941 11 3970 
2947 10 4043 
2951 19 3976 
2958 47 3892 3898 3903 
2964 70 4011 4013 4021 4043 4055 4110 4162 4179 4201 
2967 238 3660 3680 3691 3717 3724 3748 3787 3796 3806 3813 3843 3847 3854 3871 3903 3912 3956 3958 3976 4011 4013 4021 4024 4037 4040 4043 4044 4055 4086 4088 4099 4103 4110 4117 4124 4138 4162 4179 4181 4191 4201 
2968 55 3724 4124 4173 4179 4191 
2972 357 3661 3664 3691 3720 3748 3755 3796 3800 3816 3835 3843 3854 3873 3885 3898 3903 3910 3919 3926 3946 3956 3958 3967 3973 4012 4030 4031 4037 4040 4043 4044 4047 4055 4058 4099 4103 4124 4162 4173 4175 
2974 15 3720 4051 4110 4173 
2983 28 4127 
2985 4 3748 
2988 55 3772 3796 3847 3873 3897 4041 
2989 10 3854 
2991 7 3787 4179 
2999 7 4191 
3007 15 3903 3914 4191 
3000 43 3830 3919 
3009 51 3724 3812 
3005 28 4021 
3010 123 3670 3680 3717 3769 3772 3776 3807 3847 3871 3887 3892 3903 3937 
2707 103 3970 3973 4037 4043 4055 4088 4110 4117 4124 4179 4189 
3015 44 4037 
3018 19 3680 3806 
3021 7 4071 
3024 52 3748 3898 4173 
3026 175 3680 3720 3724 3748 3813 3843 3847 3854 3875 3892 3897 3903 3910 4011 4024 4031 4043 4051 4124 4162 4181 4183 4189 4191 4201 
3027 39 3922 3976 
3028 189 3661 3670 3776 3785 3880 3892 3897 3898 3903 3914 3922 3956 3974 4011 4078 4099 4124 4138 4189 4191 4201 
3031 50 3803 3847 
3032 216 3670 3681 3724 3787 3803 3813 3843 3871 3885 3887 3897 3910 3926 3937 3946 3958 4013 4065 4138 4179 4191 
3034 38 3661 3724 4037 4124 
3035 13 3830 3871 
2713 200 3660 3661 3670 3717 3720 3787 3800 3812 3813 3843 3871 3887 3892 3898 3903 3926 3937 3946 3970 3971 3973 3980 4011 4013 4021 4043 4051 4055 4088 4138 4162 4171 4173 4179 4181 4191 4199 4201 
3040 7 3970 
3041 14 4098 
3056 44 3803 3958 
3055 52 3812 3888 3903 3937 3942 3967 3971 
3057 48 3787 3969 4071 4110 4124 
3059 32 3748 3854 4124 
2356 57 3800 3843 3887 3892 3903 3926 3937 4011 4021 4043 4179 
2976 7 3888 4037 
3073 34 3726 3892 3969 4043 
3063 3 3807 
3081 20 4191 
3084 62 3680 3717 3720 3752 3776 3803 3807 3847 3892 3903 
3086 8 4191 
3087 8 3748 
3088 37 4037 
3090 12 4201 
3092 81 3726 3796 3910 4037 4099 4124 4191 4201 
3107 10 3660 
2842 124 3681 3720 3737 3800 3812 3908 3937 3939 3970 4011 4021 4138 4173 4179 4191 
3109 9 4040 
3110 21 3800 3897 3903 
2003 63 3681 3849 3892 3926 4037 
3115 5 4037 
3120 8 3807 
3127 15 3701 3903 
3140 2 4011 
3142 49 3681 
3144 88 3660 3661 3670 3680 3681 3812 3926 4021 4040 
3145 18 3958 
3147 6 4055 
3148 26 4011 4055 
3150 10 4098 4099 
3159 9 3748 
3168 79 3720 3787 3806 3812 3843 3897 3926 3937 3946 3956 3958 4013 4021 4088 4103 4110 4179 4191 
3172 13 3664 3903 
3173 7 4191 
3175 41 3847 3892 3903 3926 3937 3967 3970 3973 4021 
3176 6 3796 
3180 24 3670 3812 
3185 2 4124 
3188 20 3871 
3192 56 3717 3748 3843 4011 4021 4124 4173 4179 4189 
3191 68 3691 3897 3910 4098 4099 4191 
3196 22 3804 3926 3937 
3197 4 3717 4021 
3199 13 3926 
3208 6 3871 
3209 41 3691 3804 3976 4124 
3210 3 4037 
3225 13 4103 
3227 19 4191 
3238 28 4071 
3242 6 3809 
3252 37 3903 4011 4055 
3256 19 3717 3769 4011 
3258 95 3660 3787 3804 3806 3807 3811 3812 3847 3856 3903 3967 4011 4013 4037 4055 4098 4183 4191 4201 
3262 9 3807 
3269 3 4037 
3274 69 3835 3956 3962 4037 4065 4098 4099 
3275 14 3892 
3276 79 3661 3681 3717 3843 3912 3967 4011 4021 4024 4051 4055 4110 4138 4162 4181 4191 
3284 20 3785 3871 3939 3942 3946 3970 3973 4171 4173 
3291 58 3787 3807 3970 4011 4013 4162 
3292 8 3956 4201 
3297 51 3717 3871 4071 
3301 15 3680 3847 3871 3887 3892 
1529 2 3755 
3313 5 3720 3816 
3315 13 4191 
3290 36 3926 4037 4040 
3317 15 3661 3800 
3320 5 3946 
3321 18 3691 4110 4124 4191 
3326 18 3898 4162 
3333 15 3681 
3334 13 3812 4191 
3343 13 3772 3888 
3345 35 4175 
3348 25 4037 
3350 55 3660 3748 3812 3843 3897 3903 3956 3958 4044 
3352 273 3660 3661 3664 3670 3680 3691 3717 3724 3800 3808 3812 3813 3835 3843 3847 3887 3892 3897 3903 3910 3921 3926 3937 3958 3967 3970 3976 3999 4011 4013 4021 4024 4037 4040 4043 4051 4055 4058 4088 4110 4124 4138 4162 4179 4181 4191 4201 
3357 2 3769 
3366 63 3937 3976 4124 4127 4175 4199 
3373 12 4162 4179 4191 
3375 43 3680 3898 3903 3974 
3378 41 3720 3854 4055 4099 4162 4179 
3380 42 3769 
3381 180 3726 3792 3803 3873 3969 
3388 15 3835 4179 
3392 33 3769 3800 3816 3892 3910 3967 3970 3980 
3393 10 3752 
3394 156 3660 3671 3681 3737 3745 3769 3772 3776 3785 3800 3811 3812 3813 3822 3867 3898 3903 3914 3922 3926 3942 3958 3974 4011 4021 4031 4124 4189 4191 
3399 3 4181 
3402 122 3660 3664 3720 3724 3748 3843 3910 3946 3956 3958 3962 4011 4021 4037 4044 4124 4199 
3404 89 3680 3792 3808 3897 3903 3910 3922 4041 4138 4175 
3390 60 3748 3796 3854 3910 3958 4124 
3409 1 3752 
3417 30 3871 3910 4037 4181 
3435 4 3999 
3441 2 3946 
3443 20 3720 3724 3813 3875 
3445 21 4011 
3439 88 3670 3885 3898 4011 4021 4024 4088 4110 4124 
3447 271 3664 3752 3796 3843 3897 3898 3910 3911 3958 4011 4037 4040 4041 4044 4065 4099 4124 4127 4189 4191 
3449 314 3664 3726 3748 3792 3796 3806 3812 3813 3835 3843 3854 3873 3897 3898 3910 3958 3976 4011 4037 4040 4041 4044 4072 4098 4099 4103 4124 4127 4175 4189 4191 
3450 27 3812 3956 3958 3976 4011 4072 
3451 98 3660 3813 3835 3912 3956 3958 4040 4043 4055 4103 4110 4162 4179 4191 4201 
3452 131 3748 3796 3812 3813 3854 3910 3958 4040 4099 4111 4124 4175 4179 4191 4201 
3453 319 3691 3748 3796 3806 3812 3813 3835 3843 3854 3897 3898 3910 3911 3956 3958 4011 4037 4040 4041 4044 4065 4068 4072 4098 4099 4103 4124 4191 
3454 148 3660 3680 3724 3806 3813 3843 3854 3887 3898 3912 3922 3926 3937 3956 3958 3976 4011 4013 4037 4040 4043 4044 4049 4058 4072 4103 4111 4124 4138 4162 4179 4188 4191 
3455 68 3748 3843 3898 3911 3958 4044 4072 4124 4189 4191 
3456 241 3660 3661 3664 3691 3748 3792 3796 3806 3812 3843 3873 3897 3910 3958 4011 4041 4044 4047 4072 4099 4124 4138 4191 
3457 166 3661 3680 3726 3785 3812 3843 3856 3871 3887 3892 3946 3970 3973 4124 4199 
3458 69 3843 3847 3873 3887 3892 3897 3903 3976 4041 4055 4162 4179 
3459 92 3830 3897 3898 3910 3976 4041 4099 
3460 22 3830 
3461 101 3755 3796 3835 3898 3956 4011 4037 4040 4044 4055 4072 4098 4099 4110 4191 
3462 54 3956 3958 4011 4037 4040 4044 4072 4124 4189 
3463 56 3664 3748 3806 3812 3958 4011 4040 4072 4199 
3466 17 3680 3969 4037 
3469 23 3804 4201 
3470 21 3670 
3472 15 4037 
3471 2 4037 
3479 102 3661 3691 3748 3843 3958 4013 4037 4040 4041 4065 4138 4191 
3480 18 3681 4201 
3481 17 3737 3807 3867 3914 
3482 24 3769 3772 4191 
3483 20 3897 
3477 53 3681 3800 3812 3816 3843 3847 3937 3946 3967 3970 3971 3973 3980 4021 4024 
3478 42 3873 3958 4138 4179 
3488 16 3892 3967 4055 
2524 7 3946 
3498 114 3755 3796 3835 3897 3910 3969 4037 4040 4099 
3518 6 3720 
3519 48 3661 3796 3800 3892 4191 
3521 29 3969 
3522 71 3691 3806 3910 3976 4044 4124 
3523 28 3670 3681 3769 3776 3804 3807 
3525 16 3680 3772 3807 
3526 6 3887 
3527 64 3772 3803 3804 3812 3822 3871 3887 3892 3893 3903 3926 3933 3937 3946 3967 
3386 12 3892 
3540 4 3717 
3541 81 3680 3803 3807 3809 3812 3847 3849 3871 3887 3888 3892 3893 3903 3922 3926 3933 3937 3942 3967 4011 4021 4024 4049 4055 4110 4162 4179 4191 
3542 5 4011 
3508 11 3680 
3544 7 3937 
3553 8 3670 
3555 14 3887 3892 
3556 14 3680 3804 3807 3892 
3557 10 3871 4199 
3560 16 3803 3843 
3561 4 3856 
3562 40 3800 3807 3822 3892 3970 4021 4124 4191 
3567 18 3670 3671 3680 3717 4043 
3568 147 3660 3661 3720 3787 3796 3800 3812 3813 3843 3897 3910 3946 3949 3970 3973 4011 4013 4021 4030 4040 4043 4047 4049 4051 4055 4072 4078 4088 4098 4103 4110 4124 4138 4162 4171 4173 4179 4189 4191 4201 
3569 42 3680 3720 3803 3804 3807 3871 3926 3937 3946 4021 4043 
3576 4 3970 
3579 2 4181 
3578 2 3708 
3586 156 3770 3830 3873 3897 3962 4037 4065 4099 
3589 5 3681 
3528 13 3737 3745 3804 
3593 26 3726 3803 4037 
3601 52 3748 3785 3830 3897 3958 4037 4138 4191 
3597 13 3681 
3603 12 3803 4044 4189 
3607 24 4037 
3611 22 3680 3737 3769 3847 
3614 205 3691 3776 3796 3843 3854 3897 3898 3910 3921 3958 4013 4037 4055 4065 4068 4110 4124 4162 4191 4201 
3615 144 3660 3664 3691 3720 3796 3803 3804 3806 3807 3812 3822 3843 3847 3887 3893 3903 3910 3926 3933 3937 3946 3956 3967 3969 3970 3980 3999 4013 4024 4043 4044 4055 4098 4111 4124 4179 
3622 22 3892 3903 
3624 64 3660 3800 3811 3892 3999 4021 4024 4031 4043 4110 4162 4191 
3625 4 4013 4201 
3630 32 3660 3661 3812 3898 3946 3973 4021 
3631 91 3660 3787 3812 3813 3816 3871 3910 3914 3937 3946 3967 3973 4011 4024 4037 4099 4103 4117 4173 4179 4181 4199 
3633 48 3680 3720 3800 3803 3804 3807 3812 3822 3871 3887 3893 3898 3926 3933 3946 4011 4013 4021 4110 4162 4173 4181 4201 
3634 82 3755 3897 3976 4098 4099 4191 
3635 63 3660 3787 3813 3926 3933 3937 3967 3970 3980 4013 4138 4191 4201 
3636 11 3926 3937 
3637 4 3910 
3641 212 3720 3724 3748 3792 3796 3800 3813 3854 3897 3898 3946 3962 3969 4021 4037 4044 4065 4099 4110 4124 4162 4171 4173 4179 4191 
3642 362 3792 3796 3807 3830 3842 3873 3897 3919 3922 3937 3969 3976 4037 4041 4065 4099 4134 4175 4201 
3643 44 3748 3796 3800 3946 3956 3967 3970 4041 4191 
3645 40 3720 3816 3970 4021 4110 4162 4179 
3646 9 4021 
3647 13 3903 3926 3937 
3655 9 4103 4110 
3656 3 4072 
3658 39 3664 3796 4191 
3659 38 3660 3871 3887 3892 3912 3914 3922 4188 
3660 87 3720 3724 3804 3806 3813 3854 3887 3967 4013 4021 4037 4051 4088 4110 4124 4138 4181 4191 4201 
3661 36 3812 3871 3903 3926 3937 3967 4043 
3665 20 3691 
3666 144 3660 3661 3812 3813 3843 3897 3910 3942 3946 3958 3976 4011 4037 4055 4078 4098 4099 4110 4124 4179 4191 
3667 6 3971 4201 
3668 1 3669 
3678 17 3680 3822 3847 3856 3871 
3682 75 3681 3769 3772 3787 3800 3803 3806 3813 3816 3847 3871 3887 3898 3926 3933 3937 3942 3946 3967 3970 3980 4024 4088 4110 4162 4173 4181 4201 
3683 6 4037 
3686 3 3871 
3691 95 3769 3792 3832 3847 3885 3969 4011 4037 4044 4124 4191 4201 
3700 2 3701 
3705 3 3804 
3709 7 4037 
3711 1 3713 
3712 1 3713 
3714 15 4043 4055 4058 4162 4179 
3719 14 4013 4021 4191 
3724 93 3660 3661 3787 3800 3816 3867 3914 3926 3933 3937 3946 4013 4021 4024 4031 4043 4051 4055 4110 4138 4162 4179 4181 4183 4201 
3571 45 3897 3926 
3728 85 3720 3724 3843 3887 3946 3976 4037 4099 4110 4175 4201 
3729 11 4191 
3731 15 3803 3804 3807 3822 
3742 3 3976 
3744 2 3745 
3748 30 3796 3812 3854 4072 4124 
3749 4 4037 
3751 11 3946 
3752 15 3962 4179 
3754 6 3800 
3720 11 4030 4183 
3762 8 3912 
3763 3 3933 
3764 10 3769 
3767 16 4110 4173 
3770 22 3769 3800 3808 4037 
3771 3 3772 
3774 1 3776 
3775 12 3720 3776 3970 3974 
3780 3 3887 4110 
3785 18 4179 4189 4199 
3786 99 3897 3910 3946 3958 3967 4013 4037 4098 4127 4173 4191 4201 
3787 232 3724 3748 3796 3813 3885 3897 3910 3958 3976 4011 4037 4040 4055 4099 4103 4124 4191 
3796 113 3664 3691 3724 3748 3755 3797 3813 3843 3854 3976 4040 4099 4124 4127 4191 
3795 1 3797 
3794 46 3748 3796 3797 3854 4189 4191 
3798 23 3887 3969 4051 
3799 6 3892 3903 
3803 10 3748 
3801 1 3803 
3802 8 3803 3892 3922 3926 3937 
3804 5 4021 4201 
3805 1 3807 
3806 45 3807 3835 4041 4098 4138 4191 
3810 1 3811 
3812 53 3717 3720 3816 3967 3976 4011 4012 4021 4024 4031 4043 4049 4051 4072 4088 4117 
3813 94 3660 3661 3717 3724 3816 3873 3962 4012 4024 4031 4037 4055 4088 4138 4162 4179 4191 
3814 47 3720 3800 3816 3822 3843 3967 4021 4024 4030 4031 4043 4051 4055 4088 4103 4110 4162 4173 4181 
3815 20 3717 3812 3816 3922 4011 4021 4024 
3827 2 4110 
3830 20 3911 4191 
3833 3 3892 
3835 35 3970 4037 4040 4044 
3842 15 3812 3926 3937 3946 3970 
3843 18 3847 3958 
3844 1 3847 
3845 8 3847 3887 4011 
3848 1 3849 
3851 2 4138 
3854 82 3748 3796 3813 3958 4040 4099 4124 4191 4199 
3855 6 4011 
3865 2 4138 
3869 5 3871 
3870 2 3871 3888 
3872 15 3871 4162 4179 
3648 9 3887 
3877 13 3792 3976 
3885 2 3887 
3886 1 3887 
3888 1 3892 
3889 2 3892 
3890 3 3892 4110 
3891 1 3892 
3897 9 3898 4199 
3900 3 3903 
3901 1 3903 
3902 43 3835 3903 3956 3958 3976 4011 
3910 33 3976 4037 
3912 17 3787 3937 
3916 42 3755 3796 4041 4099 
3917 29 3787 3806 4201 
3920 6 3787 
3924 5 3949 3967 
3925 7 3897 
3932 4 4055 
3935 1 3937 
3936 1 3937 
3941 1 3942 
3947 3 3946 
3945 2 3946 
3948 26 3720 3787 3812 3946 3970 4013 4110 4117 4138 4201 
3949 30 3717 3720 3800 3812 3843 3967 3970 3980 4011 4021 4043 4055 4058 4162 4179 
3955 3 3720 
3956 85 3898 3958 3971 3976 3980 4011 4024 4031 4044 4072 4098 4124 4138 
3958 15 3897 4072 4099 
3960 23 3806 4041 4099 4191 
3961 16 3800 3970 4011 4021 4024 4103 4110 
3965 89 3752 3969 3976 4065 4071 4191 
3966 1 3967 
3957 1 3970 
3968 1 3970 
3969 90 3661 3785 3835 3854 3897 3910 3970 4037 4040 4138 4191 
3971 7 3661 4098 
3973 33 3717 3787 3813 3898 4055 4138 4162 4179 4181 4191 4201 
3976 145 3792 3796 3830 3897 3958 4037 4040 4110 4124 4127 4189 4191 
3977 14 3720 3800 4030 4191 
3978 2 3800 
3979 3 3800 4011 
3982 20 3910 4037 4099 
3984 2 4037 
3985 32 3830 4021 4037 
3991 7 4024 
3998 2 3664 
4000 4 3843 
4001 28 3660 3976 4021 4037 4040 4127 4191 
4007 15 3843 4043 
4010 1 4011 
4013 21 4014 4138 
4019 2 4021 4024 
4020 6 4021 
4024 2 3898 
4023 3 3720 4024 
4027 6 4162 4179 
4034 4 3717 3843 4043 
4035 1 3717 
4036 147 3717 3720 3796 3873 3885 3958 3969 4037 4088 4099 4138 4162 4175 
4037 15 3717 4138 
4038 1 4043 
4040 104 3748 3755 3796 3812 3910 3976 4011 4037 4043 
4039 9 4043 4055 4110 4162 
4041 68 3691 3796 3897 4043 4099 4124 
4042 21 3787 4013 4043 4055 4162 4179 4201 
2981 44 3897 3910 4037 4043 4124 4162 
4044 89 3724 3835 3843 3854 3898 3976 4011 4040 4047 4078 4191 4199 
4045 257 3664 3724 3726 3748 3785 3796 3803 3806 3812 3843 3854 3873 3897 3898 3919 3956 3958 4037 4040 4041 4047 4072 4099 4103 4124 4175 
4046 89 3748 3835 3885 3958 4011 4037 4040 4047 4103 4189 
4048 1 4049 
4050 1 4051 
4056 23 3835 4055 4110 4162 
4063 27 4072 4191 
4077 77 3812 3813 3897 3910 4044 4191 
4065 131 3661 3724 3792 3809 3830 3843 3854 3873 3898 3956 3958 4011 4013 4055 4072 4162 4179 4181 4201 
4079 4 4055 4179 4181 
4070 111 3691 3796 3808 3958 4044 4127 4175 4189 
4071 17 3910 
4072 29 3812 3898 4191 
4073 115 3724 3796 3808 3835 3854 3897 4041 4068 4099 4124 4181 4189 4191 4199 
4074 33 3660 3661 3664 4011 4138 4191 4199 
4080 1 3720 
4082 15 3897 
4085 1 4086 
4095 2 4110 
4098 8 3897 4201 
4099 155 3755 3796 3830 3843 3897 3910 3958 4041 4110 
4108 1 4110 
4104 3 4110 
4105 1 4110 
4109 1 4110 
4106 1 4110 
4107 1 4110 
4111 16 4173 
4116 12 3755 4037 4117 
4119 6 4110 
4076 86 3748 3787 3813 3898 3912 3976 4013 4037 4103 4138 4179 4201 
4123 25 4013 4072 4179 
4124 50 3660 3724 4037 4138 4191 4201 
4125 2 4055 
4127 41 3724 3787 3812 3976 4011 4040 4044 4191 
4133 2 3956 
4136 26 3787 3813 3976 4013 4138 4201 
4138 64 3785 3958 4013 4191 
4140 12 4201 
4142 37 3660 3661 
4144 76 3812 3813 3976 4037 4065 4138 4175 4179 4191 
4150 16 3748 3835 3976 4191 
4151 84 3660 3664 3796 3843 3897 4011 4040 4072 4124 
4152 43 3660 3724 3806 3843 4011 4044 
4162 16 4201 
4163 2 4055 4162 
4164 3 4162 
4165 1 4055 
4166 1 4055 
4155 5 4055 
4167 1 4168 
4170 1 4171 
4174 1 4179 
4175 8 4179 
4176 1 4179 
4177 1 4179 
4178 3 4179 4191 
4180 1 4181 
3819 10 3787 4013 4181 
4186 6 4191 
4187 9 4037 
4191 20 4138 
4197 7 4013 4199 
4198 1 3898 
4199 8 3787 3898 
4200 5 4040 4201 
4207 1 4201 
4208 2 4201 
4202 1 4201 
4203 1 4201 
4204 2 4201 
3995 57 3796 3897 4041 4098 4099 4201 
4209 1 4201 
4205 5 4037 4201 
4210 1 4201 
4206 1 4201 
4211 65 3661 3796 3813 4037 4040 4191 
4212 53 3808 4040 4103 4124 4191 
4213 3 4191 
4214 9 4138 
4219 112 3691 3748 3813 3835 3843 3897 3898 3956 3958 3976 4011 4037 4040 4044 4103 4124 4189 
4220 3 3976 
4222 41 3724 3806 3812 3922 3962 3976 4199 
4223 7 3976 4138 
4224 17 4040 
4221 42 3796 4037 4099 4134 
4228 3 4138 
4252 5 4040 4124 
4255 9 3854 4138 
4261 24 4040 4072 
4266 11 3660 4040 
4275 5 3748 
4276 52 3664 3796 3910 3958 4041 
4282 6 4037 
4291 4 4037 
4295 17 3796 3813 4189 
4297 38 3691 3898 4191 
4298 9 4189 4191 
4308 7 4191 
4315 29 3660 3748 4189 4191 
4316 8 3843 4011 4191 
4318 3 4191 
4324 8 3660 
4329 12 3724 
4338 40 4037 4191 
4333 2 4191 
4334 1 4191 
4335 32 3813 4191 
4336 1 4191 
4337 1 4191 
4342 10 3898 4037 
4347 55 3806 3962 4037 
4351 4 3724 
4353 80 3897 3910 3976 4037 4071 4099 4127 
4355 50 3661 3796 3843 3897 3910 
4357 1 3661 
4364 39 3873 3958 4037 
4363 22 3796 3806 3835 4041 4099 4191 
4375 3 3660 4099 
4377 11 3958 4044 
4400 5 3976 4040 
4398 9 4040 
4415 17 3748 4037 
4416 11 4037 
4422 15 4037 
4428 12 4037 4044 4124 
4429 12 3812 3854 
4430 6 3958 
4432 8 3796 
4433 24 3812 3956 4011 4072 
4436 2 3958 
4437 70 3958 4011 
4438 6 4040 
4440 6 3956 3958 
4441 202 3664 3691 3752 3813 3843 3897 3898 3956 3958 3976 4011 4037 4071 4099 4124 
4448 36 3664 3812 3910 4127 
4455 22 4037 4044 
4459 4 3748 
4461 2 4199 
4468 18 4011 
4471 2 3664 
4476 16 4191 
4485 12 4040 
4482 7 4037 
4483 153 3691 3796 3962 4037 4071 4099 4110 4191 
4486 20 3808 3897 
4488 50 4099 
4489 15 4037 4191 
4500 2 4199 
4502 2 3664 
4507 2 3806 
4492 2 3806 
4508 1 3806 
4509 11 3806 
4511 15 3724 3835 4103 4110 
4498 1 3724 
4516 1 4199 
4526 5 3843 
4531 14 3956 
4530 9 3897 
4534 19 3796 4040 4191 
4535 5 3812 
4536 81 3813 3854 3898 3922 4191 
4538 1 3812 
4542 9 3897 
4547 45 3796 3854 3956 3958 4037 4044 4072 4189 
4550 100 3897 3910 4037 4099 4191 
4557 16 4041 
4563 11 3843 3898 
4564 33 3796 3898 3956 3976 4072 4191 
4566 3 4110 
4574 40 3748 3897 3919 4037 4103 4191 
4576 10 3897 3919 
4577 2 4072 
4586 9 4072 
4587 27 3748 3835 3873 4072 
4588 11 3958 4072 
4592 6 4037 
4598 71 3755 3885 3956 4011 4099 
4599 1 3956 
4600 15 4041 
4608 1 3958 
4607 1 3958 
4609 2 3958 
4616 7 4037 
4624 2 4037 
4625 4 3796 
4626 5 3796 
4630 4 3976 4037 
4487 31 3897 3976 4191 
4632 228 3752 3770 3796 3843 3873 3885 3910 3958 4011 4037 4040 4041 4071 4099 4103 4124 4175 
4633 12 3748 3835 4011 4044 4103 
4651 2 3835 
4653 114 3664 3691 3755 3796 3897 3910 4041 4098 4127 4191 
4661 19 3796 4037 
4662 46 3796 3835 4037 4044 4099 
4663 10 3748 4037 4191 
4665 9 3748 
4666 24 3958 4037 
4673 96 3842 3897 3919 4099 
4669 13 3796 4037 
4681 20 3748 4037 
4682 14 3854 3898 
4686 57 3664 3691 3885 3897 3976 4037 4191 
4688 59 3748 3843 3854 3898 4037 4040 4044 4103 4189 
4709 25 3796 4071 
4710 8 3910 
4717 62 3796 3842 4099 
4718 46 3691 3796 3910 4041 4175 
4712 121 3726 3755 3873 3885 3897 3910 4037 4175 
4725 36 3664 3813 3843 3898 4037 4040 4044 4103 
4726 15 3910 
4737 3 3830 
4746 18 3835 3854 4124 
4749 3 3748 
4750 3 3748 
4751 4 3748 
4754 1 3748 
4752 1 3748 
4753 1 3748 
4756 34 3691 3755 3958 3976 4037 
4757 6 4040 
4759 1 3835 
4748 38 3835 3898 3910 3976 
4760 7 3911 
4764 53 3796 3873 4037 
4774 13 4040 4103 
4781 27 3873 
4792 62 3796 3962 4009 
4798 4 4103 
4800 1 4040 
4814 20 3854 3897 4189 
4813 46 3842 3897 4099 
4818 28 3796 4044 4124 4191 
4824 101 3755 3958 4099 
4829 78 3691 3792 3910 3962 4124 4127 
4832 7 4037 
4833 6 4037 4124 
4843 24 4037 
4859 30 3854 3898 4124 4191 
4846 34 3664 3691 4189 4191 
4856 3 3755 
4879 28 3885 
4882 3 4037 
4884 4 4037 
4891 7 4037 
4893 5 4044 
4894 79 3796 3808 3873 4041 4044 4099 4191 
4898 11 3854 
4899 169 3664 3691 3796 3813 3842 3843 3897 3910 4041 4098 4099 4124 
4903 2 4037 
4904 2 4037 
4905 1 4037 
4923 3 4037 
4906 2 4037 
4908 1 4037 
4924 10 4037 
4909 2 4037 
4910 2 4037 
4911 1 4037 
4912 2 4037 
4913 1 4037 
4914 2 4037 
4915 6 4037 
4916 1 4037 
4917 1 4037 
4918 1 4037 
4925 2 4037 
4919 1 4037 
4920 2 4037 
4926 7 3962 4037 
4921 1 4037 
4922 2 4037 
4937 17 3854 3898 4124 4191 
4943 31 3726 3813 3962 4037 4044 4124 
4945 1 4044 
4944 4 3898 4044 
4947 10 4124 
4948 214 3664 3691 3752 3796 3813 3843 3897 3910 3976 4071 4124 4191 
4957 1 4189 
4963 13 3691 3854 3898 
4964 60 3664 3796 3854 3910 4037 4124 
4965 1 3854 
4966 25 3854 
4967 361 3664 3691 3755 3792 3796 3803 3813 3830 3842 3843 3854 3873 3897 3910 3919 3958 4009 4037 4041 4065 4099 4124 4127 4134 4175 
4973 8 3843 3898 4124 
4974 44 3796 3843 3897 
4976 23 3843 3898 3976 4041 4099 4191 
4980 16 4099 
4981 53 3752 3962 4037 4191 
4982 43 3755 3796 3813 3897 4099 
4985 1 3898 
4986 1 3898 
4993 4 4124 
4994 19 4191 
4995 1 4191 
4996 1 4191 
5002 115 3796 3803 3842 3897 4037 4041 
5006 28 3796 4124 
5008 27 3813 4068 4191 
5010 4 4037 
5011 10 3796 4099 4191 
5012 14 4124 
5016 10 4071 
5017 9 4099 
5022 172 3830 3842 3873 3897 3919 3922 4065 4099 4134 
5020 139 3755 3808 3897 3910 3919 3976 4068 
5028 43 3897 3962 4037 
5029 26 3796 3910 4099 
5036 4 4124 
5037 18 3796 
5046 2 4124 4191 
5047 1 4124 
5048 6 4124 
5051 8 4175 
5053 52 3969 4037 4175 
5059 26 3726 3809 
5069 5 4127 
5079 271 3691 3755 3792 3796 3830 3842 3897 3919 3976 4041 4065 4098 4099 4134 
5089 8 3897 
5095 3 3792 
5099 14 4191 
5106 33 4037 
5102 54 4037 4041 
5103 127 3873 3897 4037 4071 4134 
5111 7 3813 
5110 84 3664 3813 3873 3897 3910 3976 
4828 168 3752 3792 3796 3873 3976 4098 4099 
5119 18 3664 3813 
5123 69 3873 3910 4037 4041 4065 4099 4175 
5125 54 4037 
5139 11 3976 
5140 51 3691 3910 4037 
5150 13 3897 
5154 3 3664 
5155 24 3691 
5160 12 3897 
5166 48 3873 3962 4037 4071 
5171 41 3796 3897 4041 4099 4191 
5172 29 3755 3796 4099 
5173 122 3796 3809 3885 3962 3969 4037 4099 
5174 6 3796 4041 
5175 35 3796 4098 4099 4191 
4795 73 3752 3796 3842 3897 3922 4037 
5176 139 3755 3796 3897 3958 4041 4098 4099 4127 4191 
5177 101 3796 3897 3919 3976 
5178 19 3796 3919 
4310 278 3691 3752 3755 3796 3830 3897 3919 3976 4037 4041 4071 4098 4099 4127 4175 4191 
5179 217 3792 3796 3803 3873 3897 3919 3958 3969 4037 4041 4071 
5180 49 3796 4041 
5181 41 3796 3897 3919 4098 
5182 14 3796 4099 
5183 1 3796 
5184 68 3796 3897 3910 4041 4098 4191 
5185 152 3792 3796 3830 3873 3897 3919 4065 4099 4134 
5186 2 3796 
5187 31 3796 
5188 211 3792 3796 3803 3830 3842 4037 4065 4099 
5189 312 3755 3796 3803 3842 3873 3885 3897 3910 3958 3962 3976 4037 4098 4099 4175 4191 
5190 80 3796 4099 4191 
5191 10 3796 4099 
5192 1 3796 
5196 32 3885 3897 
5200 15 3897 
5203 15 4191 
5207 13 4191 
5226 17 4037 
5233 24 3897 4071 4127 
5243 19 3897 4127 
5246 44 3910 4041 
5250 14 3755 4098 4191 
5254 33 4191 
5261 2 3691 
5262 59 3691 3922 
5263 75 3691 3922 4041 4098 
5285 21 4191 
5286 10 3910 
5295 22 4191 
5296 16 3910 
5301 61 3873 
5313 12 4191 
5316 24 4191 
5317 18 4098 4191 
5320 11 4037 
5321 32 4191 
5323 3 3897 
5333 3 3910 
5339 10 3976 4191 
4591 2 3910 
5356 1 3910 
5357 1 3910 
5358 1 3910 
5360 15 4191 
5378 17 4037 
5382 19 4098 
5399 8 4041 
5423 48 3897 4099 
5430 6 3830 
5427 37 3873 3976 4041 4098 4191 
5435 1 3897 
5437 26 4041 
5439 66 3792 3873 3897 
5445 63 3885 3969 
5446 26 3885 
5454 19 3958 4191 
5457 44 4041 
5468 10 4191 
5472 16 3752 3962 
5474 8 4041 4191 
5479 28 4037 
5484 22 3755 4041 4099 
5485 21 4037 4099 
5487 30 3873 4071 
5489 12 4071 
5495 4 4191 
5515 7 4098 4191 
5516 2 4191 
5517 1 4191 
5518 1 4191 
5519 1 4191 
5520 2 4191 
5521 3 4191 
5522 1 4191 
5523 1 4191 
5524 389 3726 3752 3792 3803 3809 3830 3842 3873 3885 3897 3919 3962 4037 4065 4071 4099 4134 4191 
5525 1 4191 
5526 6 3803 4191 
5527 2 4191 
5530 1 4191 
5531 243 3792 3803 3842 3873 3885 3897 3919 3969 3976 4037 4065 4099 4134 4175 4191 
5528 6 4191 
5532 26 3976 4191 
5534 14 3976 
5193 18 3919 
5543 137 3792 3830 3873 3962 4037 4041 4065 4134 
5549 10 4037 
5550 11 4037 
5553 46 3792 4037 4071 4099 
5563 2 3873 
5562 13 3897 
5577 8 4098 
5579 2 3897 
5582 105 3803 3830 4037 4065 4099 
5589 11 3873 3897 
5594 1 4098 
5596 30 4098 4134 
5595 1 4098 
5600 8 3897 4099 
5608 16 3755 3897 4099 
5612 66 3958 3962 4099 4134 
5614 7 4037 
5615 3 4037 
5616 15 4037 
5617 22 3755 3976 
5620 7 3755 
5396 12 3755 
5624 28 3922 
5640 2 3976 
5644 21 3976 
5655 139 3976 4009 
5647 8 3976 
5670 2 4099 
5671 3 3770 
5675 8 3958 
5676 1 3755 
5684 18 3976 4175 
5686 3 3962 4099 
5685 1 4099 
5687 1 4099 
5688 1 4099 
5691 49 3922 
5692 21 3803 
5696 50 3873 4099 
5697 230 3792 3803 3830 3842 3873 3897 3919 3976 4037 4065 4099 4134 4175 
5702 10 3726 
5709 11 3919 
5714 44 3792 3897 4041 4099 4175 
5721 10 3873 4037 
5739 45 3792 3897 3919 3976 
5763 4 4041 
5775 42 3752 4037 4071 
5773 75 3803 4037 
5783 23 4041 
5787 32 4041 
5796 191 3792 3803 3830 3842 3897 4037 4041 4065 4099 4134 
5797 3 3897 
5798 12 3897 
5799 23 3897 
5800 222 3792 3830 3897 3962 4037 4065 4134 
5801 2 3897 
5802 385 3726 3752 3803 3830 3842 3885 3897 3919 3962 3969 4037 4065 4071 4099 
5803 2 3897 
5806 83 3873 3885 3897 4037 
5804 33 3897 
5805 16 3897 
5807 27 3803 3897 
5808 6 3897 
5809 21 3897 
5810 29 3873 3897 4037 
5811 79 3726 3830 3897 
5812 41 3897 4099 
5813 2 3897 
5814 144 3770 3830 3897 3919 3962 4037 
5815 5 3897 
5816 84 3726 3792 3842 3897 4037 4099 
5817 75 3897 3976 4134 
5818 67 3792 3873 3897 4099 
5819 61 3830 3842 3897 3922 4041 4175 
5820 20 3897 
5821 22 3897 4065 
5822 98 3873 3897 3919 3962 
5823 12 3897 
5824 41 3792 4037 
5827 15 4175 
5857 92 3976 4041 4099 
5859 16 3830 
5862 24 3976 4175 
5590 5 4037 
5892 2 4037 
5896 10 3922 
5913 5 3976 4037 4041 
5915 52 3752 3976 4071 
5916 9 3976 
4927 1 3976 
5914 2 3976 
5871 50 3976 
5917 1 3976 
5919 2 4037 
5921 4 4037 
5923 3 4037 
5927 10 4037 
5934 42 3873 3919 4065 
5935 11 3873 
5936 2 4175 
5940 13 4175 
5952 14 3885 
5981 6 4099 
5993 3 4037 
5998 81 3803 3962 
5999 20 4037 
6006 68 3962 4037 
6013 3 4175 
4409 7 4175 
6014 1 4175 
6015 3 4175 
6016 10 4071 4175 
6017 2 4175 
6018 1 4175 
6019 1 4175 
6020 25 3873 
6024 17 4037 
6030 1 4041 
6031 2 4041 
6032 80 3726 4037 4041 4071 
5978 1 4041 
6033 1 4041 
6034 1 4041 
6036 1 4041 
6037 1 4041 
6035 1 4041 
6043 39 3962 
6064 4 3919 
6072 54 4037 
6068 32 3962 4037 
6075 18 3873 
6082 18 4065 
6097 26 4099 
6119 3 4037 
6151 13 4037 
6160 3 4037 
6165 4 4134 
6170 14 4134 
6174 10 3962 
6179 7 4065 
6200 6 4037 
6202 3 4037 
6207 4 4099 
6216 5 4099 
6217 31 3792 3842 3919 4065 4099 
6218 53 3962 4037 
6220 18 3803 
6221 31 3962 4037 4071 
6229 19 4037 
6239 5 3873 
6240 1 3873 
6241 75 3873 3962 3969 
6242 5 3873 
6243 35 3752 
6270 88 3803 3885 4009 4037 4099 4134 
6272 76 4099 
6280 52 3726 3885 
6305 190 3770 3803 3842 3885 3919 4037 4099 
6320 23 3969 
6323 44 4134 
6334 4 3792 
6346 17 3792 3919 
6359 81 3726 3792 3830 4037 4065 
6360 35 3809 4037 
6327 108 3726 3792 3803 3809 4037 
5965 3 4037 
6414 21 4037 
6421 23 3919 
6440 3 4099 
6443 70 4037 4071 4099 4134 
6445 7 4037 
6447 12 4099 
6458 28 4037 4099 
6477 1 4099 
6479 13 4037 4099 
6478 1 4099 
6486 85 3726 3919 
6494 101 3752 3792 4065 4071 
6500 8 3792 
6501 17 3842 
6518 33 3885 
6523 33 3962 4037 
6460 58 3962 
6548 10 3842 4071 
6563 58 3803 3962 4037 
6577 10 4134 
6552 29 4071 
6596 177 3752 3962 4037 4071 
6608 18 3830 4065 
6618 91 3803 4037 
6619 104 3726 
6613 9 3809 4037 
6614 2 4037 
6615 160 3726 3792 3809 3885 4037 
6616 18 4037 
6624 135 3726 3752 3885 3962 3969 4037 4071 
6627 50 4065 
6630 1 3919 
6636 2 4037 
6635 9 3752 
6643 2 4037 
6646 4 4037 
6649 26 3792 4037 4134 
6657 11 3962 
6665 29 3830 4065 
6711 7 3803 
6714 100 3726 3809 3885 
6758 10 3830 
6760 2 3830 
6759 3 3830 
6761 1 3830 
6766 22 3885 
6772 77 3885 4134 
6780 6 4071 
6784 42 3792 3885 
6801 6 3752 
6834 2 4037 
6859 11 4037 
6620 93 3726 3792 3803 3809 4037 4134 
6861 2 3792 
6862 1 3792 
6863 2 3792 4037 
6864 2 3792 
6866 4 3792 
6865 19 4009 
6885 19 4037 
6747 4 4037 
6886 7 3803 4037 
6896 4 4134 
6900 31 4037 
6902 28 3752 4037 
6913 44 3803 4037 
6914 95 3885 3962 
6906 49 3726 4037 
6907 191 3726 3752 3885 3962 3969 4037 4071 
6916 54 3770 4037 
6918 29 3962 
6934 65 4009 4037 
6938 4 4134 
6940 1 4134 
6941 57 3726 3969 4037 4134 
5529 39 4071 4134 
6316 19 4037 
6971 6 4009 
6975 10 3962 4037 
6976 41 4037 
6991 18 3809 
6993 81 3752 3885 3962 4071 
7005 13 3962 4037 
7052 142 3726 3752 3803 3962 3969 4071 
7047 161 3962 4037 4071 
7055 98 3752 3885 3969 
7057 118 3885 3962 3969 4037 4071 
7038 7 3809 
7080 70 3885 3962 
7086 123 3726 4037 4071 
7090 11 3803 
7092 93 3726 3885 3962 3969 4037 4071 
7100 15 4037 
7104 15 3726 
7106 4 3726 
7110 5 3885 
7113 12 3752 
7117 7 4037 
7124 1 4037 
7125 1 4037 
7127 2 4037 
7128 2 4037 
7129 11 4037 
7136 2 4037 
7130 2 4037 
7137 1 4037 
7131 24 3962 4037 
7126 3 4037 
7132 30 4037 
7133 1 4037 
7138 2 4037 
7134 3 4037 
7139 3 4037 
7140 1 4037 
7135 1 4037 
6994 19 3726 
7164 4 3962 
7188 14 3726 
7198 8 4037 
7225 47 4071 
7227 12 3962 
5143 16 3726 
7231 101 3752 3885 3962 4071 
7239 21 3969 
7253 4 4037 
7262 11 3969 
7271 3 4037 
7280 89 3752 3962 4071 
7295 13 4071 
7301 27 4071 
7294 39 3962 
7335 15 3962 
7378 38 3962 4037 
7387 4 3962 
7390 24 3962 
7400 15 3885 
7405 18 3962 4037 
7421 9 4037 
7424 4 4037 
7425 7 4037 
7443 10 3962 
7449 39 3752 3962 
7452 3 4037 
7181 2 4037 
7180 4 4037 
7511 16 3752 4037 
7518 3 4037 
7564 31 4037 
7578 28 3962 4037 4071 
7597 4 4037 
7598 33 3752 3962 
7605 3 3752 
7614 39 3752 3962 
7659 6 3962 
7675 25 3770 
7677 12 4037 
7682 36 4037 
7691 19 3752 3962 4071 
7697 19 3962 
7719 4 4071 
7727 30 3962 4037 4071 
7733 45 3962 4037 
7743 13 4037 
7744 50 3770 3962 4037 
7768 11 3752 3962 
7769 19 3752 3962 4071 
7774 35 4037 
7808 12 3752 3770 3962 4037 
7818 23 3752 4071 
7862 11 4037 
7873 6 4071 
7874 4 4071 
7877 6 4037 
7882 11 3752 3962 
7885 6 4037 
7900 27 4037 
7901 30 4037 
7903 4 4037 
7906 10 4037 
7910 4 3962 
7915 1 3962 
7916 2 3962 
7929 4 4037 
7933 4 4037 
7993 2 4037 
8012 7 4037 
8061 5 4037 
8066 3 4037 
8092 5 4037 
8098 1 4037 
8099 1 4037 
8100 1 4037 
8101 1 4037 
8102 1 4037 
8108 1 4037 
8103 1 4037 
8104 1 4037 
8105 1 4037 
8111 2 4037 
8112 2 4037 
8106 1 4037 
8107 13 4037 
8114 1 4037 
8115 1 4037 
8109 1 4037 
8110 1 4037 
