30 5 7478 
6 302 7161 7632 
15 50 7632 
24 309 7119 7143 7144 
36 227 7115 7289 7632 
42 89 7108 
44 44 7092 
29 150 7119 7295 
60 9 7624 
72 164 7279 7478 7620 7632 
86 122 7553 
87 195 7381 7478 7649 7662 
99 24 7574 7588 7632 
103 68 7381 7553 7618 
68 275 7094 7115 7168 7233 7341 7544 7553 7620 7632 
109 190 7092 7101 7115 7168 7185 7225 7280 7373 7393 7400 7414 7553 7620 7632 7649 7662 7668 7694 
122 213 7553 7699 
113 89 7651 
127 132 7632 
133 10 7632 
136 99 7301 7442 7553 7620 
147 58 7092 
155 28 7116 7400 7493 7587 7604 7647 7648 7651 7652 7672 7701 
173 334 7092 7649 
178 63 7699 
182 79 7620 
166 93 7574 7695 7699 
199 17 7279 7442 
231 50 7553 
237 41 7414 
259 56 7115 
265 31 7478 7587 
280 76 7632 
311 321 7620 7624 7632 
335 46 7443 7497 7587 7688 
336 31 7450 
371 117 7277 7422 7478 
395 42 7115 7414 7512 7553 
406 34 7094 
407 145 7306 
425 79 7108 7131 7351 7422 7442 7553 7587 7632 7707 
432 157 7443 
434 6 7351 7381 
457 732 7092 7094 7237 7238 7279 7280 7341 7351 7381 7389 7400 7414 7450 7478 7491 7529 7544 7553 7561 7587 7624 7649 7662 
545 24 7620 7646 
580 30 7092 7144 7400 7587 7662 
600 214 7115 
633 55 7587 
667 19 7553 
722 264 7553 
737 232 7094 7115 7116 7162 7185 7186 7225 7233 7279 7295 7323 7341 7351 7373 7386 7391 7397 7422 7442 7449 7450 7493 7517 7544 7553 7567 7574 7588 7593 7618 7620 7632 7647 7649 7651 7658 7666 7669 7673 7675 7694 7699 
742 93 7214 7225 7277 7662 7691 7707 
749 66 7115 7587 7618 7632 7683 
766 773 7092 7101 7115 7116 7119 7143 7144 7168 7214 7237 7238 7277 7280 7341 7381 7400 7414 7443 7450 7478 7493 7510 7561 7618 7624 7632 7646 7649 7651 7662 7683 7694 7695 7699 7707 
762 50 7378 7587 7620 7632 7699 
825 165 7250 
854 99 7092 
856 91 7351 7620 
852 39 7632 
886 3 7699 
469 10 7131 
896 26 7094 
909 12 7407 7422 7439 7478 
948 29 7624 
967 16 7620 
988 292 7233 7391 7620 
996 297 7092 7094 7108 7373 7620 
1000 60 7436 
1003 18 7115 7699 
1009 44 7225 7400 
1037 86 7225 7620 7632 
1043 21 7115 
1055 196 7478 7497 7544 7553 7683 7699 7707 
1075 74 7131 
1097 88 7450 
1098 305 7092 7094 7108 7110 7120 7131 7186 7201 7233 7262 7277 7323 7351 7378 7381 7386 7391 7397 7414 7478 7553 7574 7587 7618 7620 7634 7646 7647 7651 7662 7666 7675 7701 7707 
1132 57 7108 7378 7553 7620 7699 
1133 399 7092 
1142 48 7115 7168 7277 
1151 472 7092 7115 7119 7143 7144 7277 7280 7341 7414 7587 7649 
1164 39 7386 
1166 599 7092 7094 7108 7168 7279 7280 7373 7442 7553 7620 7662 7699 7707 
1200 107 7707 
1215 65 7131 7168 7544 7620 7632 7699 
1286 65 7553 
1305 290 7108 
1359 3 7168 
1353 30 7131 
1358 18 7478 
1374 462 7088 7092 7094 7108 7120 7131 7214 7225 7233 7237 7277 7280 7295 7301 7351 7373 7378 7386 7391 7400 7443 7510 7512 7529 7544 7553 7561 7587 7620 7632 7646 7649 7651 7683 7699 7707 
1385 35 7092 7279 7351 7478 7694 7699 
1395 199 7649 
1470 156 7092 7553 
1473 91 7092 7115 
1496 210 7632 
1498 6 7651 
1539 5 7673 
1542 244 7115 7279 7301 7381 7414 7449 7478 7649 7662 7691 
1549 587 7115 7168 7185 7237 7478 7510 
1010 6 7400 
1612 68 7094 7162 7262 7277 7280 7306 7517 7544 
1621 80 7386 7620 
1644 48 7699 
1661 66 7092 7497 
1667 55 7378 7491 7553 
1647 19 7131 
1691 50 7115 
1701 112 7131 7381 
1707 34 7632 
1717 96 7168 
1722 14 7587 
1733 42 7143 7620 7632 7699 
1734 55 7632 7651 
1748 76 7386 
1762 47 7647 
1767 97 7131 
1769 67 7478 7683 
1795 44 7186 
1796 38 7094 7168 
1811 43 7092 7280 7587 
1813 41 7279 
1814 105 7168 7553 7699 
1816 10 7620 
1823 49 7116 7707 
1835 73 7115 
1847 47 7146 7168 
1865 6 7386 
1879 13 7414 7422 7624 
1896 51 7144 7553 7707 
1922 204 7289 
1982 29 7553 7620 7658 
1995 3 7497 
2009 63 7279 7553 
2010 27 7277 7443 7694 
2062 121 7478 
2120 122 7146 7277 7323 7632 
2135 146 7587 7632 
2144 23 7632 
2145 145 7279 7632 7651 7699 
2174 65 7620 
2186 61 7108 
2192 5 7131 
2215 15 7108 
2223 15 7553 
2233 36 7695 
2240 108 7517 7620 7651 7662 
2249 38 7295 7301 
2258 95 7119 7143 7373 7422 7478 
2153 4 7168 
2264 58 7115 7620 
2276 32 7478 7490 7632 
2285 17 7478 
2297 164 7168 7341 7587 7632 
2299 67 7092 
2323 111 7277 
2328 215 7131 7400 7414 7553 
2369 189 7088 7092 7116 7131 7146 7168 7214 7238 7279 7386 7389 7512 7553 7620 7632 7649 7666 
2371 124 7561 7632 
2384 72 7694 
2387 66 7143 7144 7561 
2410 34 7632 
2411 141 7304 
2417 7 7168 
2113 7 7561 
2440 50 7620 
2452 42 7116 7225 7351 7393 7414 7553 7587 7632 7662 7683 7701 
2456 31 7115 7624 
2481 8 7649 
2485 324 7092 7351 7400 7422 7478 7510 7561 7620 7624 7649 
2502 30 7115 
2504 100 7092 
2511 8 7647 7649 7688 
2518 4 7115 
2547 105 7115 
2549 70 7092 7131 
2560 180 7277 7400 7443 7544 7587 7647 7648 7649 7651 7652 7694 7695 7699 7707 
2565 893 7088 7092 7094 7101 7108 7110 7115 7116 7119 7120 7131 7143 7144 7186 7201 7214 7225 7233 7237 7238 7277 7279 7280 7295 7301 7319 7341 7351 7362 7373 7378 7381 7386 7389 7391 7400 7414 7422 7442 7443 7450 7478 7497 7510 7512 7517 7529 7544 7553 7561 7567 7574 7587 7588 7593 7618 7620 7624 7632 7634 7646 7649 7651 7658 7662 7666 7668 7673 7683 7694 7695 7699 7701 7707 
2576 146 7120 7443 7620 7699 
2585 60 7168 
2595 49 7362 7478 
2474 142 7168 
2599 9 7632 
2619 46 7092 7277 7381 
2651 269 7632 
2658 307 7088 7092 7116 7131 7233 7237 7279 7341 7351 7373 7378 7381 7391 7400 7414 7422 7436 7442 7450 7478 7497 7510 7512 7529 7553 7561 7587 7620 7624 7647 7648 7651 7652 7683 7694 7695 7699 7707 
2674 103 7381 
2677 40 7301 
2660 164 7115 
2694 18 7618 7620 
2738 3 7423 
2765 29 7649 
2774 46 7510 7632 
2811 19 7604 
2544 11 7553 
2833 7 7561 
2839 5 7422 
2851 44 7553 
2886 3 7694 
2907 6 7632 
2908 12 7301 7620 7632 
2909 57 7168 
2932 62 7301 
2931 2 7316 
2940 123 7116 7162 7254 7277 7301 7389 7618 
2936 8 7517 
2958 47 7620 
2968 55 7620 7699 
2972 357 7101 7115 7116 7119 7162 7185 7186 
2983 28 7391 
2707 103 7301 7647 
3027 39 7450 7478 
3032 216 7120 7378 7478 7574 7587 7620 
3057 48 7092 7301 7649 
3073 34 7290 7632 
3084 62 7277 7280 7443 7620 7649 
3088 37 7389 
3092 81 7092 7146 7168 7699 
3106 5 7108 
2003 63 7233 7279 7301 7440 7620 
3142 49 7389 7391 7553 7620 
3227 19 7587 
3238 28 7624 7632 
3274 69 7092 7277 7351 
3297 51 7092 7397 7620 
3310 18 7391 7587 
3320 5 7442 
3321 18 7493 7694 
3334 13 7381 7632 
3348 25 7092 7442 7588 
3366 63 7115 
3367 3 7400 
3378 41 7694 
3381 180 7088 7094 7101 7108 7115 7119 7143 7144 7214 7237 7279 7280 7295 7301 7373 7378 7381 7414 7422 7443 7450 7478 7510 7512 7529 7618 7624 7632 7646 7647 7651 7662 7694 7695 
3392 33 7620 
3394 156 7620 
3404 89 7092 7624 
3439 88 7632 
3447 271 7092 7101 7108 7144 7186 7222 7262 7290 7351 7381 7414 7510 7662 7694 
3453 319 7225 7238 7553 7620 7624 7632 
3456 241 7168 7214 7225 7393 7400 7414 7450 7553 7620 
3457 166 7115 7131 7237 7306 7400 7442 7478 7561 7587 
3458 69 7618 
3459 92 7116 7301 
3460 22 7131 7510 
3462 54 7478 
3466 17 7088 
3478 42 7115 
3498 114 7478 7553 7587 7632 
3521 29 7632 
3522 71 7225 
3527 64 7108 7214 
3562 40 7632 
3587 15 7567 7708 
3586 156 7092 7110 7119 7143 7144 7168 7185 7237 7301 7351 7381 7400 7414 7436 7553 7587 7632 7651 7662 
3593 26 7101 7115 7143 7144 
3600 12 7279 7478 
3601 52 7620 7632 7699 
3607 24 7143 7168 
3614 205 7092 
3615 144 7683 
3631 91 7391 7553 
3634 82 7295 7301 7561 
3635 63 7378 
3641 212 7092 7108 7632 
3642 362 7092 7094 7108 7115 7131 7168 7185 7201 7225 7233 7295 7304 7351 7373 7378 7442 7478 7497 7510 7553 7587 7620 7632 
3658 39 7512 
3662 10 7512 
3665 20 7553 
3683 6 7478 
3691 95 7110 7161 7186 7306 7378 7387 7422 7423 7440 7450 7497 7587 7632 
3723 7 7587 7632 
3571 45 7233 7553 
3752 15 7662 
3770 22 7214 7222 7295 
3786 99 7632 
3787 232 7225 7277 7280 7378 7391 7422 7478 7497 7517 7529 7544 7553 7587 7620 7632 7699 
3803 10 7101 7115 
3813 94 7168 7632 
3872 15 7553 
3877 13 7092 
3910 33 7094 7108 7478 7587 7620 
3916 42 7225 7620 
3917 29 7553 
3922 7 7295 
3956 85 7632 7651 
3965 89 7101 7225 7422 7620 7632 7707 
3969 90 7214 7316 7553 7620 7624 
3976 145 7185 7201 
3982 20 7115 
4036 147 7101 7381 7400 7414 7587 7620 7699 
4037 15 7699 
4040 104 7233 7280 7351 7443 7662 
2981 44 7120 7149 7381 7632 
4045 257 7101 7108 7115 7119 7143 7144 7162 7214 
4046 89 7088 7092 7108 7168 7185 7254 7257 7295 7373 7381 7400 7620 7675 7683 
4065 131 7094 7280 7351 
4071 17 7092 7553 7632 
4099 155 7092 7553 7632 
4110 4 7553 
4116 12 7632 
4124 50 7478 
4129 2 7688 
4140 12 7233 
4151 84 7115 7280 7443 7553 
4162 16 7620 7632 
4169 9 7262 7351 
4191 20 7632 
4192 7 7094 
4200 5 7144 
4211 65 7237 7295 7362 7478 7553 
4224 17 7620 
4221 42 7510 7699 
4273 23 7315 
4297 38 7168 7620 7632 
4335 32 7632 
4347 55 7341 7517 7574 7620 7701 
4353 80 7092 7301 
4361 6 7115 7201 
4364 39 7351 
4398 9 7092 7544 7561 
4422 15 7108 7517 7620 
4437 70 7115 7119 7237 7295 7301 7351 7373 7587 7620 
4441 202 7108 7116 7238 7277 7279 7280 7443 7449 7544 7553 7618 7620 7624 7632 7646 7649 7662 7683 7695 7699 7707 
4447 14 7553 7561 
4451 9 7092 7115 
4455 22 7108 7632 
4456 4 7351 
4485 12 7292 
4483 153 7092 7237 7280 7289 7373 7381 7414 7553 7624 7632 7651 7662 7694 
4488 50 7238 
4496 3 7351 
4524 9 7144 7279 
4527 14 7257 
4530 9 7632 
4536 81 7168 7378 7553 7632 7649 
4542 9 7434 
4574 40 7632 
4598 71 7225 7279 7478 7553 7620 
4604 7 7624 
4616 7 7632 
4632 228 7092 7094 7143 7295 7341 7351 7373 7381 7391 7510 7587 7618 7620 7624 7646 7647 7695 7699 
4662 46 7143 7620 7699 
4669 13 7254 
4681 20 7092 
4709 25 7119 7510 
4717 62 7131 7277 7381 7618 7620 
4712 121 7088 7092 7144 7168 7214 7225 7237 7279 7373 7422 7478 7553 7587 7632 7673 7699 7707 
4739 11 7478 
4760 7 7110 7119 
4764 53 7092 7143 7233 7279 7373 7662 
4771 3 7277 
4788 20 7389 7649 
4792 62 7092 7185 7280 7414 7574 7632 
4814 20 7295 7301 
4829 78 7624 
4832 7 7478 
4843 24 7478 
4879 28 7279 7362 7378 7386 7397 7414 7553 7557 7561 7587 
4884 4 7632 
4894 79 7362 
4899 169 7373 7381 
4915 6 7414 
4943 31 7092 7301 
4948 214 7092 7233 7238 7279 7341 7389 7391 7400 7414 7443 7510 7561 7632 7694 7695 
4964 60 7101 7149 7204 7214 7243 
4966 25 7624 7699 
4967 361 7101 7115 7119 7143 7144 7168 7214 7561 
4974 44 7414 7624 7642 
4981 53 7092 7341 7510 7553 7587 
4988 23 7632 
4992 4 7279 
4994 19 7381 7414 7649 
5002 115 7092 7115 7119 7143 7144 7186 7301 7373 7414 7442 7553 7620 7652 7662 
5016 10 7092 
5020 139 7168 7478 7553 7632 
5024 4 7092 
5028 43 7092 7115 7116 7618 7620 7632 7683 
5053 52 7088 7116 7381 7561 7587 7620 7624 7632 7651 7662 
5054 2 7119 
5059 26 7094 7110 7143 7289 7290 7301 7306 7318 
5068 10 7381 
5079 271 7108 7238 7295 7319 7478 7553 7632 7699 
5096 14 7238 
5099 14 7604 
5106 33 7280 7297 7365 7397 
5102 54 7115 7168 7201 7225 7280 7553 7561 7618 7620 
5103 127 7092 7108 7115 7116 7225 7233 7237 7280 7295 7386 7391 7414 7443 7510 7512 7529 7544 7553 7587 7618 7620 7624 7647 7649 7651 7694 
5114 4 7386 
4828 168 7315 7373 7386 7414 7553 7587 7593 7604 7634 
5123 69 7168 7632 7691 7699 
5125 54 7094 
5140 51 7378 7587 
5162 5 7553 
5166 48 7092 7119 7131 7620 
5172 29 7092 7553 
5173 122 7092 7108 7119 7146 7225 7238 7279 7295 7301 7351 7373 7378 7389 7400 7414 7422 7497 7512 7529 7553 7620 7632 7647 
4795 73 7101 7108 7257 7351 7391 7699 
5177 101 7414 7620 7632 
4310 278 7094 7101 7115 7116 7119 7143 7144 7168 7214 7237 7238 7277 7351 7378 7381 7386 7400 7450 7497 7587 7618 7620 7651 7653 7699 7707 
5179 217 7088 7092 7144 7233 7237 7250 7373 7517 7544 7553 7587 7620 7632 7642 7646 7662 7683 7699 
5185 152 7301 7351 7414 
5188 211 7092 7101 7115 7119 7143 7144 7168 7233 7301 7553 7695 
5189 312 7092 7094 7101 7115 7120 7131 7214 7289 7323 7373 7378 7414 7478 7498 7510 7553 7618 7620 7624 7632 7662 7683 7695 7699 7701 
5196 32 7279 7414 7561 7632 7646 
5199 22 7279 7378 7587 7647 7649 7669 
5200 15 7553 
5201 15 7478 7498 7520 7632 
5215 8 7279 7414 7553 
5233 24 7092 7301 
5246 44 7301 7620 
5254 33 7144 7620 7632 
5262 59 7707 
5289 6 7092 
5295 22 7225 7620 7632 
5301 61 7131 7351 7373 7381 7422 
5306 1 7092 
5316 24 7662 
5342 30 7632 7647 
5386 3 7512 
5404 40 7295 7620 7646 7699 
5401 3 7301 
5423 48 7381 7646 
5445 63 7088 7131 7146 7277 7280 7301 7315 7359 7393 7449 7553 7620 7634 7651 7699 7707 
5446 26 7088 7279 7478 7512 7553 7620 7699 
5452 17 7115 
5454 19 7373 7381 
5472 16 7510 
5479 28 7620 7632 
5484 22 7092 
5485 21 7092 7386 
5489 12 7092 7115 7553 
5501 3 7478 
5524 389 7088 7092 7094 7101 7108 7115 7119 7131 7143 7162 7168 7185 7186 7214 7225 7233 7237 7277 7279 7280 7295 7301 7304 7341 7351 7362 7373 7378 7381 7386 7391 7393 7400 7414 7422 7436 7442 7443 7450 7478 7497 7510 7512 7529 7544 7553 7557 7587 7588 7618 7620 7624 7632 7646 7649 7651 7662 7683 7694 7695 7699 7707 
5531 243 7088 7094 7108 7115 7143 7149 7279 7351 7373 7378 7397 7414 7422 7450 7478 7510 7512 7553 7561 7587 
5543 137 7092 7101 7119 7131 7143 7279 7373 7414 7478 7510 
5551 8 7391 7624 
5553 46 7119 7386 
5582 105 7108 7119 7143 7144 7214 7301 7306 
5596 30 7108 7359 7520 
5605 11 7632 
5612 66 7683 
5616 15 7108 7214 
5617 22 7553 7632 
5620 7 7092 7688 
5630 36 7131 
5655 139 7116 7146 7214 7222 7237 7243 7246 7254 7257 7262 7273 7279 7289 7304 7306 7315 7316 7359 7362 7373 7378 7386 7440 7498 7510 7529 7534 7544 7557 7588 7620 7632 7642 7648 7653 7666 7668 7669 7673 7675 7688 7695 
5656 5 7359 
5658 10 7699 
5692 21 7143 
5697 230 7094 7101 7115 7119 7144 7185 7214 7362 7393 7553 7620 
5714 44 7115 7168 
5721 10 7115 7119 7143 7144 
5738 14 7391 
5741 13 7295 7620 
5761 9 7279 
5768 13 7391 7620 
5775 42 7115 7277 7378 7510 7632 
5772 15 7168 
5773 75 7092 7094 7101 7119 7120 7143 7144 7162 7185 7315 7414 7436 7593 7632 7662 7668 
5776 14 7149 7237 7391 7529 7553 7701 
5790 1 7699 
5796 191 7092 7115 7225 7279 7301 7351 7381 7414 7443 7553 7561 7567 7620 7632 7651 
5800 222 7092 7101 7110 7116 7119 7120 7144 7162 7185 7201 7214 7238 7262 7277 7280 7295 7341 7351 7373 7389 7400 7422 7443 7491 7493 7520 7529 7544 7553 7561 7574 7583 7587 7588 7620 7646 7651 7694 7699 
5802 385 7088 7092 7094 7101 7108 7110 7115 7116 7119 7131 7143 7144 7168 7186 7214 7225 7233 7237 7246 7277 7279 7280 7295 7301 7304 7351 7362 7373 7378 7381 7391 7397 7400 7414 7422 7436 7442 7443 7449 7450 7478 7491 7497 7510 7512 7529 7544 7553 7557 7561 7587 7593 7618 7620 7624 7632 7646 7647 7649 7651 7652 7662 7666 7673 7694 7707 
5806 83 7092 7225 7279 7295 7315 7319 7341 7373 7381 7400 7414 7422 7439 7497 7498 7510 7520 7529 7533 7553 7574 7583 7587 7620 7653 7688 7691 
5804 33 7115 7116 7204 7243 7386 7648 
5807 27 7094 7101 7115 7116 7434 7440 7498 7534 
5810 29 7237 7620 
5811 79 7108 7149 7254 7295 7304 7351 7381 7407 7414 7423 7434 
5814 144 7092 7110 7116 7225 7233 7237 7280 7414 7434 7508 7544 7553 7587 7593 7618 7620 7632 7651 7699 
5815 5 7510 
5816 84 7094 7115 7168 7279 7422 7478 7510 7553 7632 7683 
5817 75 7143 7168 7185 7186 7295 7301 7351 7373 7553 
5819 61 7238 7400 7553 7620 
5820 20 7280 7393 7449 7707 
5821 22 7478 
5822 98 7168 7225 7237 7238 7295 7301 7315 7351 7381 7386 7414 7422 7510 7632 7646 7649 7651 7662 7683 7690 7699 
5823 12 7478 
5827 15 7143 7277 7662 
5839 41 7092 7620 7632 7649 7653 7662 
5857 92 7351 7510 7553 7561 7632 7699 
5872 27 7116 7506 7510 7553 7561 7587 7618 7624 
5896 10 7707 
4767 14 7092 
5908 19 7238 7389 7553 7632 
5915 52 7092 7277 7280 7386 7443 7449 7649 7694 7701 
5871 50 7225 7553 7587 7620 7632 
5920 10 7517 
5922 7 7561 
5928 4 7620 
5927 10 7544 7588 
5932 33 7101 7225 
5934 42 7651 
5940 13 7115 7632 
5952 14 7237 7238 7378 7620 7632 
5969 5 7092 7649 
5984 10 7553 
5988 4 7131 7279 7478 
5998 81 7092 7101 7115 7119 7143 7225 7279 7280 7389 7443 7510 7553 7707 
5999 20 7620 7632 
6000 10 7168 7632 
6006 68 7092 7108 7233 7279 7280 7341 7422 7443 7478 7510 7553 7699 
6016 10 7092 
6020 25 7092 7277 7280 7443 
6024 17 7131 
6032 80 7092 7116 7131 7201 7233 7238 7280 7295 7351 7386 7397 7400 7544 7553 7618 
6029 2 7699 
6043 39 7092 7280 7400 7443 7544 7694 
6045 7 7378 7553 
6064 4 7517 
6071 3 7632 
6072 54 7092 7225 7544 7620 7707 
6068 32 7092 7280 7620 
6098 1 7306 
6097 26 7101 7144 7214 7295 7478 7632 7651 
6151 13 7301 7587 7620 7624 7632 
6156 22 7131 
6180 3 7478 
6198 14 7351 7414 
6216 5 7624 
6218 53 7092 7168 7553 7587 7620 7632 
6221 31 7092 7414 7478 7517 7561 7620 7632 
6229 19 7092 7301 7478 7544 7649 
6241 75 7092 7116 7237 7277 7280 7362 7381 7400 7414 7443 7497 7561 7590 7593 7604 7620 7632 7651 7662 7694 7695 
6245 8 7116 7587 7632 
6243 35 7092 7414 7632 7699 
6270 88 7161 7185 7257 7304 7319 7323 7341 7351 7381 7397 7414 7442 
6272 76 7092 7279 7414 7478 7510 7553 7620 7632 7662 7699 
6274 9 7649 
6280 52 7088 7116 7131 7279 7295 7351 7362 7373 7378 7381 7414 7442 7450 7478 7497 7512 7529 7587 7618 7620 7632 
6299 78 7185 7295 7351 7359 7553 7587 7620 7632 7688 
6305 190 7108 7144 7233 7277 7279 7295 7301 7373 7378 7491 7517 7544 7553 7620 
6320 23 7092 7214 7225 7237 7646 
6323 44 7378 7381 7414 7510 7553 7620 
6359 81 7108 7214 7246 7257 
6360 35 7108 7119 7143 7144 7214 7323 7442 
6298 7 7632 
6327 108 7094 7101 7108 7115 7119 7143 7144 7168 7214 7215 7246 7295 7319 7323 
6398 29 7185 7225 7243 7254 7553 7620 
6408 3 7144 7149 
6414 21 7116 7553 7574 7587 7620 7632 
6415 4 7510 
6421 23 7393 7701 
6442 4 7567 7620 
6443 70 7108 7115 7131 7168 7214 7238 7301 7510 7517 7553 7587 7620 7632 7646 7699 
850 4 7400 7632 
6458 28 7108 7115 7225 7386 
6459 2 7108 
6474 1 7649 
6484 10 7092 
6486 85 7108 7143 7162 7185 7214 7237 7246 7301 7304 7306 7315 7365 7381 7386 7391 7400 7414 7436 7439 7491 7529 7553 7587 7588 7620 7632 
6494 101 7092 7101 7115 7279 7280 7301 7319 7351 7362 7373 7386 7400 7414 7443 7618 7620 7624 7642 7653 7688 7695 
6495 2 7316 
6500 8 7301 
6502 12 7115 7624 
6510 54 7351 7442 7544 7553 7587 7620 7647 7694 7707 
6518 33 7092 7277 7279 7422 7553 
6520 2 7280 
6523 33 7115 7414 7620 
6524 8 7478 
6525 17 7119 
6460 58 7092 7277 7386 7414 7442 7491 7497 7498 7701 
6538 21 7116 7529 7620 7632 
6548 10 7092 7381 7544 7553 
6550 9 7238 7553 
6555 35 7092 7146 7214 7225 7243 7351 7414 7434 7553 7632 7651 
5273 12 7632 
6560 43 7092 7214 7381 7386 7414 7553 7632 7701 
6123 24 7185 7204 7254 7381 7414 7439 7497 7498 7624 7632 
6570 4 7301 
6563 58 7108 7144 7214 7233 7279 7378 7436 7618 7620 7646 7651 
6552 29 7168 7323 7414 7620 7632 7699 
6595 12 7279 7414 7632 
6596 177 7092 7094 7116 7120 7225 7233 7238 7277 7280 7341 7351 7386 7389 7391 7397 7443 7544 7553 7574 7587 7618 7620 7624 7632 7646 7647 7648 7649 7651 7652 7662 7668 7683 7688 7694 7695 7699 7707 
6612 7 7115 
6618 91 7094 7101 7115 7116 7119 7131 7144 7161 7238 7243 7262 7279 7280 7306 7318 7381 7389 7414 7490 7529 7533 7553 7561 7604 7620 7632 7683 
6619 104 7092 7101 7108 7115 7116 7144 7162 7185 7186 7214 7237 7279 7295 7306 7315 7323 7341 7362 7373 7381 7386 7387 7397 7400 7414 7423 7436 7439 7440 7508 7510 7529 7553 7593 7624 7632 7642 7648 7651 7658 7662 
6613 9 7587 7620 
6615 160 7101 7108 7115 7119 7131 7143 7144 7168 7185 7186 7201 7214 7243 7279 7280 7295 7301 7304 7306 7315 7319 7351 7362 7373 7381 7386 7397 7414 7422 7423 7436 7439 7442 7443 7449 7450 7478 7544 7695 7699 7707 
6616 18 7301 7557 
6622 5 7146 
6624 135 7092 7131 7225 7237 7277 7280 7378 7381 7400 7414 7443 7450 7478 7510 7512 7529 7533 7544 7561 7587 7618 7620 7624 7632 7646 7649 7651 7662 7683 7694 7695 
6627 50 7094 7115 7378 7529 7587 7588 7620 
6635 9 7478 7662 7699 
6646 4 7301 7478 
6655 7 7301 7478 
6649 26 7110 
6657 11 7279 
6665 29 7101 7108 7116 7214 7618 7620 7624 
6671 4 7131 
6676 6 7092 7620 
6695 2 7632 
6702 10 7225 7381 
6711 7 7115 7119 
6712 11 7443 7544 7675 
3293 10 7620 
6713 4 7092 
6714 100 7088 7131 7214 7237 7262 7279 7295 7301 7315 7351 7365 7373 7378 7381 7414 7422 7423 7442 7450 7478 7491 7497 7510 7512 7520 7553 7561 7618 7620 7632 7646 7651 7662 
6611 15 7101 7215 
6734 2 7632 
6736 33 7620 
4401 9 7393 
6758 10 7279 7407 7478 7632 
6759 3 7669 
6766 22 7185 7306 7378 7512 7520 7561 7583 7587 7624 7695 
6772 77 7185 7225 7279 7289 7306 7423 7497 7553 7620 7632 7642 7662 
6775 3 7632 
6774 24 7386 7414 7553 7620 
6779 3 7478 
6784 42 7088 7092 7131 7279 7414 7422 7442 7450 7497 7512 7620 7651 
6789 11 7295 7414 7442 7449 
6801 6 7414 
6802 3 7243 
6804 6 7237 7414 7561 
6812 2 7662 
6848 14 7101 7143 
6855 14 7094 7185 
6620 93 7094 7101 7108 7115 7119 7143 7144 7168 7185 7186 7201 7214 7257 7301 7304 7306 7632 
6866 4 7695 
6867 5 7373 
6869 1 7214 
6865 19 7620 
6875 15 7443 7553 7561 
6885 19 7422 7553 7620 7646 7707 
6886 7 7143 
6900 31 7088 7092 7131 7279 7422 7478 7553 7620 
6902 28 7092 7237 7400 7436 7520 7553 7683 
6913 44 7101 7108 7119 7143 7149 7168 7185 7214 
6914 95 7088 7092 7131 7225 7243 7246 7277 7295 7306 7351 7359 7373 7378 7414 7422 7442 7478 7491 7497 7510 7512 7544 7553 7587 
6906 49 7101 7108 7115 7119 7143 7144 7185 7186 7214 7295 7301 7306 7351 7381 
6907 191 7092 7101 7108 7116 7131 7144 7214 7225 7233 7237 7254 7279 7280 7359 7373 7378 7381 7386 7389 7391 7400 7414 7423 7478 7497 7510 7529 7553 7561 7618 7620 7624 7632 7646 7647 7649 7651 7652 7662 7683 7688 7694 7695 7707 
6916 54 7108 7131 7225 7237 7279 7351 7442 7450 7553 7574 7587 7620 7642 
6918 29 7092 7108 7214 7400 7414 7553 7604 7632 
6924 16 7092 7131 7389 7588 
6934 65 7115 7119 7120 7186 7214 7262 7277 7378 7381 7400 7497 7512 7529 7561 7587 7620 7683 
6941 57 7131 7225 7280 7301 7378 7386 7400 7553 7557 7561 7587 7618 7620 7624 7632 
5529 39 7092 7144 7214 7443 7510 7553 7618 7649 7699 
6945 18 7094 7119 7529 7544 7587 
6951 47 7092 7386 7393 7553 7636 7666 
6959 5 7295 
6692 6 7092 
6316 19 7092 7237 7378 7529 7553 
6971 6 7295 
6975 10 7110 7119 
6976 41 7092 7101 7115 7119 7143 7214 7400 7510 7553 7649 
6991 18 7108 7295 7323 
6993 81 7092 7237 7277 7279 7280 7295 7301 7414 7442 7649 7701 
7002 2 7620 
7005 13 7553 7620 
7012 10 7414 
7021 15 7386 7414 
7023 8 7215 7222 7246 
7026 13 7116 7587 
7043 14 7238 7553 7707 
7052 142 7088 7092 7094 7101 7108 7115 7116 7119 7143 7144 7146 7225 7233 7237 7279 7301 7341 7351 7362 7378 7381 7391 7400 7450 7478 7491 7497 7510 7512 7529 7544 7553 7561 7587 7593 7618 7620 7624 7632 7646 7647 7651 7662 7666 7683 7694 7695 7699 7707 
7045 36 7280 7295 7443 7497 7544 7618 7620 7624 7662 7683 7694 7695 7699 
7053 31 7225 7378 7389 7517 7553 7699 
7054 40 7116 7225 7316 7378 7510 7553 7557 7561 7583 7587 7593 7604 7620 7632 7646 7648 7651 7652 7673 7688 7695 7699 
7046 21 7225 7414 7553 7557 7561 7620 7642 7646 7662 7688 7695 
7047 161 7092 7120 7233 7277 7280 7341 7386 7389 7391 7443 7544 7553 7620 7634 7646 7649 7651 7662 7683 7694 7695 7699 7707 
7055 98 7088 7131 7237 7277 7279 7400 7414 7443 7450 7478 7510 7512 7561 7593 7618 7620 7624 7632 7634 7642 7646 7649 7651 7662 7683 7694 7695 7699 7707 
7056 37 7116 7233 7277 7280 7443 7544 7618 7620 7666 7694 
7049 27 7277 7280 7443 7694 
7057 118 7088 7092 7131 7225 7233 7237 7238 7279 7280 7378 7386 7400 7442 7478 7497 7510 7512 7529 7544 7561 7587 7620 7647 7699 7707 
7062 4 7620 
7063 16 7414 7510 7553 7620 
7070 2 7115 
7071 4 7092 7115 7414 
7080 70 7108 7185 7225 7277 7279 7280 7295 7301 7414 7442 7449 7478 7497 7510 7529 7574 7620 7624 7647 7666 7688 
6946 68 7116 7120 7225 7362 7378 7386 7391 7397 7423 7434 7436 7440 7442 7574 7587 7590 7604 7620 7642 7648 7652 7653 7666 7668 7669 7683 7688 7701 
7087 2 7699 
7086 123 7088 7094 7108 7131 7233 7237 7238 7243 7279 7341 7378 7389 7391 7414 7422 7450 7478 7491 7497 7510 7512 7517 7529 7553 7561 7620 7646 
7088 5 7533 7632 7699 
7090 11 7225 7378 7529 7553 
7092 93 7131 7144 7162 7185 7214 7225 7237 7243 7280 7301 7378 7389 7400 7414 7443 7510 7553 7557 7561 7587 7618 7624 7632 7649 7651 7662 
5015 14 7620 7646 
7089 2 7301 
7096 5 7529 
7098 1 7101 
7099 18 7101 7214 7400 
7100 15 7101 7115 7119 7143 7144 7301 
7103 1 7108 
7104 15 7108 7214 7301 
7106 4 7108 
7107 2 7108 7273 
7109 2 7115 7510 
7110 5 7092 7115 
7111 1 7115 
7112 1 7115 
7113 12 7115 7237 7439 7529 7587 
7114 1 7115 
7118 1 7119 
7117 7 7119 7143 7144 
7120 18 7386 7544 7634 7651 7683 7695 7699 7707 
7121 7 7279 
7127 2 7301 
7129 11 7290 7587 7666 
7131 24 7092 7280 7414 7553 7587 
7132 30 7131 7257 7280 7304 7306 7362 7407 7423 7561 7567 7666 
7138 2 7214 
7134 3 7373 7587 
7139 3 7214 
6986 1 7143 
7142 4 7143 7144 
7145 1 7144 
7146 1 7144 
7153 12 7373 
6994 19 7161 7214 7222 7250 7289 7290 7301 
7163 2 7162 7254 
7165 3 7168 
7166 1 7168 
7167 1 7168 
7172 2 7649 
7175 2 7131 
7178 2 7587 
7179 2 7131 
7176 4 7116 7185 7620 
7183 9 7225 
7184 2 7185 
7188 14 7315 7351 7386 7397 
7190 1 7191 
6889 5 7233 7701 
7194 1 7195 
7198 8 7707 
7210 1 7214 
7211 1 7214 
7212 1 7214 
7225 47 7092 7237 7378 7386 7400 7449 7508 7510 7529 7553 7620 7632 7652 7662 7699 7707 
7226 4 7553 7557 
7227 12 7225 7277 7533 7587 
7228 7 7225 7561 7620 7662 
7229 7 7400 7553 7557 
5143 16 7225 7246 7250 7273 7289 7557 7651 
7230 4 7632 
7231 101 7116 7131 7225 7237 7277 7279 7280 7386 7400 7414 7443 7450 7478 7490 7498 7510 7544 7587 7593 7604 7618 7620 7624 7632 7642 7646 7649 7651 7658 7662 7673 7683 7694 7695 7699 7707 
7233 22 7386 7389 7407 7422 7529 7683 
7236 23 7088 7378 7478 7529 7553 7588 7620 7632 7662 7695 7699 
7237 15 7233 7391 7498 7529 
7238 9 7233 7620 7624 
7239 21 7116 7131 7237 7279 7478 7497 7553 7561 7587 7620 
7241 21 7238 7279 7373 7561 
7262 11 7400 7557 
7260 3 7262 7301 7478 
7277 4 7493 
7278 4 7414 
7279 19 7225 7237 7280 7443 7587 7588 7694 
7280 89 7092 7225 7233 7277 7386 7393 7440 7443 7588 7590 7620 7649 7652 7662 7666 7668 7669 7683 7691 7699 
7291 1 7292 
7293 4 7301 
5949 3 7301 
7295 13 7277 7301 7386 
7301 27 7092 7694 7707 
7298 2 7301 
7299 1 7301 
7300 1 7301 
7302 2 7092 7301 
7171 9 7092 7553 7632 7662 
7317 15 7146 7295 7318 7323 7341 7351 7387 
7320 1 7319 
7294 39 7225 7393 7400 7414 7510 7620 7632 7651 
7327 6 7295 
7281 12 7277 7295 7510 7529 7632 
7329 2 7295 
7333 1 7295 
7330 2 7295 
7335 15 7381 7414 
7341 2 7414 
7343 12 7414 
7348 2 7561 
7350 21 7381 7414 7553 7561 7618 7624 7695 
7352 15 7092 7378 7386 7544 
7354 4 7351 7478 
7360 1 7351 
7362 8 7116 7381 7587 7618 
7371 2 7373 7567 
7379 7 7088 7237 7381 7529 
7378 38 7225 7277 7381 7386 7553 7587 7620 7632 
7380 3 7279 7381 
7357 9 7233 7391 7553 
7199 2 7632 
7387 4 7553 
7386 25 7280 7387 7434 7553 7567 7620 7649 
7389 2 7450 
7390 24 7225 7280 7423 7442 7443 7620 7632 7646 7647 7651 
7391 52 7120 7233 7237 7341 7443 7529 7544 7553 7604 7620 7649 7683 
7321 3 7389 
7394 5 7620 
7400 15 7225 7414 7450 7553 7632 7662 
7401 3 7510 
7402 5 7632 
7405 18 7443 7618 7624 
7409 10 7553 7632 7646 
7393 12 7092 7225 7414 7553 7651 7662 7695 
7413 2 7279 7414 
7421 9 7238 7279 7422 
7425 7 7553 7649 
7441 3 7442 
7443 10 7092 7280 
7444 3 7450 7620 7632 
6139 1 7450 
7448 1 7450 
7445 1 7450 
7446 1 7450 
7447 1 7450 
7449 39 7277 7279 7341 7393 7450 7508 7553 7574 7642 7649 
7451 1 7131 
7452 3 7131 
7453 1 7131 
7181 2 7131 
7180 4 7131 
7454 1 7131 
7455 4 7131 7237 7510 7529 
7456 1 7131 
7457 1 7131 
7458 1 7131 
7459 1 7131 
7461 1 7131 
7462 1 7131 
7465 1 7467 
7466 1 7467 
7473 1 7478 
7474 1 7478 
7468 1 7478 
7469 1 7478 
7476 2 7478 7512 
7477 1 7478 
7470 1 7478 
4532 8 7478 
7480 1 7279 
7481 1 7279 
7490 27 7280 7618 7647 7662 7695 7699 
7492 3 7378 7624 
7493 4 7225 7646 
7494 1 7495 
7502 3 7544 7553 
7509 1 7510 
7471 9 7237 7512 7632 7649 
7511 16 7512 7620 7707 
7514 3 7088 
7515 1 7088 
7513 1 7088 
7517 2 7493 
7518 3 7620 
7520 3 7624 7649 
7376 4 7237 
7527 1 7529 
7528 1 7529 
7538 1 7378 
7540 1 7378 
7535 1 7378 
7536 1 7378 
7537 1 7378 
7544 11 7092 7553 
7549 2 7553 
7545 1 7553 
7546 3 7553 
7550 1 7553 
7554 3 7624 
7564 31 7587 7618 7624 7646 7662 
7415 6 7225 7400 7632 
7150 10 7280 7400 7649 7683 
7565 3 7400 7587 
7569 4 7618 7624 
7578 28 7092 
7579 9 7620 
7580 19 7116 7225 7587 7620 7647 7651 7658 7662 7666 7673 
7585 1 7587 
7586 7 7587 7683 
7588 8 7116 7391 7604 7618 7624 
7593 3 7225 7618 7624 
7594 4 7225 
7595 1 7225 
7597 4 7225 7620 
7598 33 7116 7225 7386 7588 7632 7649 7683 7694 7695 7699 
7599 1 7225 
7600 1 7225 
7609 2 7620 
7614 39 7092 7386 7544 7620 7624 7632 7658 7707 
7615 1 7620 
7616 1 7620 
7617 1 7620 
7618 3 7092 7620 
7619 1 7620 
7623 3 7647 
7625 6 7632 
7050 5 7120 7632 
7630 1 7632 
7629 1 7632 
7601 3 7646 7653 
7644 1 7646 
7645 1 7646 
7648 1 7391 
7647 4 7662 7666 7668 
7649 10 7443 7651 
7659 6 7662 
7660 1 7662 
7650 2 7662 
7661 4 7280 7662 
7665 6 7683 7695 
7666 14 7277 7397 7669 7691 7699 7701 
7675 25 7386 7397 7666 
7676 5 7238 
7677 12 7238 7517 
7679 26 7238 7277 7280 7391 7443 7694 7695 7699 
7682 36 7092 7386 7574 7620 7683 
7684 2 7120 7683 
7685 13 7391 7683 
7687 3 7120 7683 
7686 2 7120 7683 
7691 19 7092 7694 
7696 4 7695 7707 
7697 19 7120 7277 7443 7588 7649 7695 
7698 1 7699 
7701 3 7588 
7703 2 7707 
7704 1 7707 
7705 1 7707 
7706 2 7707 
7724 2 7544 
7727 30 7233 7238 7341 7391 7553 7620 
7733 45 7092 7120 7389 7553 7620 7666 
7736 2 7120 
7738 6 7277 
7744 50 7092 7238 7449 7544 7553 7620 
7747 8 7277 
7755 13 7277 7386 7620 
7767 2 7277 7280 
7768 11 7393 
7772 20 7233 7389 
7774 35 7233 7391 7574 
7775 11 7341 7553 
7789 1 7277 
7790 4 7277 
7791 4 7277 
7792 7 7277 
7810 9 7620 
7812 6 7092 7649 
7814 1 7386 
7815 2 7386 7620 
7821 1 7649 
7822 1 7649 
7829 4 7092 
7830 1 7092 
7831 2 7092 7393 
7832 1 7092 
7833 4 7092 7238 
7834 1 7092 
7836 1 7092 
7835 3 7092 
7865 24 7233 7238 7517 7620 
7877 6 7233 
7885 6 7691 
7884 5 7553 7620 
7900 27 7391 7517 7574 7620 
7901 30 7233 7391 7553 
7902 21 7233 7391 
7904 6 7391 
7906 10 7553 
7907 12 7620 
7928 3 7233 
7945 5 7620 
7964 11 7620 
7968 3 7553 
7967 4 7553 
8036 19 7233 7238 7391 7553 
8041 3 7620 
8045 7 7389 
8046 16 7389 7553 
8047 20 7233 7238 7389 
8051 8 7553 
8053 20 7391 7553 
8061 5 7553 
8069 4 7620 
8085 16 7391 7553 
8111 2 7620 
8107 13 7553 
8133 1 7517 
8134 1 7553 
8097 2 7620 
8152 10 7233 7553 7620 
8155 1 7620 
8156 5 7620 
8158 1 7620 
8159 1 7620 
8157 2 7620 
8162 9 7391 
8171 3 7233 
8173 7 7233 7391 
8187 1 7391 
8189 4 7553 
7861 2 7233 
8190 4 7238 
8193 2 7553 
8202 1 7233 
8203 1 7233 
8206 1 7233 
8204 2 7233 
8205 1 7233 
8211 11 7238 7389 
8222 6 7553 
8050 9 7238 
8214 1 7553 
8238 1 7553 
8262 1 7389 
8263 2 7389 
8264 1 7238 
8265 1 7238 
8266 1 7238 
