30 5 3352 
11 743 3114 3117 3125 3136 3140 3144 3180 3192 3258 3260 3284 3291 3309 3321 3334 3352 3394 3404 3433 3439 3443 3447 3452 3453 3454 3458 3463 3464 3480 3529 3537 3557 3562 3568 3607 3615 3631 3635 3645 3650 
12 65 3371 
14 114 3192 3562 
15 50 3334 
20 187 3136 3371 3456 3516 3614 
24 309 3136 3164 3192 3351 3352 3408 3410 3439 3443 3447 3452 3456 3458 3473 3537 3568 3586 3607 3643 
36 227 3136 3150 3192 3258 3274 3334 3352 3394 3443 3454 3456 3480 3489 3537 3562 3586 
37 20 3456 
42 89 3136 3352 3408 
46 59 3435 3506 
47 146 3136 3352 3631 
53 39 3192 3276 3352 3568 3646 3650 
29 150 3643 
59 94 3408 
27 102 3456 3537 3643 
66 44 3352 3464 
72 164 3136 3164 3238 3276 3291 3334 3352 3443 3459 3479 3498 3607 
86 122 3136 3310 3443 3529 3537 3576 
71 109 3334 3352 3529 3562 3576 3635 
87 195 3117 3192 3238 3276 3334 3352 3443 3453 3460 3464 3473 3479 3516 
89 29 3404 
90 72 3309 3352 3435 
99 24 3293 3371 
103 68 3537 
68 275 3117 3145 3150 3192 3238 3258 3276 3307 3313 3334 3351 3352 3371 3376 3435 3439 3443 3454 3459 3473 3489 3498 3506 3537 3557 3586 3607 3614 3634 3635 3643 
109 190 3291 3310 3334 3459 3614 3634 
122 213 3114 3117 3140 3144 3148 3173 3180 3192 3251 3253 3258 3260 3276 3291 3309 3321 3352 3393 3404 3435 3439 3443 3453 3456 3458 3480 3489 3516 3520 3537 3541 3568 3580 3587 3615 3635 3645 3646 
113 89 3144 3238 3439 3489 3537 3586 
127 132 3114 3117 3180 3265 3291 3351 3352 3443 3456 3516 3520 3537 3549 3562 3567 3580 3587 3615 
128 80 3117 3126 
136 99 3164 3297 3346 
143 94 3631 
147 58 3643 
155 28 3459 
157 44 3506 
161 32 3429 
172 123 3117 3126 3140 3150 3164 3173 3243 3251 3253 3307 3338 3371 3408 3435 3473 3489 3506 3516 3529 3580 3587 3614 
173 334 3136 3238 3408 3443 3452 3456 3537 3643 
74 69 3117 
178 63 3634 
180 54 3136 3265 3480 3567 3587 
182 79 3192 3251 3253 3537 
166 93 3459 3562 3650 
203 31 3192 3352 
204 12 3516 
216 8 3634 
232 23 3192 
237 41 3334 
259 56 3192 
265 31 3587 
270 14 3144 
275 56 3117 3650 
280 76 3136 
291 35 3352 3455 3463 3635 
290 71 3117 3408 3516 
302 13 3635 
304 79 3136 
306 244 3114 3117 3144 3191 3291 3352 3404 3408 3454 3480 3529 3537 3562 3567 
308 142 3136 3150 3443 3473 3562 
310 230 3136 3251 3253 3352 3408 3417 3464 3473 3489 3634 3643 
311 321 3117 3136 3144 3238 3253 3265 3334 3408 3443 3456 3459 3506 
313 54 3117 3456 
315 77 3117 
317 140 3136 
319 199 3192 3334 3537 3547 3607 3643 
150 28 3334 3568 
336 31 3238 
346 86 3117 3173 3180 3192 3243 3309 3446 3483 3520 3537 3541 3557 3562 3580 3646 
371 117 3352 3456 3645 
376 37 3150 
383 45 3352 3480 3529 3537 3615 
395 42 3634 
405 19 3459 
406 34 3631 
407 145 3130 3334 3580 3645 
325 25 3352 
425 79 3351 3580 
432 157 3148 3310 3352 3408 3417 3447 3480 3635 
412 21 3130 
447 15 3321 3352 
449 9 3548 
457 732 3117 3125 3136 3140 3144 3192 3200 3253 3274 3276 3291 3321 3324 3334 3352 3371 3376 3394 3404 3408 3409 3439 3443 3447 3454 3456 3459 3460 3463 3464 3479 3483 3498 3529 3537 3557 3562 3568 3586 3614 3615 3634 3643 3646 
465 17 3180 3562 
501 10 3473 
511 3 3321 
521 5 3352 
445 4 3309 
545 24 3459 
546 142 3136 3260 3334 3352 3443 3452 3479 3516 3562 3614 3650 
553 22 3136 3408 
556 121 3136 3192 3352 3371 3408 3439 3458 3537 
572 5 3192 
580 30 3293 3346 
583 26 3334 3443 3576 
582 34 3321 3460 3464 3557 
600 214 3136 3164 3192 3352 3408 3443 3458 3568 
626 31 3136 
633 55 3253 3310 3607 
634 150 3192 3276 3394 3455 3456 3516 3554 3580 
646 17 3140 3150 
635 66 3148 3307 3489 3516 
643 46 3338 
650 98 3117 3130 3256 
663 158 3253 3284 3452 3456 3635 
667 19 3404 
665 7 3408 
689 47 3173 3180 3371 3393 
690 3 3456 
695 118 3117 3309 3352 3404 3443 3516 3537 3580 3607 3631 
701 4 3334 
704 81 3253 3473 
707 123 3136 
708 51 3473 
710 105 3284 3376 3456 3516 3537 
722 264 3117 3140 3145 3173 3253 3255 3258 3276 3371 3393 3408 3435 3443 3480 3580 3609 
724 4 3404 
727 32 3433 
737 232 3238 3284 3452 3458 3459 3568 3631 
742 93 3238 3334 3352 3460 3464 3568 
697 100 3274 3371 3393 3456 3498 3631 3635 
749 66 3238 3352 3417 3435 3537 3607 3634 
759 77 3136 3473 3520 3537 3587 
763 68 3130 3284 3352 3393 3529 
764 34 3192 3276 
766 773 3114 3117 3125 3140 3144 3148 3150 3192 3200 3238 3243 3251 3253 3265 3271 3274 3276 3284 3291 3293 3307 3309 3310 3319 3320 3321 3324 3334 3348 3351 3352 3381 3393 3394 3408 3417 3433 3443 3447 3452 3453 3454 3455 3456 3458 3459 3460 3464 3473 3483 3486 3489 3498 3506 3516 3537 3541 3547 3549 3554 3555 3557 3562 3580 3586 3587 3607 3614 3615 3616 3631 3634 3635 3643 3645 3646 
769 146 3148 3251 3253 3371 3408 3479 3480 3554 
788 113 3307 3338 3479 3516 3614 3631 
784 224 3117 3265 3291 3307 3338 3351 3352 3371 3439 3443 3489 3568 3587 3615 3631 3650 
789 317 3191 3276 3291 3334 3352 3393 3417 3433 3447 3452 3455 3456 3458 3460 3498 3537 3554 3586 3607 3631 
791 41 3459 
794 18 3136 
798 16 3439 3568 
804 6 3435 
805 90 3192 3291 3309 3352 3435 3443 
808 4 3557 
813 272 3148 3173 3192 3258 3276 3284 3352 3394 3404 3433 3473 3489 3520 3537 3557 3580 3587 3615 3646 3650 
822 11 3537 
823 15 3465 
826 249 3117 3130 3136 3140 3150 3235 3251 3253 3258 3307 3320 3338 3351 3371 3408 3446 3473 3489 3506 3516 
825 165 3117 3125 3140 3148 3192 3258 3276 3321 3334 3352 3447 3456 3473 3537 3548 3562 3568 3587 3614 3631 3635 3650 
836 26 3480 
838 36 3516 3548 
841 61 3251 
844 45 3352 3645 
842 30 3320 3352 
854 99 3238 3253 3393 3439 3456 
856 91 3191 3276 3307 3334 3338 3348 3371 3435 3446 3459 3465 3506 3516 3541 
852 39 3479 
865 97 3291 3393 3554 
879 122 3125 3148 3180 3200 3260 3276 3321 3334 3352 3394 3439 3443 3447 3453 3454 3456 3516 3537 3557 3562 3568 3607 3635 3643 3650 
469 10 3408 
896 26 3498 
909 12 3334 
918 17 3136 
787 12 3635 
937 46 3117 
941 80 3117 3136 3164 
943 30 3473 
944 5 3251 
946 110 3117 3253 3256 3320 3404 3629 
947 27 3456 3549 3615 
948 29 3148 3243 3253 
956 42 3433 
960 22 3136 
962 3 3456 
963 3 3473 
964 4 3634 
967 16 3456 
974 36 3443 3580 3587 
975 11 3205 
978 65 3136 
982 47 3173 3276 3615 
986 77 3307 3348 3456 
988 292 3114 3126 3140 3148 3150 3164 3173 3180 3235 3243 3251 3253 3255 3258 3260 3265 3276 3284 3293 3307 3324 3338 3348 3351 3352 3371 3376 3404 3408 3435 3439 3454 3473 3480 3489 3506 3529 3537 3538 3541 3547 3548 3557 3567 3580 3587 3645 
993 238 3117 3130 3136 3352 3537 
994 45 3192 3529 3537 
996 297 3117 3140 3148 3192 3238 3253 3274 3309 3393 3408 3456 3479 3489 3537 3554 3557 3562 
1000 60 3140 3150 3191 3334 3586 
1006 138 3136 3568 
1011 6 3321 
1012 7 3301 
1013 23 3164 
1009 44 3148 3529 
1024 41 3125 3145 3150 3164 3408 3433 
1031 19 3351 3650 
1032 39 3136 3253 3352 3587 
1037 86 3130 3253 3334 3459 3516 
1041 49 3417 3586 
1043 21 3338 3351 
1048 2 3479 
1050 44 3251 
1051 46 3180 3439 3480 
1055 196 3117 3136 3140 3192 3276 3291 3483 3516 3520 3541 3554 3580 
1062 156 3117 3192 3307 3351 3352 3394 3404 3529 3645 
1063 29 3456 3568 
872 29 3136 3587 
1074 95 3291 3634 
1075 74 3192 3243 3321 3352 3650 
1097 88 3117 3155 3192 3274 3309 3352 3393 3443 3456 3554 3562 3580 
1098 305 3117 3130 3150 3238 3253 3265 3297 3310 3346 3351 3408 3435 3459 3473 3489 3529 3537 3580 
1111 60 3192 3352 
1113 6 3352 
1102 15 3173 3276 
1125 37 3473 3516 
1127 62 3352 3404 3489 
1129 62 3140 
1132 57 3173 3238 3352 3443 
1133 399 3125 3136 3140 3144 3191 3192 3238 3253 3276 3284 3309 3321 3334 3346 3352 3376 3394 3433 3439 3443 3447 3452 3453 3454 3455 3456 3458 3460 3464 3498 3537 3554 3557 3568 3586 3607 3615 3631 3635 3643 3645 
1135 115 3130 3253 
1137 135 3117 3192 3265 3537 3615 3643 
1142 48 3516 
1147 3 3480 
1150 8 3136 
1151 472 3114 3117 3136 3144 3192 3238 3251 3253 3274 3309 3310 3338 3352 3381 3443 3452 3456 3473 3480 3489 3498 3537 3643 
1156 4 3130 
922 149 3136 
1164 39 3238 
1166 599 3117 3126 3136 3140 3145 3150 3155 3164 3173 3191 3192 3238 3251 3253 3255 3258 3260 3265 3266 3291 3307 3309 3320 3334 3338 3348 3352 3371 3393 3394 3408 3433 3435 3439 3446 3452 3454 3456 3460 3473 3479 3480 3483 3486 3489 3498 3506 3516 3537 3538 3541 3554 3557 3562 3580 3586 3587 3607 3615 3631 3635 3643 3650 
1167 158 3130 3164 3200 3253 3334 3352 3408 3446 3541 3650 
1179 10 3443 
1169 29 3307 3338 3408 
1185 43 3136 3309 3443 
1196 9 3193 3346 3557 3645 
1200 107 3126 3138 3140 3145 3150 3164 3238 3243 3251 3253 3265 3455 3456 
1202 66 3136 
1204 61 3276 3338 3433 3447 3452 3458 3537 
1207 26 3291 
1210 218 3148 3251 3253 3284 3351 3456 3479 3537 3557 3580 3586 3587 3634 
1211 79 3117 3265 
1215 65 3130 3265 3291 3297 3334 3376 3410 
1221 77 3251 3253 3351 
1230 33 3117 
1236 103 3117 3276 3615 
1241 35 3260 
1247 77 3171 3352 3393 3454 3473 3537 
1248 21 3562 
1253 51 3274 3393 3443 3456 
1259 45 3408 3410 3429 3435 3446 3473 3489 3506 3529 
1267 61 3456 
1279 124 3253 
1282 8 3557 
1286 65 3309 3352 3454 3456 3464 3537 3643 
1291 34 3473 
1296 9 3192 3537 
1297 76 3140 3276 3376 3516 3580 
1305 290 3114 3117 3126 3140 3148 3150 3164 3173 3193 3200 3243 3251 3253 3258 3260 3265 3276 3307 3324 3338 3351 3352 3371 3404 3408 3435 3461 3473 3480 3483 3489 3506 3516 3529 3538 3541 3548 3557 3567 3580 3587 3631 3646 
1306 20 3404 
1316 7 3192 
1319 181 3117 3130 3136 3237 3253 3265 3276 3307 3338 3473 3650 
1335 62 3459 
1342 4 3352 
1352 121 3136 
1353 30 3192 3352 3408 3458 
1360 22 3117 3140 3150 
1354 8 3136 
1356 20 3346 
1357 91 3117 3130 3192 3265 3276 
1365 7 3238 
1367 40 3173 3348 3371 3465 3506 3520 3537 3548 3587 3609 
1368 33 3243 3265 3307 3557 3646 
1374 462 3114 3117 3136 3164 3238 3243 3251 3258 3260 3265 3274 3276 3293 3297 3307 3310 3334 3338 3348 3351 3352 3371 3381 3393 3408 3417 3435 3456 3459 3506 3529 3554 3562 3631 
1382 17 3480 3646 
1381 52 3144 3173 3192 3537 3634 
1384 37 3180 3258 3489 3506 3537 3587 
1385 35 3164 3238 3319 3346 3439 
1390 32 3516 
1395 199 3136 3150 3192 3265 3404 
1416 13 3140 3309 
1419 41 3253 3408 3473 3489 3516 3548 
1424 52 3117 3126 3130 3155 3243 3453 
1428 183 3117 3136 3192 3258 
1184 79 3309 3352 3443 3453 3455 3635 
1446 3 3371 
1462 48 3456 
1463 26 3136 3144 
1468 20 3645 
1469 7 3171 
1470 156 3117 3130 3253 3276 3285 3346 3376 3393 3452 3456 3458 3473 3479 3498 3516 3537 3580 3587 3607 3614 
1471 72 3180 3238 3334 3456 3459 
1473 91 3136 3253 3408 3439 3473 
1487 117 3130 3265 3307 3338 3348 3351 3371 3376 3408 3435 3473 3489 
1492 157 3117 3253 3258 3307 3338 3537 3568 3645 
1496 210 3136 3243 3251 3253 3258 3276 3371 3408 3456 3473 3489 3562 3586 
1498 6 3238 3456 
1500 48 3117 3193 3480 3615 
1501 38 3117 3140 3171 
1506 41 3253 3276 
1521 99 3117 3136 3253 3265 3307 3404 
1522 139 3125 3130 3260 3291 3297 3346 3404 3455 3463 3473 3480 3520 3631 
1524 4 3473 
1525 35 3136 
1538 81 3155 3260 3580 
1537 68 3140 3260 3276 3334 3433 3439 3454 3568 
1542 244 3238 3291 3293 3310 3321 3334 3381 3417 3443 3456 3460 3463 3498 3537 3554 3586 3634 3645 
1552 81 3130 3324 3607 3631 
1553 20 3568 
1547 28 3253 
1549 587 3117 3130 3136 3138 3140 3144 3148 3150 3164 3192 3251 3253 3258 3260 3265 3274 3307 3334 3338 3351 3352 3393 3394 3404 3408 3439 3443 3453 3454 3456 3459 3463 3473 3480 3489 3498 3529 3537 3541 3562 3568 3580 3587 3615 3631 3634 3643 3650 
1550 42 3117 3180 3192 3352 3394 3439 3443 3568 3650 
1555 79 3136 
1566 46 3173 3192 3537 
1569 3 3136 
1570 4 3136 3164 
1010 6 3148 
1583 87 3130 3145 3251 3253 3265 3351 3489 3650 
1585 102 3136 3200 3348 3473 3520 3580 3615 
1592 30 3117 3140 3164 3516 
1594 114 3117 3136 3192 3253 
1596 29 3117 3265 3276 3284 3352 3562 
1603 16 3479 
1571 24 3136 3473 
1604 4 3136 
1606 3 3291 
1608 355 3117 3136 3150 3180 3192 3251 3253 3260 3265 3307 3338 3351 3352 3371 3394 3435 3459 3520 3547 3562 3646 
1612 68 3346 
1613 15 3443 
1614 73 3136 3253 
1615 162 3136 
1621 80 3117 3238 3265 3456 3568 3645 
1622 50 3117 3136 3265 3580 
1623 39 3140 3291 3580 3629 3634 
1626 2 3650 
1639 36 3291 3371 3417 3631 
1644 48 3238 3334 
1661 66 3144 3145 3253 3276 3408 3443 3447 3456 3548 3635 3645 
1662 6 3235 
1667 55 3276 3447 3537 
1647 19 3587 
1687 6 3125 
1691 50 3150 3309 3338 3352 3489 3562 
1701 112 3238 3253 3260 3458 3516 3537 3586 
1697 70 3136 3164 3251 3408 3456 3473 3480 
1700 93 3136 3256 3276 3463 3616 
1711 9 3136 
1707 34 3251 
1717 96 3136 3144 3321 3338 3352 3447 3498 3516 3587 3607 3614 
1719 10 3117 
1688 25 3144 3192 3537 
1729 19 3265 
1732 18 3307 
1730 45 3253 3443 
1733 42 3238 3334 3352 3433 3607 
1734 55 3258 3265 3473 3537 
1737 9 3376 
1744 8 3435 
1747 3 3452 3480 
1748 76 3117 3191 3310 3334 3376 3394 3443 3452 3480 3548 3562 3635 
1749 68 3130 3173 3243 3260 3307 3435 3483 3516 3538 3562 
1754 23 3371 
1762 47 3297 
1767 97 3200 3291 3334 3338 3352 3408 3446 3473 3480 3541 
1769 67 3117 3125 3253 3352 3376 3537 3615 
1772 141 3136 3258 3260 3650 
1751 35 3180 3260 3307 3338 3371 
1783 57 3130 3260 3307 3464 3537 3562 3580 
1795 44 3258 3265 3284 3352 3393 3408 3439 
1796 38 3459 3614 
1799 48 3452 3456 3498 
1811 43 3238 3266 3307 3629 3634 
1803 19 3537 
1808 129 3130 3136 3320 3352 3404 3408 3498 3516 
1812 4 3371 
1813 41 3117 3125 3144 3260 3321 3439 3453 3454 3557 
1814 105 3117 3130 3140 3150 3253 3291 3334 3456 3459 3516 3645 
1820 90 3117 3253 3276 3404 3557 3650 
1821 7 3117 3516 3548 
1823 49 3456 3460 
1835 73 3148 3352 3456 3458 
1838 57 3258 3562 3631 
1833 6 3164 
1847 47 3130 3460 
1859 3 3443 
1855 12 3136 3408 
1874 9 3192 
1875 33 3130 3193 3410 
1872 5 3529 
1885 44 3130 3136 3155 3404 3453 3650 
1891 36 3568 
1896 51 3117 3253 3309 3435 
1899 6 3516 
1915 33 3456 
1918 20 3200 
1919 112 3117 3136 
1922 204 3117 3126 3140 3145 3150 3155 3164 3201 3243 3251 3253 3255 3260 3265 3284 3307 3324 3338 3351 3352 3404 3408 3435 3446 3452 3456 3473 3483 3486 3516 3537 3650 
1924 5 3352 
1925 22 3136 3408 3587 
1928 7 3408 
1931 15 3408 
1937 13 3192 3456 
1935 7 3192 3352 
1947 15 3117 3276 3541 3562 
1951 29 3114 3352 3408 3480 3549 3615 
1962 31 3136 
1967 31 3117 3140 3260 3520 3537 3580 3587 
1972 181 3114 3117 3140 3148 3150 3173 3180 3260 3307 3338 3352 3371 3404 3408 3417 3456 3473 3480 3489 3516 3529 3562 3580 3587 3650 
1980 47 3117 3321 3352 3557 
1982 29 3459 
1985 56 3253 3307 3404 3443 3460 3464 3650 
1990 36 3562 3646 
1991 66 3130 3140 3150 3251 3253 
1992 16 3253 
1997 88 3136 
2001 39 3191 3393 3554 
2009 63 3173 3251 3334 3352 3408 3443 3455 3460 3464 3473 
2010 27 3310 3352 
2014 10 3452 3607 
2033 22 3192 3352 3408 
698 11 3117 3260 
2062 121 3117 3192 3265 
2065 50 3130 3164 3192 3253 3260 3291 3443 3454 3456 3458 3587 
2083 2 3548 
2093 55 3117 3253 3351 
2102 45 3171 
2105 11 3114 
2109 47 3117 3192 3393 3394 3443 3480 3489 3562 
2114 39 3117 3140 3404 3576 
2116 20 3529 
2119 5 3251 
2118 113 3125 3253 3351 3352 3408 3417 3433 3439 3454 3580 3607 
2120 122 3126 3193 3243 3258 3320 3324 3409 3429 3459 3480 3538 3548 
2129 44 3144 3404 3439 3454 3529 3557 3568 3645 
2134 14 3125 3192 
2135 146 3117 3126 3237 3238 3253 3276 3321 3338 3352 3371 3393 3452 3456 3480 3537 3568 3614 
2144 23 3454 3456 3459 
2145 145 3125 3130 3140 3260 3265 3291 3320 3334 3338 3376 3393 3439 3473 3537 3587 3631 3645 
2160 26 3140 3145 3150 3164 3253 3562 
2171 16 3307 3319 3338 3351 
2172 29 3479 3614 
2174 65 3155 3253 3351 3439 3486 3516 
2176 17 3164 3307 
2186 61 3148 3192 3238 3321 3351 3352 3408 3607 
2209 31 3148 3201 3473 3489 3580 3587 
2210 17 3394 3562 
2214 3 3136 
2215 15 3334 
2217 11 3125 3276 3562 3568 
2223 15 3125 
2225 34 3238 3253 3265 3452 
2226 28 3253 3352 3459 3607 
2234 14 3145 3150 3313 3321 
2230 49 3130 3320 3541 3623 
2231 66 3171 3201 3614 
2229 143 3126 3140 3144 3145 3148 3150 3155 3164 3173 3192 3235 3243 3251 3253 3265 3276 3307 3319 3320 3324 3338 3346 3348 3351 3371 3376 3394 3408 3520 3537 3568 3580 3587 3645 
2233 36 3238 
2236 75 3117 3126 3140 3145 3150 3164 3243 3251 3253 3258 3265 3320 
2237 241 3114 3117 3125 3140 3144 3148 3150 3164 3192 3260 3284 3291 3307 3309 3321 3334 3338 3352 3394 3404 3408 3417 3433 3439 3443 3447 3453 3454 3456 3464 3480 3498 3529 3537 3541 3557 3568 3580 3615 3635 3643 3645 3650 
2240 108 3130 3238 3260 3408 3580 3615 
2041 6 3352 3408 
2246 8 3130 
2249 38 3291 3346 3348 3479 
2251 25 3265 
2252 22 3461 3520 3576 3629 
2256 247 3117 3200 3243 3253 3256 3258 3266 3276 3291 3301 3324 3338 3352 3371 3376 3404 3409 3410 3429 3435 3443 3446 3456 3461 3473 3479 3483 3486 3489 3520 3547 3555 3562 3576 3587 3609 3614 3616 3635 3643 3646 
2257 49 3117 3253 3291 3321 3352 3408 3435 3439 3464 3465 3473 
2258 95 3200 3253 3321 3334 3480 3568 3586 3631 
2264 58 3293 3352 3456 
2269 2 3348 
2274 48 3130 3155 3193 3235 
2276 32 3334 3459 3614 
2277 8 3643 
2285 17 3258 3321 3371 3408 
2290 120 3114 3117 3148 3173 3200 3258 3260 3301 3404 3480 3516 3520 3529 3537 3541 3547 3548 3556 3557 3567 3568 3580 3587 3609 3629 3646 
2289 14 3117 3352 3568 
2297 164 3150 3192 3253 3258 3260 3265 3307 3338 3352 3435 3454 3456 3473 3489 3516 3529 3537 3562 3568 3576 3587 3607 3615 3650 
2298 48 3117 3144 3145 3235 3253 3276 3291 3352 3483 
2299 67 3117 3251 3265 3351 3459 3541 3580 3615 
2307 7 3117 3616 3650 
2309 3 3321 
2322 19 3645 
2323 111 3130 3243 3260 3352 3371 3443 3456 3480 3516 3541 3562 3580 
2326 252 3114 3117 3148 3173 3180 3192 3200 3258 3260 3276 3291 3307 3313 3338 3346 3348 3351 3352 3371 3376 3404 3408 3435 3439 3443 3446 3455 3460 3473 3480 3483 3486 3489 3506 3516 3520 3529 3537 3538 3541 3548 3557 3562 3567 3568 3580 3587 3615 3616 3629 3631 3645 3646 3650 
2328 215 3114 3148 3192 3258 3260 3291 3352 3394 3459 3479 3480 3529 3537 3562 3568 3587 3607 3615 3629 3650 
2332 36 3251 3253 3319 3320 3324 3408 3409 3410 3429 3548 3556 3562 
2352 2 3117 
2359 2 3265 
2364 14 3538 
2365 77 3117 3180 3253 3260 3291 3443 3516 3580 
2368 17 3117 3307 3351 3352 3371 3443 
2338 6 3348 
2369 189 3238 3334 3393 3417 3447 3456 3459 3498 3541 3554 3634 3643 
2371 124 3117 3126 3140 3144 3150 3164 3173 3192 3235 3237 3516 3537 3634 
2375 49 3192 3394 
2376 26 3117 
2381 71 3192 3334 3352 3394 3443 3456 3459 3479 3607 3631 
2379 45 3192 3200 3291 3480 3483 3541 3615 3631 
2384 72 3192 3238 3291 3321 3417 3435 3443 3498 3516 3631 
2387 66 3274 3417 3456 3460 3554 3643 
2398 62 3117 3130 3180 3260 3352 3443 3454 3516 3555 3580 3609 3650 
2410 34 3456 3586 
2411 141 3117 3126 3140 3148 3253 3291 3307 3319 3324 3338 3376 3408 3439 3446 3473 3483 3486 3489 3506 3529 3537 3538 3548 3580 3587 3609 3615 3635 3645 3650 
2416 37 3150 3251 3276 3338 3348 3371 3587 
2427 11 3479 
2433 2 3439 
2440 50 3238 3321 3334 3352 3456 3643 
2456 31 3238 3498 3607 
2472 75 3117 3150 3164 3251 
2473 103 3126 3145 3251 3253 
2476 35 3140 3145 3150 
2480 7 3320 
2481 8 3293 
2485 324 3114 3117 3125 3144 3145 3148 3164 3173 3192 3238 3243 3258 3260 3274 3309 3319 3321 3324 3351 3352 3371 3393 3404 3409 3417 3443 3452 3458 3459 3473 3480 3489 3498 3516 3529 3537 3557 3562 3568 3580 3587 3615 3645 3650 
2488 21 3607 
2493 6 3291 3634 
2497 38 3193 3255 3258 3265 3324 3489 3529 3547 3548 3629 
2502 30 3408 3459 
2504 100 3117 3443 3452 3454 3456 3568 3607 3650 
2506 46 3443 3479 3480 3541 3631 
2507 69 3251 3253 3265 3307 3351 3408 
2508 13 3562 
2510 68 3130 3253 3265 3276 3394 3404 3489 3516 3529 3557 
2511 8 3238 
2516 44 3265 3456 3479 
2535 47 3309 3352 3443 3454 3456 3458 3607 3643 
2541 37 3307 3348 3408 
2542 93 3260 3291 3301 3371 3408 3435 3443 3473 3580 3587 
2545 7 3480 
2546 34 3443 3567 
2547 105 3126 3150 3235 3253 3276 3352 3439 3443 3516 3557 3580 3587 3650 
2548 12 3568 3645 
2549 70 3117 3238 3615 3650 
2550 26 3164 3171 
2566 32 3320 3348 3394 3479 3529 3562 
2557 77 3276 3443 3607 3643 
2559 82 3117 3140 3148 3173 3253 3307 3371 3394 3516 3562 3568 3580 3629 
2560 180 3114 3140 3145 3164 3173 3180 3238 3253 3276 3291 3310 3346 3394 3417 3439 3473 3480 3506 3516 3520 3537 3557 3567 3580 3615 3646 3650 
2564 50 3164 3371 3456 3537 3635 
2565 893 3114 3117 3125 3126 3140 3144 3145 3148 3150 3164 3173 3192 3200 3235 3238 3243 3251 3253 3258 3260 3265 3276 3284 3293 3297 3307 3309 3310 3313 3319 3320 3321 3324 3334 3338 3346 3348 3351 3352 3371 3381 3393 3394 3404 3408 3417 3435 3439 3443 3447 3452 3453 3454 3455 3456 3458 3459 3460 3461 3464 3473 3480 3483 3486 3489 3506 3516 3520 3529 3537 3538 3541 3547 3548 3557 3562 3567 3568 3576 3580 3587 3607 3609 3615 3631 3635 3643 3645 3646 3650 
2576 146 3117 3125 3148 3256 3265 3274 3307 3408 3443 3473 3489 3516 3643 
2578 12 3130 
2587 12 3568 
2585 60 3117 3192 3260 3276 3351 3394 3439 3454 3537 3562 3580 3615 3645 
2593 32 3117 3650 
2594 45 3130 3321 3439 3562 3580 
2595 49 3117 3258 3352 3443 3456 3537 3586 3615 3650 
2596 13 3276 3284 
2597 2 3145 
2474 142 3117 3251 3253 3258 3265 3443 3562 3631 
2605 64 3251 3376 3417 3489 3568 3643 
2611 7 3130 
2612 29 3408 3439 3454 3458 3555 3587 
2613 25 3480 3541 
2614 5 3130 
2615 2 3130 
2617 22 3117 3130 3580 
2618 53 3130 3148 3164 3260 3307 3473 3562 
2623 108 3253 3255 3258 3284 3320 3324 3516 3547 3549 3586 3615 
2619 46 3164 
2620 24 3193 
2645 7 3192 3394 3439 
2646 39 3144 3307 3473 3645 
2651 269 3114 3117 3125 3130 3140 3144 3148 3180 3200 3235 3251 3253 3258 3260 3276 3284 3301 3309 3321 3334 3346 3351 3352 3394 3404 3408 3409 3410 3433 3435 3439 3446 3453 3454 3473 3483 3486 3489 3506 3516 3541 3547 3548 3562 3567 3576 3580 3607 3609 3615 3629 3631 3635 3645 3650 
2653 113 3114 3117 3125 3173 3192 3260 3276 3301 3404 3435 3439 3443 3454 3456 3461 3480 3483 3516 3529 3537 3548 3568 3580 3587 3609 3615 3634 3645 3650 
2655 49 3321 3334 3352 3443 3452 
2657 44 3130 3173 3180 3260 3276 3404 3516 3562 3567 3568 3580 3645 
2658 307 3114 3173 3200 3276 3297 3309 3334 3346 3352 3394 3443 3452 3453 3454 3459 3464 3537 3541 3557 3580 3587 3609 3643 3646 
2665 6 3351 
2674 103 3114 3148 3164 3251 3253 3265 3320 3371 3404 3456 3480 3562 3650 
2683 13 3126 3235 3243 3285 
2699 74 3117 3148 3251 3253 3260 3265 3284 3320 3348 3352 3404 3417 3460 3473 3480 3483 3489 3580 3587 3650 
2700 168 3114 3117 3148 3173 3180 3251 3258 3260 3276 3291 3307 3313 3319 3320 3324 3338 3352 3394 3404 3408 3410 3473 3480 3483 3489 3506 3516 3520 3529 3538 3548 3556 3557 3580 3587 3609 3615 3631 3646 
2701 19 3265 3338 
2686 156 3117 3126 3140 3145 3150 3164 3191 3193 3235 3243 3251 3265 3285 3307 3319 3334 3338 3348 3351 3371 3376 3408 3435 3439 3459 3465 3473 3489 3506 3516 3520 3538 3547 3614 3643 3646 
2687 13 3307 3319 3324 3348 3371 3548 
2702 80 3117 3140 3150 3164 3265 3276 3307 3319 3338 3351 3371 3408 3456 3459 3516 3537 3538 
2703 61 3251 3253 3265 3307 3319 3320 3324 3338 3351 3371 3376 3408 3409 3410 3429 3473 3489 3516 3538 
2688 618 3114 3125 3130 3140 3144 3145 3148 3150 3155 3164 3173 3191 3192 3200 3243 3251 3253 3258 3260 3265 3271 3276 3284 3285 3291 3307 3309 3319 3320 3321 3324 3334 3338 3351 3352 3376 3393 3394 3404 3408 3417 3439 3443 3447 3452 3453 3454 3456 3458 3459 3460 3463 3473 3479 3480 3483 3489 3498 3506 3516 3520 3529 3537 3538 3541 3547 3548 3549 3554 3555 3557 3562 3568 3576 3580 3586 3587 3607 3609 3614 3615 3616 3631 3634 3635 3643 3645 3646 
2704 75 3117 3126 3140 3145 3150 3155 3164 3235 3243 3251 3265 3307 3320 3324 3348 3538 3650 
2660 164 3114 3125 3150 3192 3235 3251 3265 3285 3291 3320 3324 3352 3394 3408 3410 3435 3439 3443 3459 3464 3473 3480 3506 3516 3529 3537 3541 3580 3587 3607 
2689 38 3265 3284 3456 3529 
2667 126 3191 3265 3393 3456 3479 3554 3586 3614 3643 
2690 26 3117 3164 3253 3255 3258 3435 
2691 44 3117 3125 3130 3291 3352 3568 
2692 19 3265 3307 3324 3338 3408 
2693 149 3114 3117 3148 3351 3352 3371 3408 3435 3439 3443 3447 3456 3459 3473 3516 3529 3537 3549 3562 3568 3580 3587 3607 3615 3643 
2706 18 3243 3307 3324 3352 3408 3489 3537 3587 
2694 18 3334 3456 
2696 64 3125 3144 3173 3192 3251 3274 3320 3324 3338 3352 3435 3456 3537 3568 
2697 45 3192 3253 3260 3537 3562 3615 3635 3650 
2698 15 3516 3548 
2711 13 3537 3548 3549 
2719 21 3180 3307 3351 3562 
2724 10 3200 3439 3629 
2727 33 3265 3276 3404 3456 3516 3529 
2737 16 3253 3309 3443 3516 
2740 28 3200 3520 
2747 79 3114 3117 3125 3148 3200 3258 3260 3265 3291 3320 3352 3394 3404 3439 3480 3483 3516 3529 3568 3576 3580 3650 
2746 25 3171 3265 3562 
2752 7 3456 
2765 29 3117 3634 
2774 46 3238 3309 3456 3480 
2775 35 3352 3394 3443 3456 3568 
2787 4 3307 
2790 173 3114 3117 3125 3130 3155 3173 3180 3253 3260 3265 3301 3307 3324 3334 3348 3352 3376 3404 3408 3439 3443 3446 3459 3464 3473 3480 3483 3486 3516 3520 3537 3548 3549 3555 3576 3580 3609 3650 
2791 15 3473 
2804 16 3148 3260 3537 3580 3587 
2811 19 3456 3562 3607 
2544 11 3352 3568 3615 
2819 18 3251 3410 3439 3516 3548 3623 
2822 43 3404 
2654 104 3126 3140 3148 3171 3180 3193 3253 3255 3258 3313 3352 3404 3446 3486 3529 3537 3541 3556 3562 3567 3650 
2799 8 3200 3483 
2834 5 3117 
2831 39 3480 3529 3631 
2832 50 3125 3144 3352 3439 3443 3568 3645 3650 
2838 21 3117 3516 3587 
2839 5 3334 
2851 44 3144 3643 
2855 16 3276 
2856 5 3126 3243 
2859 139 3144 3155 3200 3258 3260 3291 3320 3321 3352 3404 3408 3439 3443 3453 3454 3473 3486 3489 3557 3562 3568 3615 3645 3650 
2871 282 3114 3117 3126 3140 3145 3150 3164 3192 3243 3251 3253 3258 3260 3276 3284 3291 3309 3313 3338 3352 3393 3439 3443 3447 3452 3455 3456 3537 3557 3562 3568 3615 3643 3650 
2872 87 3145 3180 3243 3253 3258 3260 3313 3338 3557 3562 
2875 6 3307 3351 
2883 28 3274 3408 
2568 4 3453 
2886 3 3238 
2889 14 3459 
2900 29 3253 3650 
2904 18 3117 3164 3265 
2906 6 3352 
2907 6 3352 
2909 57 3125 3130 3144 3260 3352 3417 3443 3456 3643 
2912 33 3265 
2923 35 3117 3265 3291 3394 3454 3516 3537 3568 3629 3646 
2925 19 3265 
2932 62 3140 3192 3291 3321 3394 3417 3439 3454 3480 3537 3557 3568 3615 3635 3646 
2933 6 3253 
2935 36 3321 3447 3452 3455 3537 3607 
2939 7 3529 
2940 123 3114 3117 3148 3238 3266 3291 3307 3351 3404 3408 3480 3489 3557 
2941 11 3549 3609 
2936 8 3148 
2947 10 3253 3352 3489 
2948 26 3117 3130 3140 3150 3164 3193 
2951 19 3489 3615 
2958 47 3117 3125 3265 3291 3352 3394 3439 3516 3645 3650 
2964 70 3192 3251 3258 3265 3291 3307 3309 3320 3321 3351 3394 3408 3453 3615 
2967 238 3117 3140 3148 3173 3192 3258 3265 3276 3284 3291 3309 3321 3334 3346 3351 3352 3394 3404 3435 3439 3447 3453 3455 3456 3458 3463 3479 3520 3529 3538 3562 3568 3580 3587 3607 3609 3615 3631 3635 3643 
2968 55 3117 3265 3276 3293 3338 3394 3454 3456 3473 3489 3516 3557 3562 3650 
2972 357 3125 3140 3144 3192 3258 3274 3291 3320 3321 3334 3352 3376 3417 3433 3439 3447 3452 3453 3454 3456 3460 3479 3498 3537 3557 3562 3568 3607 3615 3634 3635 3645 3650 
2974 15 3480 3562 
2978 6 3155 3164 
2986 3 3537 
2987 9 3126 3130 
2988 55 3173 3192 3404 3537 3615 
2989 10 3173 3192 
2991 7 3562 3615 
2995 10 3537 3567 
2999 7 3635 
3000 43 3144 3276 3301 3307 3320 3408 3456 3568 
3001 7 3192 3352 3408 
3002 5 3456 
3009 51 3140 3144 3148 3276 3547 3614 3643 3650 
3004 3 3443 
3005 28 3260 3265 3319 3435 3529 3562 3580 
3006 31 3338 3351 
3010 123 3114 3117 3148 3173 3251 3265 3307 3338 3351 3352 3371 3404 3408 3435 3473 3480 3483 3520 3529 3537 3549 3557 3580 3587 3609 3629 3650 
2707 103 3130 3144 3180 3258 3284 3351 3408 3439 3455 3516 3537 3568 3645 3650 
3015 44 3274 3498 
3018 19 3140 3371 3408 3537 3557 
3020 52 3130 3243 3251 3253 3265 3338 3363 3371 3376 3516 
3024 52 3114 3117 3253 3265 3284 3307 3351 3408 3562 3580 3650 
3026 175 3117 3144 3148 3173 3180 3192 3200 3258 3260 3265 3276 3313 3324 3352 3404 3443 3452 3454 3456 3480 3529 3537 3548 3562 3568 3587 3607 3615 3635 3643 3645 3650 
3027 39 3456 
3028 189 3130 3251 3258 3265 3271 3285 3319 3351 3352 3439 3454 3456 3473 3480 3529 3557 3567 3568 3576 3580 3614 3616 3629 3634 3635 3650 
3031 50 3130 3145 3150 3173 3200 3265 3351 3408 3435 3439 3516 3537 3567 3580 
3032 216 3140 3145 3173 3180 3192 3200 3238 3276 3291 3297 3301 3346 3352 3393 3394 3439 3452 3453 3454 3455 3456 3458 3516 3520 3541 3557 3567 3568 3587 3615 3635 3645 
3033 45 3150 3164 3443 3568 3580 3650 
3034 38 3309 3321 3443 3568 3615 
3035 13 3417 
2713 200 3117 3125 3144 3148 3173 3180 3192 3258 3260 3265 3276 3291 3307 3338 3351 3352 3371 3394 3404 3408 3439 3480 3483 3506 3516 3520 3529 3548 3557 3562 3568 3576 3580 3587 3615 3629 3645 3646 3650 
3037 7 3580 
3039 14 3130 3260 
3040 7 3576 
3041 14 3140 3150 
3044 6 3117 3265 3516 
3046 10 3489 3646 
3056 44 3148 3265 3307 3338 3404 3460 3516 3520 3548 3567 3587 
3053 9 3117 3516 
3055 52 3148 3180 3243 3251 3253 3258 3320 3446 3473 3480 3489 3587 3629 3650 
3057 48 3148 3173 3276 3352 3443 3456 3587 
3059 32 3173 3192 3265 3537 
3047 12 3117 
2356 57 3117 3140 3258 3352 3454 3615 3650 
3061 2 3164 
3062 42 3126 3140 3150 3155 3235 3243 3251 3253 3258 
2976 7 3463 3541 
3070 2 3164 
3072 25 3117 
3073 34 3130 3456 
3081 20 3117 3480 3516 3607 
3084 62 3117 3334 3352 3381 3404 3480 3537 3555 3557 3562 3568 3646 
3086 8 3458 3607 
3090 12 3456 
3092 81 3251 3258 3456 
3094 5 3537 
3098 37 3126 3140 3145 3150 3164 3243 3251 3253 3265 3285 
3095 37 3126 3140 3243 3251 3253 3285 3307 3371 3376 3410 
2842 124 3114 3117 3148 3192 3193 3253 3258 3260 3265 3276 3291 3320 3346 3351 3394 3408 3410 3429 3435 3439 3473 3486 3489 3506 3520 3538 3580 3587 3617 3645 
3110 21 3117 3352 3439 3615 3635 
3112 1 3117 
3113 1 3117 
2003 63 3117 3243 3253 3265 3276 3324 3352 3371 3408 3480 3607 
3114 1 3117 
3115 5 3117 3291 
3119 3 3408 
3120 8 3324 3520 
3123 3 3130 
3124 2 3130 
3125 16 3130 3253 3265 
3126 1 3130 
3127 15 3130 3541 3557 3646 
3128 1 3130 
3129 2 3130 
3131 1 3136 
3132 3 3136 3164 
3135 1 3136 
3133 1 3136 
3134 1 3136 
3137 4 3138 3140 3454 
3140 2 3201 
3142 49 3293 3433 
3144 88 3148 3193 3235 3243 3251 3265 3338 3351 3352 3404 3408 3439 3443 3446 3454 3473 3480 3483 3486 3529 3557 3567 3568 3650 
3145 18 3125 3140 3309 3352 3443 
3148 26 3371 3480 3489 3516 3562 3650 
3149 1 3150 
3158 1 3164 
3159 9 3164 3192 
3160 2 3164 
3162 3 3164 
3163 1 3164 
3168 79 3117 3180 3192 3260 3291 3309 3334 3346 3352 3394 3439 3463 3516 3557 3562 3568 3615 3631 3650 
3172 13 3180 3276 3458 
3173 7 3192 3529 3537 
3175 41 3260 3461 3483 3529 3537 3541 
3180 24 3489 3506 3516 3529 3537 
3190 10 3192 3352 3408 
3188 20 3117 3319 3555 3567 3623 3629 
3189 10 3371 3587 
3192 56 3258 3404 3439 3454 3461 3489 3537 3615 3650 
3194 1 3195 
3191 68 3274 3393 3417 3456 3460 
3196 22 3404 3473 3480 3529 3646 3650 
3199 13 3253 3307 
3200 8 3114 3615 
3202 8 3516 
3208 6 3321 
3209 41 3235 3319 3351 3447 3473 3489 3520 
3211 2 3408 
3225 13 3192 3516 3615 
3229 1 3235 
3230 1 3235 
3231 1 3235 
3232 1 3235 
3234 1 3235 
3233 3 3235 
3238 28 3334 3456 
3239 3 3555 
3240 1 3243 
3241 1 3243 
3242 6 3243 3253 
3244 1 3245 
3250 3 3251 
3252 37 3253 3258 3352 3404 3439 3480 3516 3562 3587 3650 
3255 3 3408 
3256 19 3276 3483 3650 
3258 95 3117 3173 3192 3200 3260 3274 3276 3291 3307 3351 3352 3404 3454 3480 3520 3541 3547 3557 3568 3587 3615 3643 3646 
3263 1 3265 
3264 1 3265 
3259 2 3265 
3260 8 3265 
3261 1 3265 
3262 9 3265 3480 3489 
3280 3 3307 
3274 69 3238 3352 3447 3454 3460 3537 3635 
3275 14 3117 3410 3417 3516 
3276 79 3117 3173 3180 3258 3291 3338 3376 3394 3404 3435 3439 3443 3529 3562 3615 3650 
3285 1 3307 
3284 20 3285 3506 3516 3556 3557 
3291 58 3334 3351 3352 3439 3506 3516 3562 3587 
3292 8 3291 3631 
3296 2 3307 
3297 51 3117 3238 3258 3307 3351 3371 3408 3498 
3298 1 3307 
3299 1 3307 
3300 5 3307 3338 3351 
3301 15 3307 3404 3483 3576 
3302 1 3307 
3303 1 3307 
1529 2 3307 
3304 31 3114 3173 3307 3371 3408 3435 3439 3473 3516 3529 3557 3580 3646 
3305 5 3307 
3282 5 3635 
3315 13 3260 
3290 36 3117 3351 3352 3489 3587 3650 
3317 15 3260 3439 3568 
2325 2 3320 3321 
3321 18 3238 3417 3456 
3326 18 3192 3443 
3333 15 3148 3371 3587 
3334 13 3394 3645 
3338 3 3408 
3343 13 3117 3541 
3345 35 3408 3473 3586 
3346 5 3454 
3348 25 3334 3351 3459 
3349 9 3351 3580 3587 
3350 55 3117 3144 3260 3321 3334 3351 3352 3443 3447 3452 3453 3454 3464 3489 3516 3615 3635 
3352 273 3114 3117 3125 3140 3144 3173 3180 3192 3258 3260 3276 3291 3309 3313 3346 3394 3404 3408 3417 3435 3443 3447 3452 3454 3455 3456 3464 3483 3516 3529 3537 3557 3562 3567 3568 3607 3615 3631 3635 3643 3645 3650 
3354 5 3371 
3355 3 3348 
3360 1 3348 
3356 1 3348 
3357 2 3348 
3358 1 3348 
3359 1 3348 
3306 7 3348 3376 3645 
3361 2 3348 
3362 1 3348 
3368 1 3371 
3369 1 3371 
3370 1 3371 
3366 63 3334 3352 3371 3456 
3367 3 3371 
3373 12 3192 3615 
3374 4 3376 3489 3516 
3375 43 3260 3276 3334 3376 3464 3516 3520 3557 3562 3615 3629 3645 
3377 4 3489 3587 
3378 41 3321 3352 3417 3443 3452 3562 3635 
3379 19 3334 3473 3489 3516 
3380 42 3148 3173 3276 3408 3409 3439 3506 3516 3520 3615 3623 
3381 180 3238 3346 3489 3631 3634 
3384 3 3580 
3388 15 3352 3645 
3392 33 3284 3454 3529 3555 3650 
3394 156 3117 3125 3144 3173 3180 3260 3276 3291 3301 3334 3352 3404 3409 3410 3439 3446 3447 3453 3454 3455 3456 3473 3480 3483 3516 3529 3537 3541 3548 3562 3568 3615 3629 3634 3635 3645 3650 
3397 3 3408 
3399 3 3408 
3403 3 3408 
3402 122 3144 3180 3276 3321 3334 3352 3394 3433 3439 3443 3452 3453 3454 3455 3460 3464 3489 3516 3537 3607 3635 3645 
3036 7 3516 3592 
3404 89 3114 3148 3191 3238 3352 3408 3417 3454 3480 3489 3529 3548 3586 3587 3643 3650 
3405 1 3408 
3390 60 3274 3291 3321 3393 3408 3417 3435 3460 3537 
3407 1 3408 
3406 4 3352 3408 3541 
3417 30 3173 3321 3404 3447 3460 
3433 9 3321 3352 
3443 20 3456 
3445 21 3439 3443 
3439 88 3140 3148 3258 3260 3276 3291 3334 3456 3461 3473 3516 3538 3548 3556 3567 3587 3631 3650 
3447 271 3238 3274 3276 3291 3297 3309 3321 3334 3352 3376 3417 3452 3453 3455 3456 3458 3459 3464 3479 3537 3635 
3448 3 3464 
3449 314 3125 3140 3144 3274 3276 3284 3309 3321 3334 3352 3417 3433 3443 3447 3452 3453 3454 3456 3458 3460 3464 3479 3498 3537 3557 3607 3614 3635 3643 3645 
3450 27 3140 3443 3454 3464 3557 3645 
3451 98 3140 3144 3309 3321 3346 3439 3453 3454 3460 3464 3635 3645 
3452 131 3125 3274 3321 3352 3417 3433 3439 3443 3447 3453 3455 3456 3464 3498 3537 3586 3635 3643 
3453 319 3125 3140 3144 3238 3274 3284 3291 3309 3321 3334 3352 3393 3417 3433 3443 3447 3452 3454 3456 3459 3460 3464 3479 3537 3557 3568 3607 3635 3643 
3454 148 3117 3125 3180 3260 3276 3313 3321 3334 3352 3394 3433 3439 3443 3447 3452 3455 3464 3537 3557 3568 3615 3635 3643 3645 
3455 68 3276 3284 3321 3334 3433 3443 3447 3453 3460 3464 3537 3643 
3456 241 3125 3140 3144 3192 3238 3274 3291 3321 3352 3417 3433 3439 3443 3447 3452 3453 3454 3458 3459 3460 3464 3498 3537 3568 3607 3635 3645 
3457 166 3117 3125 3140 3144 3192 3276 3297 3352 3404 3417 3433 3455 3461 3464 3537 3541 3547 3555 3568 3607 3609 3634 3650 
3458 69 3191 3301 3447 3453 3454 3456 3464 3480 3498 3520 3529 3537 3586 3634 
3459 92 3456 3464 3643 
3460 22 3238 3464 
3461 101 3140 3271 3321 3447 3454 3455 3456 3464 3557 3607 3631 3643 
3462 54 3192 3352 3433 3443 3464 3557 
3463 56 3125 3140 3144 3321 3334 3352 3443 3454 3464 3635 
3465 3 3258 3459 
3466 17 3459 3473 
3467 1 3473 
3468 3 3473 3489 
3469 23 3192 3433 3452 3473 3529 3567 3587 3615 
3470 21 3148 3173 3473 3489 3580 3587 
3472 15 3352 3460 3473 3635 
3471 2 3473 
3479 102 3125 3192 3276 3321 3334 3352 3417 3439 3456 3537 3538 3568 3580 3587 3615 3631 
3480 18 3352 3458 3541 3650 
3481 17 3117 3480 3538 
3482 24 3114 3480 
3483 20 3276 3393 3417 3634 
3477 53 3117 3173 3260 3404 3506 3529 3557 3587 3646 3650 
3478 42 3394 3479 3586 
3487 1 3489 
3488 16 3117 3489 
3490 2 3321 
3496 10 3258 3562 
3498 114 3180 3238 3297 3309 3352 3393 3443 3452 3456 3460 3586 3631 
3510 1 3516 
3515 3 3516 3538 3587 
3511 1 3516 
3512 9 3516 
3513 4 3516 
3514 1 3516 
3519 48 3117 3258 3291 3352 3443 3456 3529 3568 3615 
3520 1 3529 
3521 29 3117 3125 3258 3291 3334 3443 3498 3529 3568 
3522 71 3192 3291 3334 3393 3394 3447 3453 3455 3456 3529 3554 3557 3650 
3523 28 3114 3148 3520 3529 
3524 1 3529 
3525 16 3200 3404 3529 3541 
3526 6 3529 
3527 64 3117 3200 3260 3352 3480 3483 3529 3576 3631 3646 3650 
3386 12 3117 3456 
3532 5 3548 
3536 6 3520 
3541 81 3117 3200 3260 3276 3394 3404 3454 3480 3562 3576 3616 3645 3650 
3542 5 3453 
3543 3 3548 
3544 7 3276 3609 3646 
3553 8 3276 3587 
3555 14 3537 
3556 14 3200 3276 3541 
3557 10 3615 3645 
3560 16 3125 3320 
3561 4 3562 
3562 40 3260 3537 3541 3580 3650 
3564 2 3480 
3567 18 3148 
3568 147 3114 3125 3192 3258 3321 3334 3352 3394 3417 3439 3443 3454 3456 3460 3463 3479 3537 3557 3562 3615 3635 3645 
3569 42 3148 3173 3200 3352 3537 3541 3557 3580 3646 3650 
3579 2 3580 
3578 2 3580 
3587 15 3459 
3581 1 3587 
3582 1 3587 
3583 4 3587 
3584 1 3587 
3585 2 3587 
3586 156 3238 3291 3293 3334 3498 3587 3634 
3589 5 3276 
3528 13 3276 
3591 13 3334 3352 3454 3568 3615 3645 
3590 1 3591 
3593 26 3456 
3598 4 3173 3192 
3595 2 3173 3537 
3599 1 3173 
3600 12 3173 3650 
3601 52 3173 3334 3459 3645 3646 
3596 1 3173 
3597 13 3173 3192 3404 
3603 12 3433 
3607 24 3352 3456 
3610 4 3148 
3611 22 3114 3148 3404 
3613 1 3616 
3614 205 3192 3238 3274 3276 3284 3291 3309 3352 3393 3394 3417 3443 3447 3452 3455 3456 3458 3459 3460 3537 3554 3557 3562 3568 3586 3607 3616 3634 3643 
3615 144 3117 3125 3140 3180 3192 3200 3258 3260 3291 3352 3394 3404 3439 3443 3452 3453 3455 3456 3483 3541 3557 3562 3568 3607 3616 3635 3645 3650 
3618 1 3148 
3619 1 3148 
3622 22 3352 3480 3650 
3624 64 3125 3274 3334 3404 3461 3568 
3625 4 3520 
3629 4 3114 3537 
3604 2 3629 
3628 1 3629 
3630 32 3117 3439 3454 3562 3650 
3631 91 3180 3192 3258 3276 3313 3352 3452 3456 3463 3562 3568 3615 3650 
3632 1 3650 
3633 48 3117 3260 3480 3557 3576 3650 
3634 82 3144 3352 3393 3394 3443 3456 3635 3643 3650 
3635 63 3117 3180 3192 3276 3291 3352 3394 3439 3454 3562 3568 3615 3631 3650 
3636 11 3276 3646 3650 
3637 4 3117 3650 
3638 1 3650 
3639 12 3144 3309 3537 3650 
3640 1 3650 
3641 212 3117 3191 3192 3238 3258 3260 3334 3352 3393 3404 3417 3439 3454 3456 3459 3460 3537 3562 3568 3607 3615 3631 3643 3650 
3642 362 3191 3238 3274 3291 3334 3346 3459 3479 3498 3586 3614 3634 3643 3650 
3643 44 3260 3321 3417 3461 3634 3645 3650 
3645 40 3125 3144 3260 3291 3439 3562 3568 3650 
3649 1 3650 
3646 9 3650 
3647 13 3260 3352 3650 
3651 1 3537 
3652 1 3537 
3658 39 3192 3352 3417 3537 3568 
3659 38 3117 3352 3394 3404 3568 
3660 87 3117 3144 3180 3260 3276 3291 3352 3394 3447 3463 3557 3562 3568 3607 3615 3631 3645 3646 
3661 36 3180 3192 3200 3260 3352 3463 3555 3562 3568 3615 3631 
3662 10 3352 
3663 1 3352 
3664 1 3352 
3665 20 3352 3459 
3666 144 3180 3191 3192 3260 3274 3284 3352 3393 3394 3452 3454 3456 3460 3483 3554 3557 3562 3568 3586 3615 
3667 6 3117 3276 3352 
3674 2 3557 
3678 17 3404 3480 3483 
3682 75 3180 3260 3276 3291 3394 3404 3463 3483 3541 3562 
3689 2 3352 
3691 95 3238 3301 3352 3394 3452 3456 3480 3537 3557 3568 3615 3634 
3700 2 3645 
3709 7 3404 
2067 3 3114 
3714 15 3258 3562 
3719 14 3117 3260 3394 3541 3562 3645 
3723 7 3459 
3724 93 3117 3125 3144 3192 3258 3291 3313 3346 3439 3483 3555 3562 3568 3615 3645 
3571 45 3144 3586 3634 3643 
3728 85 3192 3276 3352 3456 3458 
3729 11 3562 
3731 15 3200 3480 3557 3646 
3742 3 3443 
3743 10 3443 3456 
3747 4 3334 
3748 30 3192 3452 3456 3537 
3752 15 3615 
3720 11 3260 3562 3568 3615 
3762 8 3394 
3763 3 3452 
3766 9 3271 3453 3480 
3767 16 3117 3192 3394 
3770 22 3180 3346 
3771 3 3480 3643 
3775 12 3180 3394 
3777 11 3568 3646 
3779 2 3480 
3780 3 3480 
3781 1 3480 
3782 3 3480 
3784 1 3480 
3783 1 3480 
3785 18 3276 3483 3562 
3786 99 3260 3334 3456 3541 3562 3631 
2975 2 3541 
3787 232 3140 3191 3192 3260 3276 3291 3309 3321 3334 3346 3352 3393 3394 3439 3443 3454 3455 3456 3459 3460 3479 3537 3554 3557 3568 3631 
3792 27 3238 3276 3456 
3796 113 3274 3276 3284 3321 3352 3433 3447 3452 3453 3537 3568 3607 3615 3635 
3794 46 3284 3433 3443 3453 3537 3568 
3798 23 3117 3180 3260 3586 
3800 3 3454 3568 
3806 45 3144 3192 3291 3352 3447 3458 3554 3643 
3812 53 3125 3180 3258 3320 3352 3417 
3813 94 3144 3192 3276 3313 3334 3346 3352 3394 3456 3537 3562 3568 3615 3645 
3814 47 3125 3144 3180 3258 3260 3313 3320 3346 3568 3615 
3815 20 3260 
3817 1 3200 
3823 2 3541 
3824 1 3541 
3830 20 3321 3456 
3835 35 3321 3334 
3839 5 3562 
3842 15 3260 3404 
3843 18 3276 3443 3453 3455 3458 
3845 8 3554 
3854 82 3192 3238 3274 3276 3352 3404 3443 3447 3452 3456 3498 3537 3562 3607 3643 
3855 6 3404 3483 3615 
3862 2 3562 
3863 5 3192 3537 
3871 5 3321 
3872 15 3321 
3648 9 3117 3483 3576 
3876 3 3117 
3878 1 3117 
3877 13 3117 3643 
3883 1 3483 
3894 1 3576 
3897 9 3568 
3902 43 3321 3352 3453 3455 3456 3460 3635 
3910 33 3334 3352 3456 
3911 2 3643 
3912 17 3291 3615 
3916 42 3274 3586 
3917 29 3125 3144 3352 3568 3645 
3919 15 3614 
3922 7 3191 
3925 7 3144 3634 
3948 26 3144 3180 3260 3291 3631 3645 
3949 30 3258 3260 3562 
3954 2 3260 
3956 85 3180 3276 3320 3439 3452 3454 3455 3456 3461 3537 3568 3643 3645 
3961 16 3180 
3962 4 3260 
3964 1 3260 
3965 89 3260 3297 3321 3334 3352 3394 3454 3463 3568 3615 3645 
3963 1 3260 
3969 90 3125 3144 3291 3334 3346 3352 3452 3456 3537 3607 3615 3635 
3971 7 3192 3458 
3973 33 3192 3276 3291 3394 3562 3615 
3976 145 3180 3271 3276 3334 3352 3455 3456 3459 3537 3643 
3977 14 3562 3645 
3982 20 3352 3456 
3985 32 3140 3291 3454 3460 3498 3631 3634 3635 
3991 7 3320 3562 
4001 28 3321 3394 3454 3568 
4007 15 3192 3258 3394 3562 
4008 7 3276 
4020 6 3192 
4026 2 3313 
4036 147 3274 3276 3293 3352 3443 3456 3458 3562 3586 3607 3631 
4037 15 3498 
4040 104 3321 3334 3352 3381 3454 3562 3586 3615 3635 3643 
4039 9 3562 
4041 68 3276 3458 3460 3498 3554 3634 3643 
4042 21 3291 3615 3631 
2981 44 3238 3309 3321 3381 3447 3456 3460 3537 3568 
4044 89 3271 3321 3334 3352 3433 3447 3452 3453 3454 3455 3460 3537 3607 
4045 257 3125 3140 3144 3284 3291 3309 3321 3352 3433 3447 3452 3453 3455 3498 3537 3586 3607 3614 3635 3643 3645 
4046 89 3276 3334 3346 3352 3452 3453 3458 3459 
4056 23 3452 3458 
4059 4 3562 
4061 1 3562 
4062 4 3125 3562 
4063 27 3125 3447 3454 3562 3568 3645 
4077 77 3334 3352 3433 3447 3454 3456 3460 3537 3562 3568 3635 3645 
4078 2 3562 
4064 1 3562 
4065 131 3125 3140 3144 3309 3346 3433 3439 3443 3447 3452 3453 3454 3562 3568 3607 3615 3634 3643 3645 
4066 5 3352 3439 3562 3568 
4067 1 3562 
4068 6 3346 3562 
4069 1 3562 
4079 4 3562 
4070 111 3144 3274 3276 3284 3417 3455 3458 3562 3586 
4071 17 3192 3460 3562 
4072 29 3334 3352 3557 3562 3643 
4073 115 3191 3192 3274 3284 3443 3447 3452 3453 3454 3455 3456 3537 3562 3614 3634 3643 3645 
4074 33 3276 3346 3439 3562 3645 
4075 1 3562 
4082 15 3456 
4089 3 3309 3453 
4098 8 3568 
4099 155 3191 3238 3271 3274 3291 3334 3417 3452 3453 3455 3456 3459 3460 3498 3634 3635 3643 
4104 3 3352 
4111 16 3125 3463 3645 
4119 6 3352 
4076 86 3276 3291 3321 3334 3352 3394 3454 3456 3463 3615 3631 
4123 25 3291 3394 3463 3615 3631 
4124 50 3276 3352 3394 3439 3447 3463 3537 3568 3615 3631 
4127 41 3192 3276 3291 3443 3447 3452 3631 
4128 9 3192 3291 
4136 26 3192 3291 3394 3615 3631 
4137 7 3192 3568 
4138 64 3125 3144 3192 3274 3439 3456 3568 3645 
4141 5 3125 3568 
4142 37 3125 3144 3192 3309 3352 3394 3439 3453 3460 3635 3645 
4144 76 3191 3393 3394 3447 3455 3498 3586 
4150 16 3334 3352 
4151 84 3125 3144 3238 3321 3352 3443 3447 3453 3454 3456 3537 3568 3586 3615 3643 3645 
4152 43 3125 3144 3352 3439 3443 3453 3454 3568 3615 
4162 16 3452 
4155 5 3615 
4175 8 3498 
3819 10 3631 
4186 6 3334 
4189 11 3192 3394 3643 
4191 20 3125 3334 3456 
4197 7 3144 3615 
3995 57 3394 3456 3479 3498 3586 3634 
4211 65 3291 3321 3334 3352 3439 3455 3460 3537 3568 3635 
4212 53 3433 3439 3443 3447 3452 3456 3537 
4215 2 3439 
4213 3 3439 
4214 9 3144 3439 3568 3645 
4216 1 3140 
4219 112 3284 3309 3321 3334 3352 3433 3443 3453 3456 3607 3635 3643 
4220 3 3443 
4222 41 3125 3140 3274 3352 3635 
4223 7 3443 
4224 17 3309 3352 3635 
4221 42 3238 3274 3284 3447 3459 
4228 3 3615 
4231 1 3615 
4233 2 3284 
4009 2 3631 
4238 1 3631 
4248 1 3291 
4229 4 3463 
4257 2 3463 
4261 24 3276 3334 3447 3537 3568 
4266 11 3352 
4275 5 3192 3537 
4273 23 3192 3276 3454 3568 
4276 52 3192 3352 3417 3456 3460 3586 3643 
213 1 3192 
4277 1 3192 
4274 1 3192 
4278 1 3192 
4279 1 3192 
4280 1 3192 
4282 6 3334 
4290 2 3394 
4292 4 3568 
4295 17 3125 3284 3645 
4297 38 3125 3334 3645 
4298 9 3125 3643 
4312 5 3447 3568 3645 
4313 5 3568 
4314 4 3568 
4315 29 3568 3645 
4316 8 3447 3452 3568 
4317 3 3454 3568 
4318 3 3568 
4319 4 3568 
4320 2 3568 
4321 1 3568 
4324 8 3140 3309 
4331 2 3634 
4338 40 3291 3352 3458 3459 3537 3554 3607 
4347 55 3554 
4353 80 3417 3456 3634 
4354 6 3284 3443 3452 
4355 50 3352 3417 3447 3453 3455 3459 3537 3634 
4364 39 3309 3346 3443 3453 3456 3554 
4363 22 3291 3321 3352 3458 
4371 6 3125 
4377 11 3334 
4415 17 3433 
4422 15 3293 3645 
4428 12 3537 
4430 6 3443 
4433 24 3125 3321 3454 3557 
4437 70 3140 3238 3309 3321 3455 3459 3460 3557 3635 
4441 202 3238 3309 3310 3334 3381 3393 3417 3433 3443 3447 3452 3453 3455 3458 3479 3537 3614 3634 3635 
4442 18 3456 
4443 7 3352 
4448 36 3140 3321 3417 3453 3460 
4451 9 3334 
4454 1 3645 
4455 22 3334 3459 3645 
4456 4 3645 
4457 1 3645 
4465 4 3144 
4468 18 3456 
4469 1 3144 
4474 2 3453 
4485 12 3453 3454 3635 
4483 153 3238 3274 3291 3352 3447 3459 3479 3537 
4486 20 3352 3417 3443 3456 
4488 50 3238 3352 3443 3456 
4489 15 3238 3456 3498 
4504 2 3125 3443 
4502 2 3125 
4503 1 3125 
4509 11 3537 
4511 15 3443 3453 
4527 14 3537 
4531 14 3140 3352 3454 3557 
4534 19 3352 3456 3498 
4535 5 3537 
4536 81 3276 3284 3334 3393 3447 3459 3643 
4542 9 3334 
4547 45 3140 3276 3447 3453 3454 3458 3460 3537 
4550 100 3393 3417 3456 3459 3460 
4557 16 3586 3643 
4553 3 3334 
4563 11 3140 3454 3554 
4564 33 3140 3276 3334 3352 3443 3454 3643 
4565 2 3454 
4566 3 3454 
4567 2 3454 
4568 1 3454 
4569 1 3140 
4574 40 3334 3455 3456 3586 
4576 10 3447 
4581 3 3433 
4586 9 3352 
4587 27 3452 3453 3498 3537 3634 
4588 11 3352 3443 3460 
4595 3 3453 
4598 71 3334 3352 3459 3498 
4609 2 3443 
4616 7 3238 
4618 4 3453 
4622 1 3443 
4623 2 3352 3443 
4624 2 3443 
4625 4 3443 
4629 1 3443 
4626 5 3443 3456 
4627 1 3443 
4487 31 3456 
4632 228 3191 3393 3447 3460 3479 3498 3554 3586 3643 
4649 1 3309 
4651 2 3453 
4652 8 3453 
4653 114 3276 3291 3393 3417 3447 3453 3455 3456 3459 3460 3537 
4654 2 3453 
4655 2 3321 3453 
4659 3 3321 
4660 1 3321 
4661 19 3321 3635 
4662 46 3238 3276 3321 3334 3460 3631 
4663 10 3321 
4647 11 3433 3447 3456 
4665 9 3417 3460 3537 
4666 24 3293 
4673 96 3284 3291 3614 3634 
4669 13 3334 
4671 7 3554 
4674 3 3460 
4681 20 3297 3334 3460 
4683 1 3460 
4682 14 3460 3635 
4686 57 3456 3554 
4687 23 3479 
4688 59 3276 3334 3352 3433 3447 3452 3458 3607 3635 3643 
4705 3 3334 
4709 25 3456 3586 
4717 62 3293 3334 3459 
4718 46 3456 3460 
4712 121 3238 3334 3459 3635 3643 
4723 1 3635 
4725 36 3284 3334 3452 
4726 15 3459 
4742 2 3352 
4739 11 3310 
4746 18 3276 3352 3458 3537 
4751 4 3352 
4756 34 3334 
4748 38 3284 
4760 7 3352 
4761 1 3352 
4762 1 3352 
4763 1 3352 
4764 53 3293 3352 3459 3631 
4765 4 3352 
4771 3 3352 
4766 1 3352 
4781 27 3274 3498 
4788 20 3460 
4792 62 3447 
4814 20 3455 
4813 46 3456 3479 3498 3614 
4818 28 3334 3455 
4824 101 3274 3456 3459 3537 3586 
4829 78 3417 3456 3459 3460 
4837 2 3498 
4859 30 3276 3447 3452 3537 3607 
4846 34 3456 
4852 3 3498 
4855 2 3334 
4866 2 3433 
4879 28 3334 3459 3537 
4881 4 3334 
4882 3 3334 
4883 5 3334 
4884 4 3334 
4885 4 3334 3447 3455 
4891 7 3433 
4893 5 3433 
4894 79 3274 3276 
4898 11 3276 
4899 169 3238 3274 3284 3393 3417 3456 3460 3537 3586 3634 3643 
4929 9 3456 
4931 1 3433 
4932 2 3433 
4933 3 3433 
4934 6 3456 
4937 17 3537 
4943 31 3537 
4947 10 3276 3284 3537 3643 
4948 214 3238 3274 3276 3284 3393 3417 3447 3452 3455 3456 3459 3460 3537 3554 3607 
4960 8 3291 
4963 13 3455 3537 
4964 60 3284 3393 3447 3537 3586 3631 
4967 361 3191 3238 3274 3291 3376 3393 3417 3456 3459 3460 3479 3498 3537 3586 3614 3631 3634 3643 
4938 12 3417 
4973 8 3452 3537 
4974 44 3284 3447 3537 3586 
4975 2 3455 
4980 16 3274 
4981 53 3586 
4982 43 3393 3455 3537 
4977 3 3607 
4989 7 3447 3458 
4994 19 3634 
5002 115 3456 3459 3631 3634 3643 
5003 2 3607 
5005 1 3607 
4897 1 3458 
5006 28 3456 3458 3459 
5008 27 3447 3456 
5009 14 3447 
5010 4 3447 
5011 10 3447 
5012 14 3393 3417 3447 
5013 7 3447 
5022 172 3191 3291 3459 3479 3614 
5020 139 3191 3334 3393 3417 3456 3459 3460 3554 3643 
5024 4 3537 
5028 43 3238 3452 
5029 26 3417 3452 3456 
5032 2 3334 
5036 4 3537 
5037 18 3334 3459 
5039 7 3284 3455 3537 
5040 3 3537 
5043 2 3284 
5053 52 3238 3498 
5059 26 3346 3537 
5060 3 3537 
5061 13 3537 
5062 1 3537 
5063 1 3537 
5068 10 3455 
5072 3 3498 
5077 1 3284 
5078 3 3284 
5079 271 3191 3284 3291 3297 3334 3346 3417 3456 3459 3460 3479 3498 3586 3614 3634 3643 
5080 3 3284 
5081 5 3284 
5089 8 3479 
5099 14 3459 
5106 33 3643 
5102 54 3238 3293 3459 3643 
5103 127 3238 3614 3631 3634 
5111 7 3334 
5110 84 3417 3460 3479 3498 3614 
4828 168 3238 3291 3346 3586 
5123 69 3456 3586 3634 
5125 54 3479 3634 
5139 11 3191 3643 
5140 51 3291 3634 
5151 3 3456 
5166 48 3238 3456 3643 
5171 41 3498 3634 3643 
5172 29 3238 3274 3456 3498 
5173 122 3334 3346 3459 3631 
5175 35 3393 
4795 73 3634 
5176 139 3191 3274 3393 3456 3459 3460 3586 3643 
5177 101 3191 3459 3586 3614 3634 
4310 278 3238 3274 3291 3417 3456 3459 3586 3614 3634 3643 
5179 217 3238 3274 3459 3479 3614 3631 3643 
5180 49 3274 3586 3643 
5181 41 3456 
5182 14 3498 
5184 68 3393 3417 3456 3460 3643 
5185 152 3238 3291 3334 3614 3634 
5188 211 3238 3274 3291 3393 3456 3459 3631 3634 
5189 312 3191 3238 3274 3334 3417 3456 3459 3460 3498 3586 3634 
5190 80 3274 3417 3456 
5191 10 3554 
5196 32 3238 
5198 6 3456 
5202 2 3460 
5203 15 3417 
5215 8 3634 
5217 21 3238 3631 
5233 24 3393 
5238 3 3459 
5243 19 3459 
5246 44 3191 3459 3586 3643 
5255 8 3417 3460 
5262 59 3191 3643 
5263 75 3191 3274 3393 
5267 2 3460 
5286 10 3417 3460 
5294 1 3417 
5295 22 3417 
5296 16 3417 3554 3634 
5301 61 3498 3643 
5313 12 3456 
5316 24 3456 3586 3634 3643 
5320 11 3456 
5321 32 3191 
5323 3 3459 
5324 16 3191 3393 3456 
5333 3 3460 
5339 10 3456 
5342 30 3586 
5343 2 3586 
5352 3 3460 
5353 1 3460 
5264 7 3554 
5361 6 3191 3393 
5382 19 3456 
5391 37 3334 3498 
5404 40 3334 
5405 4 3456 
5399 8 3643 
5423 48 3479 3614 
5421 4 3456 
5427 37 3393 3586 
5437 26 3586 
5439 66 3459 
5445 63 3238 3334 3381 
5452 17 3554 3634 
5457 44 3191 3498 
5468 10 3456 
5474 8 3554 
5478 9 3456 
5479 28 3238 
5484 22 3459 3586 
5485 21 3238 
5487 30 3393 
5462 19 3456 
5512 2 3456 
5520 2 3643 
5521 3 3456 
5524 389 3238 3291 3293 3310 3334 3346 3381 3459 3498 3586 3631 3634 
5526 6 3459 
5531 243 3274 3291 3393 3459 3479 3631 3634 
5532 26 3291 
5534 14 3643 
5193 18 3376 3634 
5542 1 3456 
5543 137 3334 3456 3459 3498 3586 3634 3643 
5544 4 3456 
5552 8 3238 
5553 46 3293 
5562 13 3274 
5582 105 3291 3498 3631 3634 3643 
5591 27 3291 
5596 30 3631 
5605 11 3334 
5612 66 3291 3297 3459 3634 3643 
5614 7 3293 
5617 22 3459 
5620 7 3346 3459 
5624 28 3191 3293 3586 
5630 36 3498 
5633 1 3393 
5655 139 3334 3586 3643 
5684 18 3191 
5691 49 3191 3459 3643 
5696 50 3291 3479 
5697 230 3191 3334 3459 3479 3498 3586 3614 3631 3634 
5702 10 3238 3634 
5708 7 3191 
5714 44 3334 3586 3643 
5718 1 3274 
5739 45 3459 3643 
5761 9 3334 
5770 6 3586 
5775 42 3297 3334 3459 3631 
5771 9 3459 
5772 15 3459 
5773 75 3238 3334 3459 
5783 23 3191 
5787 32 3498 
5796 191 3238 3291 3334 3459 3498 3586 3614 3634 3643 
5797 3 3634 
5798 12 3346 
5799 23 3479 3614 
5800 222 3238 3297 3310 3346 3381 
5802 385 3291 3293 3297 3310 3334 3346 3381 3459 3614 3631 3634 
5803 2 3634 
5807 27 3334 
5808 6 3479 
5809 21 3191 
5810 29 3291 
5811 79 3334 
5812 41 3291 3459 3479 3614 3634 
5814 144 3238 3293 3459 
5816 84 3291 3334 3459 3479 3634 
5817 75 3291 3459 3631 
5818 67 3459 3479 3498 3614 
5819 61 3498 3586 3634 3643 
5820 20 3381 
5822 98 3291 3334 3346 3459 3634 
5834 6 3191 3643 
5839 41 3459 
5836 11 3586 
5855 8 3498 
5857 92 3334 3459 3586 3634 3643 
5873 6 3376 
5883 2 3586 
5895 1 3461 
5908 19 3334 
5915 52 3310 3381 
5871 50 3191 3334 3459 3643 
5928 4 3459 
5927 10 3293 
5932 33 3459 
5934 42 3291 
5939 3 3191 
5960 4 3191 
5961 11 3614 
5980 8 3634 
5981 6 3586 
5982 4 3586 
5983 1 3586 
5984 10 3334 3586 
5985 1 3586 
5986 1 3586 
5987 1 3586 
5988 4 3586 
5989 1 3586 
5990 1 3586 
5998 81 3291 3381 3634 
5999 20 3334 3459 
6006 68 3631 
6007 6 3498 
6016 10 3238 
6020 25 3498 
6024 17 3334 3459 3634 
6023 30 3479 
6026 3 3334 
6028 1 3643 
6043 39 3310 3498 
6045 7 3334 
6072 54 3293 3297 
6068 32 3498 3634 
6075 18 3498 
6097 26 3498 
6146 9 3614 
6151 13 3498 
6169 3 3291 
6174 10 3238 3498 
6175 1 3498 
6176 3 3498 
6177 2 3498 
6198 14 3459 
6217 31 3291 
6218 53 3334 3459 
6220 18 3634 
6221 31 3297 
6229 19 3238 
6241 75 3238 3291 3634 
6248 10 3634 
6270 88 3291 3334 3346 3459 3634 
6272 76 3334 3459 3634 
6274 9 3459 
6280 52 3334 
6299 78 3238 3334 
6305 190 3291 3297 3310 3459 3479 3631 3634 
6320 23 3291 
6323 44 3291 3334 3459 
6317 5 3479 
6324 6 3614 
6360 35 3346 3479 3614 
6377 17 3459 
6327 108 3346 3459 3631 
6394 8 3634 
6442 4 3238 
6443 70 3238 3310 3334 3459 
6479 13 3459 3634 
6483 28 3291 
6484 10 3238 
6488 22 3459 3634 
6494 101 3238 3381 3459 3631 
6501 17 3334 3459 
6502 12 3238 
6503 4 3634 
6510 54 3293 3297 3346 3459 
6518 33 3459 3631 
6523 33 3334 3459 
6460 58 3291 3334 
6538 21 3459 
6544 1 3634 
6545 5 3634 
6546 2 3634 
6547 1 3634 
6548 10 3634 
6555 35 3381 3459 
5273 12 3334 3459 
6560 43 3459 
6123 24 3334 3459 
6552 29 3334 3459 
6596 177 3238 3293 3297 3310 3334 3381 
6618 91 3293 3297 
6619 104 3334 3346 
6615 160 3310 3334 3346 3381 3459 3631 
6622 5 3346 
6624 135 3238 3293 3310 3381 3459 3631 
6627 50 3346 3459 
6655 7 3346 
6657 11 3293 
6665 29 3631 
6702 10 3334 
6714 100 3334 3346 3459 3631 
6611 15 3459 
6766 22 3459 
6772 77 3346 
6784 42 3459 
6790 11 3459 
6620 93 3346 3459 3631 
6866 4 3238 
6865 19 3459 
6885 19 3334 
6900 31 3297 3334 3459 
6902 28 3334 
6913 44 3631 
6914 95 3297 3346 3459 
6906 49 3346 3631 
6907 191 3238 3293 3297 3310 3346 3381 3631 
6916 54 3334 3459 
6918 29 3297 3334 3631 
6934 65 3238 3334 3459 
6941 57 3238 3459 
5529 39 3459 3631 
6951 47 3459 
6316 19 3459 
6971 6 3459 
6972 1 3459 
6974 2 3459 
6975 10 3334 3459 
6976 41 3334 3459 
6993 81 3310 3381 
7023 8 3346 
7026 13 3297 
7052 142 3238 3459 
7045 36 3238 3381 
7053 31 3297 3459 
7054 40 3238 3459 
7046 21 3238 3334 3459 
7047 161 3238 3293 3297 3381 
7055 98 3238 3381 3459 
7056 37 3381 
7049 27 3310 3381 
7057 118 3297 3334 3459 
7063 16 3238 
7080 70 3297 3381 3459 
6946 68 3238 
7086 123 3293 3297 3346 
7090 11 3459 
7092 93 3310 3346 3459 
5015 14 3293 
7096 5 3459 
7099 18 3631 
7104 15 3631 
7113 12 3334 
7120 18 3238 3381 
7131 24 3238 
7132 30 3238 
7184 2 3631 
7187 1 3631 
7188 14 3631 
7189 3 3631 
7225 47 3310 3459 
7231 101 3238 3310 3381 
7241 21 3346 
7262 11 3381 
7277 4 3334 
7280 89 3238 3293 3297 3310 3381 
7294 39 3334 3459 
7343 12 3238 3334 
7352 15 3310 3334 3459 
7378 38 3334 
7390 24 3238 
7321 3 3293 
7394 5 3293 
7402 5 3334 
7409 10 3334 
7424 4 3334 
7425 7 3334 
7426 2 3334 
7427 1 3334 
7428 2 3334 3459 
7429 1 3334 
7430 1 3334 
7431 1 3334 
7449 39 3297 
7490 27 3238 3310 3381 
7517 2 3293 
7376 4 3459 
7549 2 3459 
7554 3 3459 
7564 31 3238 3293 
7579 9 3310 
7586 7 3238 
7594 4 3293 
7598 33 3238 
7614 39 3238 3310 
7649 10 3238 
7661 4 3381 
7663 1 3238 
7664 1 3238 
7665 6 3238 
7682 36 3297 
7695 3 3381 
7726 3 3310 
7744 50 3310 3381 
7766 13 3310 
7774 35 3293 
7862 11 3293 
7865 24 3293 
7902 21 3293 
7980 15 3297 
8060 5 3293 
8061 5 3293 
