30 5 5254 
6 302 4792 4942 5323 
11 743 4796 4808 4811 4814 4820 4827 4938 4962 5026 5037 5055 5073 5092 5100 5106 5130 5132 5144 
20 187 5327 
24 309 4792 4796 4811 4827 4944 4953 4999 5026 5037 5055 5123 5162 5254 5327 5341 
36 227 4781 4929 5022 5144 
44 44 4795 4875 5055 5254 
47 146 5254 
53 39 5079 
58 38 5079 5254 
27 102 4828 5210 5254 
72 164 4994 5022 5061 5079 5254 5321 
86 122 4828 4962 5028 
71 109 5058 5079 5254 
87 195 5020 5022 5028 5055 5072 5200 5210 5254 5308 
99 24 5022 5055 
103 68 4808 4929 4944 
104 30 5022 
68 275 4791 4795 4828 4875 4884 4896 4944 4981 5002 5022 5061 5079 5096 5123 5179 5188 5210 5226 5233 5245 5254 5262 5288 5323 
109 190 4786 4795 4798 4940 4994 5002 5022 5028 5079 5096 5140 5179 5188 5200 5210 5254 5273 5295 5321 
110 95 4981 5079 
120 8 4795 
122 213 4953 4964 4977 4999 5155 5254 5335 
113 89 4820 4940 5002 5022 5072 5178 
126 25 5022 
127 132 4811 4999 5254 
132 29 5321 
136 99 4786 4795 5140 
143 94 5288 
145 18 5189 
154 61 4875 
155 28 5079 
172 123 4798 4994 
173 334 4828 4875 5026 5028 5037 5055 5100 5106 5130 5254 5335 
166 93 4875 5002 5210 5246 5254 5288 
203 31 5123 5254 
231 50 5226 5263 
232 23 5254 
237 41 5254 
255 86 5073 
259 56 5210 5254 
263 22 5222 
265 31 5083 5254 
270 14 5106 
275 56 5254 
280 76 4808 
291 35 4811 
290 71 4983 
306 244 5123 5176 5182 
308 142 5288 
310 230 4827 4828 5072 5210 5222 5239 5288 
311 321 4884 5020 5022 5179 5254 5335 
305 7 5130 
319 199 4827 4828 4954 4962 4994 5002 5020 5026 5072 5073 5075 5178 5182 5226 5273 5335 
335 46 4814 4820 4994 5083 
336 31 5233 
339 80 5335 5341 
346 86 4811 4814 4820 4822 4875 
351 11 5254 
371 117 5288 
383 45 4977 5254 
395 42 5028 5199 
398 7 5295 
407 145 4846 4980 
325 25 4808 
425 79 4875 5079 5233 5321 
432 157 4827 5073 5130 5222 
412 21 5055 
456 5 4981 
457 732 4781 4791 4792 4795 4797 4798 4811 4814 4820 4824 4827 4828 4831 4846 4875 4879 4899 4929 4940 4944 4953 4964 4980 4986 4994 4999 5002 5012 5020 5022 5037 5045 5055 5058 5061 5072 5092 5100 5121 5130 5140 5148 5178 5179 5188 5189 5199 5200 5204 5210 5222 5226 5233 5239 5245 5246 5254 5262 5273 5285 5288 5289 5295 5305 5321 5335 
546 142 4795 5254 5273 5295 5298 
553 22 5254 
580 30 4899 4983 5103 5106 5144 
583 26 4977 
582 34 4796 4808 4811 4875 
600 214 5226 5254 5341 
634 150 4929 4994 5002 5103 5106 5200 5233 5288 
637 25 4820 5254 
663 158 4846 4980 5092 5144 5204 
686 83 5233 
695 118 4962 4999 5233 
704 81 5204 
722 264 4797 4798 4820 4980 5022 5263 5323 5326 5341 
727 32 4828 
737 232 4791 4875 4953 4983 5002 5012 5028 5037 5064 5096 5132 5144 5148 5179 5188 5199 5210 5233 5239 5246 5254 5273 5288 5295 5321 5341 
738 8 5301 
742 93 4820 4875 5002 5073 
748 1 5210 
697 100 4820 4953 4962 4964 5215 
749 66 4953 4981 5239 5254 
758 2 5130 
759 77 5072 5321 
763 68 4953 5037 5073 5222 5288 
766 773 4781 4792 4795 4797 4798 4808 4814 4820 4824 4827 4828 4846 4879 4884 4899 4929 4938 4944 4953 4962 4964 4977 4980 4981 4983 4986 4994 4999 5002 5022 5026 5033 5037 5055 5058 5061 5072 5073 5075 5079 5092 5096 5100 5103 5106 5121 5123 5130 5132 5140 5144 5148 5155 5178 5182 5188 5189 5199 5200 5204 5215 5222 5226 5239 5245 5254 5262 5273 5323 
762 50 4875 5148 5162 
769 146 5210 5254 
788 113 4786 4795 4798 4980 5200 5233 
784 224 4820 4875 5100 
789 317 4792 4797 4808 4811 4814 4820 4824 4827 4828 4875 4929 4953 4977 4999 5022 5026 5055 5058 5072 5073 5083 5092 5100 5120 5123 5130 5155 5178 5182 5204 5210 5222 5239 5254 5288 5323 5327 5335 
791 41 5079 5254 
805 90 5022 
813 272 4781 4828 4999 5026 5092 5100 5103 5123 
816 29 5132 5254 
825 165 4783 4820 4827 4986 5020 5123 5233 5262 5263 5301 
831 12 5162 
841 61 4828 4964 5132 5144 5162 5204 5215 5222 
840 7 5002 
854 99 4792 4827 4929 5200 5254 
856 91 4820 5002 5083 5233 
852 39 5079 
865 97 4846 5254 
879 122 4814 4938 4962 5295 
469 10 5254 
896 26 5254 5335 
898 10 4796 
909 12 5079 5233 
935 22 5106 
947 27 4796 4962 
948 29 4879 5083 5253 
950 9 4797 4994 
963 3 4875 
967 16 5210 
974 36 4962 4981 
982 47 5073 
984 7 5210 
985 6 5210 
988 292 4962 4999 5022 5210 
993 238 5064 5100 5210 
994 45 4953 
996 297 4797 4820 4875 4929 4964 5022 5079 5162 5233 5254 5263 5288 5335 
1000 60 5176 
1006 138 4983 
1004 12 4846 5178 5305 
1008 8 4875 5254 
1024 41 5055 
1032 39 5222 
1034 33 4828 
1037 86 4875 5022 5079 
1041 49 4796 4828 4875 5022 5262 5285 5308 5309 5326 
1042 41 5155 5254 
1043 21 4953 
1044 9 5055 
1051 46 4827 4953 5022 5335 
1055 196 4797 4811 4820 4875 5002 5022 5123 5148 5254 5288 
1063 29 5037 5273 
1074 95 4791 4994 5002 5037 5140 5188 5254 
1075 74 5254 5341 
1087 2 5254 
1097 88 4953 
1098 305 4940 4981 5002 5020 5079 5246 5289 5321 
1111 60 5178 5254 5263 
1127 62 5037 5055 5335 
1132 57 5335 
1133 399 4781 4792 4796 4797 4808 4811 4814 4820 4822 4824 4827 4828 4831 4846 4875 4929 4938 4942 4946 4953 4962 4983 4999 5020 5022 5026 5043 5044 5045 5055 5058 5061 5073 5083 5092 5100 5103 5106 5121 5123 5176 5179 5182 5189 5204 5222 5233 5254 5262 5263 5288 5301 5335 
1137 135 4827 5026 5141 5285 
1151 472 4781 4792 4828 4875 4899 4954 4964 4981 4986 5028 5061 5100 5121 5178 5182 5188 5226 5254 5273 5289 
1166 599 4781 4797 4808 4811 4820 4828 4846 4875 4953 4981 5002 5012 5020 5022 5079 5083 5100 5132 5148 5162 5179 5188 5210 5233 5254 5263 5273 5285 5288 5301 5305 5309 5321 5327 
1167 158 4875 
1179 10 5254 
1169 29 4999 
1185 43 4875 
1193 31 5002 
1200 107 4796 5022 5073 
1204 61 4792 4938 5026 5045 5199 
1207 26 4994 5262 
1210 218 4795 4798 4846 5073 5100 5254 5288 
1215 65 5079 5179 
1247 77 4953 5189 5239 5321 
1267 61 4938 
1286 65 5002 5106 
1285 31 5020 
1305 290 4938 4953 4993 5155 5239 
1310 2 4827 
1319 181 5288 
1320 6 4980 5288 
1335 62 5305 
1346 3 4795 
1353 30 5254 5341 
1360 22 4953 
1358 18 4884 5028 
1374 462 4797 4846 4875 4964 4977 4981 5002 5012 5020 5022 5028 5072 5079 5083 5092 5123 5148 5155 5162 5176 5189 5199 5210 5233 5246 5254 5263 5288 5301 5321 5323 5335 5341 
1381 52 5026 5323 
1385 35 4781 4884 4999 5012 5022 5200 5233 
1393 4 5263 
1401 3 5103 
1428 183 4875 5002 
1184 79 4796 4797 4809 
1463 26 4944 
1468 20 4796 4808 4814 4827 
1466 24 4964 
1467 11 4964 5144 5204 
1470 156 4792 4795 4797 4983 5055 5130 5204 5210 
1471 72 5012 5022 5079 5246 
1473 91 4814 4827 5254 
1492 157 4811 4964 
1496 210 4875 5055 5106 5178 5210 5239 5288 
1497 28 4875 5254 
1500 48 5253 
1506 41 4953 
1522 139 5288 5301 5321 
1524 4 5321 
1537 68 5226 
1542 244 4781 4828 4846 4899 4981 4994 5002 5061 5072 5079 5092 5103 5115 5123 5140 5144 5155 5178 5200 5226 5239 5262 5301 5308 5323 5327 5335 5341 
1552 81 4846 
1548 4 4875 5254 
1549 587 4797 4811 4875 5020 5061 5073 5100 5123 5155 5200 5215 5254 5285 5288 5305 5312 5341 
1554 6 4875 
1566 46 5026 
1592 30 4953 5055 
1603 16 5233 5254 
1608 355 4795 5083 5100 5288 5335 
1612 68 5012 5210 5246 
1613 15 4798 
1614 73 5022 5341 
1530 11 5226 
1621 80 4811 
1622 50 4795 
1623 39 4811 5130 5140 
1639 36 5072 5083 5162 5189 5335 
1644 48 5210 
1661 66 4791 5022 5092 5148 5215 
1658 9 5055 
1662 6 5239 
1667 55 5020 5022 5064 5079 5103 5178 5301 
1647 19 4796 5226 
1680 4 5222 
1687 6 4811 
1691 50 4981 5100 5178 5254 
1701 112 4795 4828 4899 5028 5079 5123 5148 5155 5188 5210 5226 5233 5254 
1697 70 5176 5178 5335 
1700 93 5092 
1714 5 5335 
1717 96 5022 5254 5341 
1720 14 5103 5106 
1722 14 5106 
1688 25 4827 5106 
1733 42 4786 4875 5210 5254 
1734 55 4875 4929 4954 5002 5178 5233 
1737 9 5178 5301 
1748 76 4797 4815 5100 5115 
1762 47 5254 5321 
1767 97 4828 5100 5233 5254 
1769 67 5327 
1783 57 4811 
1795 44 5073 5083 5092 
1796 38 4795 5200 5210 5254 5273 
1799 48 4792 4981 5178 
1811 43 5028 
1808 129 5215 5254 5271 5296 
1814 105 4944 5210 5305 
1816 10 5146 
1823 49 4824 5130 5188 5262 
1835 73 5100 5210 5254 
1847 47 4811 5132 5188 5208 5254 
1874 9 5254 
1876 3 5254 
1879 13 5002 
1888 36 5321 
1891 36 5083 5144 
1915 33 4875 5083 5100 5106 5121 5148 5200 5233 5262 
1922 204 4828 4983 5026 5055 5073 5083 5092 5106 5115 5130 5132 5305 
1937 13 5254 5341 
1935 7 5254 
1951 29 4994 
1972 181 4795 4929 5155 5188 5273 5323 5327 5341 
1982 29 5002 5037 5188 5288 
1984 7 4875 
1985 56 4808 
1990 36 5037 5188 5210 5285 
2001 39 5022 
2009 63 4811 4828 5028 5162 5341 
2010 27 5020 5079 5301 
2011 3 5162 
2033 22 5123 5254 5341 
2037 8 5103 5140 
2065 50 5100 5254 
2068 4 4981 
2095 6 5162 
2084 10 5200 
2085 28 5162 
2092 7 5162 
2102 45 5176 
2109 47 5100 5327 
2117 23 4808 4811 4820 4827 4875 
2118 113 5092 5130 
2120 122 5072 5079 
2129 44 4808 
2135 146 4811 4820 4827 4846 4899 4953 5002 5100 5155 5222 5254 
2144 23 5285 
2145 145 4792 4798 4827 4875 4953 5020 5058 5079 5092 5130 5200 5210 5226 5254 5273 5288 
2160 26 5254 
2172 29 4980 
2181 2 4983 
2186 61 4828 5103 5199 
2188 3 5254 
2223 15 4798 5022 
2225 34 5022 5335 
2226 28 4827 
2237 241 4781 4796 4808 4811 4814 4824 4827 4828 4938 4962 5061 5092 5100 5130 5155 5162 5178 5262 
2240 108 4981 5079 5254 5321 
2249 38 5199 5233 
2256 247 4795 4797 4798 4809 4811 4946 5178 5200 5233 
2257 49 4827 4938 5072 5239 
2258 95 4781 4980 4994 5072 5121 5182 5199 5200 5226 5233 5273 
2264 58 4797 5100 5254 5289 
2276 32 4795 5254 
2289 14 4876 
2294 9 5254 
2297 164 4811 4981 4983 5055 5061 
2299 67 4824 5148 5215 5226 5246 5323 
2323 111 4820 5079 
2326 252 4811 4938 4962 5083 5092 5100 5106 
2328 215 4791 4795 4994 5188 
2365 77 5285 
2369 189 4791 4795 4824 4828 4875 4929 4964 4977 4983 5020 5022 5037 5055 5079 5083 5123 5148 5176 5179 5182 5189 5208 5210 5215 5226 5231 5233 5254 5255 5303 5305 5321 5327 
2371 124 4964 
2375 49 4875 5233 
2376 26 5233 5262 
2381 71 4875 4977 5020 5079 5254 
2384 72 4781 4797 4828 4999 5022 5061 5079 5106 5162 5226 5341 
2387 66 4828 4846 4875 4964 5061 5189 5204 5226 5239 5263 5341 
2398 62 4811 
2410 34 4929 5079 5178 
2440 50 4827 4828 4875 4981 5210 5335 
2444 6 5022 
2452 42 4875 5079 5179 5233 
2456 31 4781 4981 4983 5028 5273 
2458 6 5210 
2485 324 4781 4814 4827 4828 4899 4938 4964 4977 5002 5020 5022 5026 5028 5061 5096 5100 5103 5106 5144 5178 5189 5233 5254 5289 5323 
2488 21 4827 
2502 30 5210 5254 
2504 100 4827 4846 4875 4953 4962 4981 4999 5079 5092 5189 5233 
2506 46 4983 5055 5200 5208 5311 
2507 69 5254 5262 
2508 13 5083 
2516 44 4808 4875 5037 5130 5245 5273 
2535 47 4808 5020 5100 5123 5254 5335 
2542 93 4981 
2547 105 4798 4811 4875 5072 5073 
2549 70 4797 4814 4929 5022 5079 5263 5301 
2552 5 4828 
2566 32 4994 5130 
2557 77 4792 4953 4999 
2560 180 4811 4999 5096 5148 5341 
2562 2 5254 
2564 50 4953 5239 
2565 893 4792 4796 4808 4811 4814 4820 4824 4827 4846 4875 4884 4929 4938 4940 4944 4953 4964 4981 4983 4986 4999 5002 5012 5020 5022 5026 5028 5037 5055 5058 5073 5079 5092 5096 5100 5106 5130 5132 5144 5148 5162 5179 5189 5199 5204 5210 5215 5222 5233 5239 5245 5246 5288 5289 5295 5321 5335 5341 
2576 146 4797 4981 5148 5210 5245 5254 5301 5305 
2587 12 5226 
2585 60 5121 5273 5288 
2592 13 4846 5123 
2595 49 4875 5178 5254 
2474 142 5055 5200 5311 
2605 64 4986 5106 5188 5189 5226 5301 5321 
2613 25 4808 4828 
2617 22 4980 
2618 53 4796 
2623 108 4875 5002 5083 5121 5176 5210 5233 5240 5254 
2619 46 5079 
2620 24 5254 
2651 269 4792 4797 4827 4899 4938 4962 4993 4999 5079 5092 5100 5130 
2653 113 4827 5026 
2655 49 4795 4827 5079 5233 
2657 44 4953 5254 5273 
2658 307 4811 4820 4824 4828 4875 4879 4942 4962 4964 4981 4983 5020 5022 5026 5028 5044 5045 5058 5083 5092 5096 5106 5130 5132 5144 5162 5179 5204 5208 5210 5215 5222 5233 5239 5245 5246 5260 5288 5289 
2674 103 5002 5176 5288 5312 
2677 40 4944 
2680 6 5103 5254 
2683 13 5305 
2708 9 4820 5083 
2699 74 4796 4797 5092 5100 5123 5335 
2686 156 4828 4999 5123 5176 
2702 80 4953 4983 5044 5055 5092 5103 5204 5222 5285 
2688 618 4781 4792 4795 4796 4798 4808 4811 4814 4815 4820 4822 4824 4827 4828 4846 4875 4899 4929 4953 4954 4962 4964 4977 4983 4986 4993 4999 5026 5055 5061 5072 5073 5092 5100 5103 5106 5115 5123 5130 5132 5141 5144 5155 5162 5176 5178 5179 5182 5188 5189 5200 5204 5215 5222 5226 5231 5239 5254 5262 5263 5273 5285 5288 5295 5305 5308 5321 5323 5327 5335 5341 
2704 75 5072 
2660 164 4792 4797 4980 5020 5123 5182 5210 5254 
2689 38 5055 5092 5100 5155 5253 
2667 126 4781 4786 4795 4798 4828 4846 4929 4964 4980 5103 5121 5123 5176 5179 5189 5200 5233 5239 5245 5301 
2693 149 4811 4953 4980 5026 5130 5144 5200 5204 5254 
2694 18 5295 5335 
2696 64 5026 
2727 33 5254 
2737 16 4820 5073 5288 
2738 3 5179 
2744 39 5020 5254 5263 
2747 79 4811 5144 
2752 7 5254 
2760 23 4828 5002 5083 5100 5311 
2765 29 4875 5341 
2774 46 5079 5121 5123 5262 
2775 35 4981 5100 5123 5182 5273 
2778 22 5323 
2790 173 4811 4875 5130 5254 5263 5323 
2793 6 4828 5178 
2802 9 4875 4964 
2811 19 4831 4929 
2544 11 5321 
2831 39 4846 5079 5144 5262 
2832 50 4783 4814 4820 4875 4953 
2851 44 4940 5022 5037 5254 5288 
2855 16 5100 5210 
2859 139 4811 4820 4831 
2871 282 4792 4820 4824 4827 4929 4953 4962 4964 4999 5022 5026 5055 5073 5106 5130 5132 5144 5162 5204 5210 5222 5285 5288 5308 
2875 6 5020 
2883 28 5020 5226 
2889 14 4899 5155 
2905 4 5254 
2903 8 4796 
2908 12 5233 
2909 57 5123 5155 5189 5222 
2932 62 4814 4875 5103 
2935 36 4792 4797 4815 4938 4962 4983 4999 5055 5058 5083 5092 
2914 4 4792 
2940 123 4980 5020 5079 5179 5233 5298 
2941 11 5058 
2953 10 5106 
2967 238 4792 4796 4811 4814 4827 4828 4938 4953 4962 4999 5026 5055 5058 5073 5083 5092 5100 5106 5130 5132 5176 
2968 55 4983 5072 5073 5148 
2972 357 4792 4795 4796 4797 4811 4814 4815 4824 4827 4828 4831 4846 4866 4899 4929 4934 4938 4964 4986 4987 4992 4999 5026 5055 5061 5073 5092 5100 5106 5130 5132 5140 5144 5155 5176 5178 5199 5204 5208 5210 5222 5226 5233 5239 5245 5254 5262 5273 5295 5298 5305 5326 5335 
2983 28 4940 5022 5058 
2988 55 4884 5058 5092 5178 5226 5262 
2989 10 4999 
2995 10 5215 
3007 15 5106 
3000 43 4994 5123 5178 5182 5210 5311 
3002 5 5123 
3009 51 5072 5182 
3010 123 5022 5072 5130 5222 
2707 103 4899 5055 5073 5226 
3015 44 4797 4828 4899 4980 5226 5263 
3026 175 4827 4962 4983 4999 5026 5055 5123 5130 
3029 2 5179 
3027 39 4781 4808 5079 5178 5210 
3028 189 4783 4822 4828 4831 4875 4887 4962 4964 4983 4987 4999 5043 5083 5146 5267 
3032 216 4791 4795 4846 4953 4981 5020 5022 5178 5254 5262 5323 5327 5335 
3034 38 5100 
3035 13 5162 5200 5222 
3056 44 5045 
3057 48 5055 
3059 32 5026 
3073 34 4796 4820 4827 
3084 62 5079 5254 
3086 8 5026 
3088 37 5064 5254 5285 
3090 12 5335 
3092 81 4781 4795 4875 4884 4962 5123 5144 5176 5178 5226 5239 5245 5246 5263 5309 
3110 21 5130 
2003 63 4828 5022 5144 
3132 3 5254 
3142 49 4940 4964 5141 5210 
3145 18 5233 
3150 10 5043 
3168 79 4811 4820 
3172 13 4964 
3175 41 4827 4831 5026 
3190 10 5254 
3192 56 4820 4983 5026 
3191 68 4824 4846 4964 4977 4986 5073 5226 5233 5288 5321 5323 5335 5341 
3208 6 4999 
3209 41 4792 4824 5026 5058 5072 5182 5233 
3210 3 4792 
3227 19 4983 5140 5288 5301 
3238 28 4824 5100 5210 5233 
3246 2 5222 
3256 19 4953 
3258 95 5022 5120 5130 
3270 2 5254 
3274 69 4791 4796 4828 4899 5022 5028 5079 5123 5144 5226 5245 5262 
3276 79 4820 5026 
3291 58 4786 4999 
3292 8 5002 5200 
3297 51 4940 5179 5262 
3305 5 4796 
3310 18 4875 
3290 36 4824 
3321 18 4964 4999 5073 
3326 18 4827 
3333 15 5226 
3334 13 5233 
3340 4 5254 
3345 35 4964 5037 5123 5182 5254 
3348 25 5233 5246 
3350 55 4827 4846 4962 5189 
3352 273 4824 4827 4828 4866 4929 4953 4962 4964 4999 5083 5092 5123 5130 5132 5162 5204 5222 5233 5239 5288 5308 5323 5327 5335 5341 
3354 5 4791 4796 
3366 63 4875 5020 5210 5233 5308 5311 
3375 43 4977 5285 
3378 41 4781 4846 5022 5178 
3380 42 4795 5002 
3381 180 4884 4944 4980 5002 5012 5022 5028 5188 5199 5200 5254 5288 5289 5295 5335 
3389 2 5210 
3392 33 5092 
3394 156 4783 4811 5130 5189 5204 5301 
3403 3 5254 
3402 122 4792 4796 4808 4820 4827 4828 4953 5026 5033 5083 5092 5100 5106 5130 5204 5222 5335 
3404 89 4884 4940 5100 5106 5255 5323 5341 
3390 60 4827 4899 4964 4986 4993 5072 5123 5226 5263 5321 5335 
3417 30 4983 5026 5335 5341 
3433 9 4875 4962 
3443 20 5022 5079 
3445 21 4797 5100 5182 
3439 88 5188 5210 5254 
3447 271 4783 4792 4795 4796 4797 4814 4815 4827 4828 4846 4879 4934 4953 4954 4962 4964 4977 4983 4986 4994 4999 5002 5020 5043 5044 5055 5058 5061 5079 5106 5123 5144 5162 5178 5179 5188 5189 5200 5204 5226 5255 5262 5273 5288 5295 5305 5308 5312 5323 5341 
3449 314 4781 4792 4795 4796 4797 4798 4808 4811 4814 4820 4824 4827 4828 4846 4875 4929 4938 4953 4962 4964 4980 4986 4999 5020 5026 5044 5055 5058 5061 5072 5073 5083 5092 5100 5103 5106 5123 5130 5132 5144 5155 5162 5178 5179 5182 5189 5204 5215 5222 5226 5239 5262 5288 5301 5305 5327 5335 5341 
3451 98 4796 4797 4808 4811 4822 4827 4831 4875 
3452 131 4792 4811 4815 4827 4875 4929 4938 4942 4964 4987 4999 5020 5055 5061 5083 5092 5106 5121 5132 5155 5162 5178 5288 5301 5335 
3453 319 4792 4795 4796 4797 4808 4811 4814 4822 4824 4827 4828 4831 4875 4879 4880 4899 4929 4938 4962 4964 4980 4981 4983 4986 4999 5020 5022 5026 5028 5033 5044 5055 5058 5061 5072 5073 5079 5092 5100 5106 5130 5140 5141 5144 5162 5176 5178 5182 5188 5189 5200 5204 5208 5210 5215 5222 5226 5233 5239 5254 5263 5273 5306 5311 5323 5335 5341 
3454 148 4796 4808 4811 4814 4822 4875 4938 4953 4999 5026 5055 
3455 68 4792 4797 4820 4828 4938 4942 4953 4962 4987 5026 5055 5073 5083 5092 5100 
3456 241 4792 4795 4798 4827 4828 4899 4929 4938 4962 4964 4980 4999 5002 5020 5026 5028 5033 5055 5079 5092 5100 5106 5123 5130 5132 5144 5155 5176 5178 5188 5200 5204 5210 5226 5246 5254 5295 5335 
3457 166 4781 4815 4822 4827 4828 4875 4879 4938 4992 5026 5044 5073 5092 5115 5176 5179 5215 5239 5288 5289 5327 5341 
3458 69 4795 4828 5002 5055 5073 5083 
3459 92 4875 4929 4986 5061 5103 5144 5155 5178 5199 5226 5254 5262 5301 5305 5321 
3460 22 4791 4875 5073 5083 5178 5210 5289 
3461 101 4795 4808 4809 4811 4815 4828 4875 4964 4977 4986 5075 5189 5215 5321 
3462 54 4796 4811 4962 5254 
3463 56 4796 4808 4811 4814 4820 4827 5106 5204 5239 
3465 3 5301 
3466 17 4986 5020 5073 5301 
3469 23 4827 
3472 15 4999 5083 
3479 102 4814 4827 4828 4875 4929 4938 4999 5130 
3483 20 5263 
3478 42 4781 4797 4828 5179 5226 5288 5335 
2524 7 5246 
3498 114 4811 4846 4899 4953 4977 4986 5022 5061 5072 5155 5189 5254 5285 
3519 48 5144 
3522 71 4824 4831 4875 5020 5073 5179 5233 5254 5305 
3527 64 5012 5288 
3386 12 5100 
3535 5 4994 
3542 5 5058 
3556 14 5204 5222 
3567 18 4929 
3568 147 4811 4953 4999 5130 5146 5176 5200 5254 5262 
3587 15 5022 
3586 156 4795 4828 4875 4981 4994 5020 5022 5037 5079 5103 5123 5178 5188 5199 5200 5210 5254 5298 5335 
3593 26 4884 4999 
3601 52 4795 4797 4820 4977 5189 
3603 12 4792 5254 
3607 24 4781 4953 5022 5233 
3614 205 4781 4792 4824 4828 4846 4929 4938 4953 4962 4999 5022 5026 5044 5055 5072 5073 5079 5083 5092 5100 5103 5106 5121 5123 5155 5178 5182 5222 5226 5239 5245 5326 5335 
3615 144 4798 4953 5121 5130 5132 5210 
3624 64 4946 
3631 91 4846 5022 5055 5072 5254 
3634 82 4781 4846 4964 5002 5022 5028 5155 5210 5233 5323 
3635 63 4875 
3636 11 4953 5254 
3639 12 5055 
3641 212 4781 4795 4811 4828 4846 4884 4929 4962 4977 5022 5033 5037 5073 5079 5103 5121 5182 5189 5295 5321 5327 5335 
3642 362 4781 4786 4791 4795 4797 4798 4828 4875 4899 4980 5002 5012 5020 5022 5037 5061 5072 5079 5103 5121 5123 5140 5176 5178 5179 5182 5188 5200 5210 5226 5233 5254 5262 5263 5273 5288 5295 5301 5305 5321 5335 
3643 44 4899 5103 5226 
3655 9 5055 
3656 3 5288 
3658 39 4781 5140 5148 5335 5341 
3660 87 4820 4938 4953 4983 5092 5130 5132 
3665 20 5233 5288 
3666 144 4811 4814 4828 4899 4977 4986 5100 5130 5189 5233 5239 5288 5305 5323 5327 5335 
3673 5 5204 
3683 6 4884 5246 
3691 95 4820 4944 5020 5141 5208 5271 5288 5295 5298 5335 
3571 45 5028 5103 5106 5210 5288 
3728 85 4797 4808 4875 4977 4983 5020 5083 5100 5176 5233 5327 5341 
3729 11 4811 
3743 10 4796 4962 5123 5133 
3748 30 5026 
3751 11 5178 5210 
3762 8 5288 
3777 11 5239 
3785 18 4846 5200 
3786 99 4795 4797 4964 5002 5020 5072 5155 5253 5254 5285 5288 5321 5341 
3787 232 4796 4797 4808 4811 4814 4820 4827 4828 4846 4875 4942 4953 4962 4977 4980 4999 5002 5022 5028 5055 5083 5148 5162 5233 5254 5263 5288 5305 5321 5327 
3792 27 4828 4938 4999 5083 5215 5295 
3796 113 4792 4796 4814 4824 4827 4899 5020 5026 5055 5058 5061 5072 5073 5083 5092 5100 5106 5123 5130 5144 5182 5204 5226 5239 5301 
3794 46 4938 4953 5026 5072 
3798 23 5155 5178 
3803 10 4792 4797 4962 
3806 45 4964 5072 5123 5327 
3812 53 4811 
3813 94 4797 4964 5079 5106 5115 5132 5133 5146 5254 
3830 20 4796 5073 5100 
3835 35 4795 4796 4797 4808 4814 4827 4962 5020 5335 5341 
3843 18 4792 4811 4820 5043 5058 
3845 8 4824 5288 
3854 82 4814 4827 4828 4846 4884 4999 5026 5055 5061 5072 5285 5301 
3863 5 5308 
3871 5 4999 5162 
3869 5 4999 
3872 15 4999 
3877 13 5295 
3897 9 4792 
3902 43 4797 4811 4815 
3910 33 5020 5022 5079 5123 5179 5254 
3916 42 4797 4875 4899 5020 5079 5176 5233 5285 
3917 29 4977 4999 
3919 15 4795 5121 5188 5222 5288 
3925 7 5210 
3929 2 4875 
3930 5 4875 
3956 85 4795 4814 4831 4983 5022 5100 5130 5210 5321 
3958 15 5301 
3960 23 5072 5254 5327 
3962 4 4886 
3965 89 4827 4875 5022 5079 5130 5178 5233 5288 5321 
3969 90 4792 4796 4809 4875 4940 4962 5012 5026 5058 5182 5231 5323 
3971 7 5123 
3976 145 4811 4828 4875 4954 4966 4977 5002 5020 5045 5075 5083 5123 5141 5199 5215 5233 5260 5267 5271 5285 5296 5303 5306 5327 5341 
3982 20 5079 
3985 32 4781 5002 
4001 28 4811 4994 
4013 21 5123 5215 5288 
4024 2 4986 
4036 147 4792 4797 4808 4929 4938 4953 4962 4981 4986 5022 5028 5037 5061 5072 5083 5189 5254 5288 
4037 15 5226 
4040 104 4811 4814 4827 4875 4966 4981 5020 5064 5123 5178 5288 5323 
4041 68 4792 4795 4827 4899 4938 4964 4987 5121 5141 5178 5200 5204 5210 5233 5239 5262 
2981 44 5022 5073 5179 
4044 89 4796 4809 4831 4875 4887 4938 4962 4987 4991 4993 5058 
4045 257 4781 4792 4795 4796 4798 4808 4811 4814 4827 4828 4879 4899 4938 4944 4953 4994 4999 5002 5026 5055 5061 5072 5073 5092 5100 5103 5106 5121 5123 5130 5132 5140 5144 5182 5188 5204 5215 5222 5226 5262 5273 5288 5301 
4046 89 4811 4820 4875 4929 4993 4999 5012 5083 5233 5288 5289 
4055 3 5106 
4056 23 4808 4820 5055 
4063 27 5123 5178 5262 
4077 77 4811 4828 4929 4964 4977 5100 5106 5130 5132 5155 5204 5222 5308 
4065 131 4791 4792 4938 4962 4999 5026 5037 5178 5263 
4070 111 4797 4828 4899 5020 5026 5055 5061 5083 5100 5106 5182 5204 5222 5226 5245 5263 5288 5305 5308 5321 5323 5327 5341 
4072 29 4811 4820 4938 
4073 115 4824 4828 4929 4964 5061 5130 5140 5178 5189 5200 5226 5233 5255 5263 5274 5312 
4082 15 5182 5245 
4099 155 4781 4811 4822 4828 4831 4846 4875 4884 4899 4977 4993 5022 5028 5033 5058 5083 5100 5123 5176 5178 5188 5189 5204 5208 5210 5215 5226 5233 5262 5263 5321 
4103 1 4798 
4110 4 5055 
4116 12 4796 4820 
4076 86 4796 4797 4808 4811 4814 4828 5072 5100 5106 5115 5130 5132 5176 5210 5285 
4124 50 5022 
4127 41 4811 4938 4999 5055 5058 
4130 2 4983 
4136 26 5301 
4138 64 4797 4929 4964 4986 5155 5189 
4140 12 5064 
4142 37 5301 
4144 76 4795 4797 4983 5020 5144 5210 5245 5254 5263 5301 5321 
4145 2 5061 
4150 16 4875 
4151 84 4827 5055 5100 5115 5144 5188 5254 
4152 43 4820 5144 
4162 16 4981 5037 5055 
4169 9 5233 
4175 8 5233 
4186 6 4827 
4189 11 5288 
4191 20 4987 5002 5274 
4192 7 5012 
4204 2 5204 
3995 57 4824 4828 4846 4899 4964 5061 5144 5155 5178 5188 5200 5204 5273 5321 
4211 65 4796 4811 4827 5055 5073 5083 5092 5199 5233 
4212 53 4798 4815 4875 4983 4999 5123 5130 5178 5210 5245 5255 5271 5311 5326 
4219 112 4792 4796 4808 4811 4814 4820 4827 4828 4929 4962 4964 4987 5022 5026 5073 5092 5106 5130 5132 5144 5162 5204 5208 5239 5301 5323 
4222 41 5083 5120 5132 5179 5204 
4224 17 4811 5022 
4221 42 4828 4977 5002 5200 5226 5254 5295 
4233 2 5204 
4255 9 4962 
4261 24 4796 4811 5026 5055 
4266 11 5061 
4275 5 5026 
4276 52 4929 4964 5072 5144 5189 5204 5226 
4282 6 4796 
4285 2 4962 
4295 17 4828 5100 5144 
4297 38 4795 5002 5254 
4298 9 4827 5285 
4308 7 5140 5162 
4315 29 4820 4964 4983 5033 
4316 8 4987 
4326 7 4797 
4329 12 4828 5106 
4338 40 5045 5254 
4335 32 4846 4981 5028 5033 5037 5079 5121 5144 5273 
4345 2 4875 
4342 10 5073 5092 
4347 55 4983 5064 5246 
4353 80 4828 4846 5020 5155 5178 5189 5226 5262 5288 5326 5327 5335 
4354 6 5100 
4355 50 4953 5020 5155 5176 5204 5215 5323 5341 
4361 6 5288 
4364 39 5045 5083 5199 5233 5288 5335 
4371 6 5100 
4377 11 4875 
4415 17 4820 
4416 11 5254 
4422 15 4875 
4426 5 4828 
4428 12 4938 5092 5222 
4431 4 5288 
4432 8 5103 
4434 2 4827 
4437 70 4875 5199 5289 
4438 6 5204 
4441 202 4798 4814 4827 4828 4938 4953 4962 4964 4980 4981 4994 4999 5002 5022 5028 5055 5073 5092 5100 5106 5123 5130 5132 5140 5144 5148 5200 5204 5239 5323 
4442 18 4815 4875 5073 5092 5100 5204 
4443 7 5179 
4447 14 5002 
4448 36 4828 5144 5162 5308 5309 5312 5335 
4455 22 4987 5178 5274 5288 5306 
4456 4 5028 
4468 18 4977 5020 5215 5245 5271 5321 
4476 16 5064 5233 5311 
4485 12 4792 4876 
4482 7 5239 5298 
4483 153 4795 4797 4828 4929 4940 4986 4993 5002 5055 5058 5079 5123 5148 5155 5179 5188 5200 5204 5239 5254 5262 5296 5301 
4486 20 4796 4879 5233 5255 
4488 50 4795 4808 4875 5037 5200 5210 5288 
4489 15 4811 4828 5254 
4509 11 5073 5092 5100 5106 5204 
4511 15 4808 
4524 9 4875 5210 
4526 5 4983 4991 
4527 14 5044 5083 5130 5176 
4533 3 5323 5341 
4534 19 4796 5178 
4536 81 4792 4795 4899 4953 4962 4964 4983 4986 4993 4999 5022 5037 5043 5044 5045 5055 5058 5072 5073 5100 5189 5226 5254 
4542 9 4786 
4547 45 4792 4828 4875 4938 4946 4953 4962 4999 5044 5055 5058 5083 5115 5144 
4550 100 4846 4929 4964 4986 5037 5072 5123 5155 5189 5262 5321 5323 5335 5341 
4557 16 5072 5182 5226 
4560 3 4828 
4563 11 4828 5092 5130 5132 
4564 33 4811 4929 5002 
4574 40 4781 4811 4846 4875 5079 5179 5182 5301 
4576 10 4977 
4587 27 4792 4828 4953 4999 5130 
4592 6 4808 5026 5133 
4598 71 4875 5002 5028 5072 5096 5121 5178 5179 5263 5301 
4600 15 4781 4792 4846 4999 5189 5341 
4604 7 5188 
4630 4 5254 
4487 31 4964 4977 4991 5115 5208 5215 5298 5301 5306 
4632 228 4792 4797 4798 4808 4814 4828 4846 4940 4964 4980 4994 5002 5012 5020 5022 5079 5083 5092 5100 5121 5123 5148 5178 5189 5200 5215 5222 5233 5262 5288 5327 5335 
4633 12 4814 
4652 8 5020 5144 5335 
4653 114 4795 4828 4866 4964 4977 4983 4994 5020 5123 5141 5146 5162 5189 5200 5204 5208 5210 5215 5222 5226 5255 5260 5305 5308 5309 5326 5327 
4659 3 4999 
4662 46 4797 4820 4953 4962 5083 5123 
4663 10 4999 
4647 11 5123 
4665 9 4814 5305 
4672 2 4875 
4673 96 4786 4791 4795 4798 4980 4994 5083 5092 5106 5140 5188 5200 5210 5215 5233 5273 
4671 7 5100 
4681 20 4792 4811 4962 4993 5055 
4682 14 4953 4999 
4686 57 4964 5020 5083 5092 5100 5106 5130 5155 5210 5233 5295 5308 
4687 23 4824 4983 5176 5254 
4688 59 4792 4796 4808 4811 4814 4820 4827 4938 4942 4953 4962 4983 4999 5026 
4693 2 5162 
4706 3 4792 
4709 25 4981 5037 5055 
4710 8 4824 4875 5100 5239 
4715 11 4964 5020 5321 
2621 8 5305 
4717 62 4798 4814 4828 4899 5123 5178 5254 5273 
4718 46 4964 5026 5033 5123 5204 5222 5231 5239 5260 5267 5305 5306 5341 
4712 121 4791 4795 4828 4846 4875 4987 5002 5028 5123 5155 5178 5189 5233 5254 5288 
4725 36 4796 4808 4875 4983 5073 5075 5092 5106 5115 5130 5132 5144 5204 
4726 15 4820 4824 5222 
4739 11 5028 
4743 2 4875 
4746 18 4792 4983 5178 
4741 3 4828 
4749 3 4820 
4751 4 5083 
4756 34 4796 4942 4964 5058 5083 5092 5233 
4757 6 4808 4811 4814 
4748 38 4987 5176 5182 5204 5301 5323 5335 
4760 7 5055 
4764 53 4875 5022 5106 5123 5200 5254 5273 
4774 13 4796 4808 4811 4814 4827 4831 
4777 2 5285 
4781 27 4999 5028 5178 
4782 2 4953 
4796 4 5226 
4785 1 4796 
4786 3 4791 4796 
4787 1 4796 
4788 20 4791 4796 
4789 2 4796 
4790 1 4796 
4791 1 4796 
4792 62 4796 4981 5020 5022 5028 5079 5148 5254 5273 5298 5326 
4793 2 4796 
4794 1 4796 
4799 2 4798 
4803 1 4808 
4804 1 4808 
4805 2 4808 4814 
4806 1 4808 
4807 1 4808 
4810 1 4811 
4814 20 4797 4827 4938 4962 4993 4999 5199 5226 
4813 46 4795 4814 4846 4994 5037 5140 5200 5204 
4818 28 4820 4938 4983 5022 5058 5162 
4819 1 4820 
4821 2 5162 
4824 101 4781 4792 4795 4797 4828 4899 4929 4981 4986 5020 5072 5079 5103 5123 5133 5155 5182 5215 5226 5285 5288 5289 5296 5301 5310 5321 
4827 1 4828 
4826 1 4827 
4829 78 4824 4831 4866 4929 5002 5079 5083 5092 5155 5176 5245 5288 5295 5326 5327 5335 5341 
4830 1 4831 
4832 7 4991 
4842 2 4999 
4843 24 4879 4977 5254 
4859 30 4792 4828 4953 4999 5026 5055 5106 5130 5144 5222 
4860 2 4875 
4846 34 4824 4828 4964 5092 5106 5115 5141 5189 5239 5341 
4850 3 4999 
4862 4 5254 
4851 3 4846 
4852 3 5178 
4853 5 5162 
4867 1 4875 
4868 1 4875 
4873 1 4875 
4801 1 4875 
4871 1 4875 
4869 1 4875 
4874 3 4875 5210 
4870 2 4875 
4872 1 4875 
4879 28 4887 5289 
4881 4 4795 4977 
4885 4 4983 
4891 7 4942 
4894 79 4786 4828 4846 4964 4993 5083 5121 5123 5189 5210 5215 5323 5335 
4898 11 4987 4993 4999 5044 
4899 169 4781 4824 4828 4929 4980 4986 4994 5055 5061 5072 5073 5092 5100 5103 5106 5123 5130 5132 5140 5144 5155 5162 5178 5182 5189 5199 5200 5204 5222 5233 5239 5245 5262 5301 5323 5327 5341 
4901 2 4962 
4924 10 4875 5079 5262 
4915 6 5200 
4929 9 5083 5120 5144 
4936 2 5144 
4937 17 4792 4938 4953 4993 4999 5026 5055 
4943 31 4938 4962 5092 5100 
4944 4 4986 
4947 10 5026 5055 5058 5073 
4948 214 4792 4797 4824 4828 4846 4929 4940 4964 4980 4981 4983 5020 5026 5028 5055 5072 5092 5096 5100 5106 5130 5144 5148 5162 5189 5200 5204 5210 5215 5222 5226 5239 5255 5263 5288 5311 5321 5326 5327 5335 
4952 3 4938 4953 
4960 8 4962 
4963 13 4938 4993 5092 5144 
4964 60 5055 5073 5092 5100 5106 5200 5204 5222 5262 5273 5321 
4966 25 4797 5002 5072 5083 5106 5144 5162 5335 
4967 361 4781 4791 4795 4798 4824 4828 4846 4899 4929 4944 4964 4980 4986 4994 4999 5002 5020 5026 5037 5055 5058 5061 5072 5073 5083 5092 5100 5103 5106 5121 5123 5130 5140 5141 5144 5155 5176 5178 5179 5182 5188 5189 5200 5204 5210 5222 5226 5239 5254 5262 5273 5301 5335 
4938 12 5162 5222 5323 5341 
4970 8 4875 
4974 44 4828 4929 5055 5123 5130 5144 5204 5215 5239 
4976 23 4824 4828 4999 5100 5215 
4980 16 5020 5178 5285 
4981 53 4983 5002 5037 5073 5079 5188 
4982 43 4828 4846 4964 4983 5058 5083 5092 5100 5115 5144 5222 5254 5288 5321 5327 
4983 4 4981 
4988 23 5026 5092 5106 5178 
4993 4 5144 
4992 4 4993 
4994 19 5199 
4864 4 4999 
5000 1 4792 
5001 1 4792 
5002 115 4792 4964 4966 4981 4992 5037 5061 5144 5148 5182 5188 5189 5199 5204 5210 5233 5239 5254 5263 5273 
5006 28 4797 4828 4964 5083 5132 5208 5210 5215 5288 
5008 27 4983 5073 5083 5130 5144 5189 5303 5323 
5009 14 4899 5026 5130 5222 5239 
5010 4 5079 
5011 10 4977 5254 5285 
5012 14 4964 4983 
5013 7 5288 
5016 10 5100 5162 
5017 9 5012 5020 5233 5254 
5022 172 4791 4795 4875 4994 5020 5037 5121 5140 5178 5179 5182 5188 5210 5233 5254 5262 5263 5301 5335 
5019 1 5022 
5020 139 4824 4875 4929 4964 4977 5022 5073 5075 5130 5148 5162 5176 5178 5204 5208 5233 5240 5245 5255 5271 5285 5288 5296 5308 5312 5321 5323 5327 5335 5341 
5024 4 5026 
5028 43 4781 4981 4986 5022 5079 5254 
5029 26 4929 5155 5323 5327 
5031 1 4983 
5032 2 4983 
5037 18 5055 5123 5295 
5039 7 5073 
5043 2 5092 
5048 6 5233 
5051 8 5055 
5052 1 5055 
5053 52 4884 4981 5022 5028 5055 5079 5262 
5054 2 5055 
5057 1 5058 
5061 13 4786 5215 
5069 5 4866 5002 
5068 10 5096 
5072 3 5073 
5078 3 5130 5341 
5079 271 4795 4798 4824 4828 4846 4875 4899 4929 4940 4944 4964 4980 4981 4983 4986 4994 5002 5020 5037 5061 5100 5121 5123 5130 5133 5144 5145 5148 5176 5178 5188 5189 5199 5200 5204 5208 5215 5226 5233 5254 5262 5263 5273 5289 5301 5306 5310 5321 5327 5335 
5080 3 5096 
5081 5 5083 
5084 1 5083 
5085 4 4828 5083 5115 
5086 1 5092 
5087 1 5092 
5088 1 5092 
5089 8 4795 4980 5092 5262 
5090 3 5092 
5091 1 5092 
5095 3 5100 5295 
5096 14 5072 5100 5327 
5097 1 5100 
5099 14 5100 5239 
5098 2 5100 
5106 33 4983 5022 5103 5210 
5102 54 4875 5012 5022 5028 5079 5103 5106 5182 5188 5210 5254 5288 
5103 127 4884 5002 5022 5028 5064 5079 5106 5148 5178 
5104 3 5106 
5105 1 5106 
5111 7 4828 5130 
5110 84 4795 4798 4828 4964 5123 5130 5132 5144 5162 5176 5178 5182 5204 5210 5215 5222 5262 5263 5301 5323 5327 5335 5341 
5114 4 5115 
4828 168 4791 4795 4797 4944 5020 5123 5155 5178 5239 5262 5263 5321 5326 5335 
5116 1 4828 
5117 2 4828 
5118 13 4797 5020 
5119 18 4964 5130 5132 5144 5204 5222 
5121 9 5130 5301 
5122 1 5130 
5123 69 4795 5020 5130 5178 5182 5226 5233 
5127 1 5130 
5128 1 5130 
5129 1 5130 
5124 1 5130 
5125 54 4781 4797 4828 4875 5130 5144 5178 5179 5245 5327 5341 
5050 11 5020 5130 5200 
5126 3 5130 5144 
5138 1 5144 
5139 11 5144 5182 
5140 51 4824 5144 5188 5239 5245 5273 5295 
5141 1 5144 
5142 4 5144 
5150 13 5254 
5152 4 5204 5215 
5153 5 5188 
5154 3 5162 
5155 24 5162 5231 5239 5240 5260 5311 
5158 1 5162 
5159 1 5162 
5160 12 4929 5155 5162 5210 
5161 1 5162 
5167 1 5162 
5163 1 5162 
5164 2 5162 
5166 48 4781 4981 5079 5096 5148 5162 5254 
5171 41 4795 4846 4964 4994 5188 5189 5262 5263 
5172 29 4781 5020 5028 5079 5178 
5173 122 4875 4940 5012 5148 5179 5199 5210 5233 5285 
5174 6 5200 
5175 35 4797 4846 4899 4964 5189 
4795 73 4929 5012 5079 5096 5123 5200 5210 5254 5288 
5176 139 4797 4846 4899 4929 4964 4977 4986 5020 5072 5103 5123 5155 5182 5189 5226 5263 5285 5296 5301 5308 5321 5326 
5177 101 4781 4791 4795 4798 4828 4981 4994 5002 5079 5123 5140 5178 5179 5188 5246 5254 5262 
5178 19 4828 4986 5096 
4310 278 4781 4791 4795 4824 4828 4846 4875 4899 4929 4980 4981 4983 4986 5002 5020 5028 5061 5072 5096 5123 5155 5176 5178 5179 5182 5188 5189 5199 5200 5226 5233 5254 5262 5273 5285 5288 5301 5308 5311 5321 5323 5327 5335 5341 
5179 217 4781 4795 4797 4798 4828 4846 4875 4899 4964 4980 5002 5012 5020 5022 5072 5079 5103 5121 5178 5188 5200 5210 5226 5233 5254 5263 5285 5288 5335 
5180 49 4795 5061 5123 5176 5182 5226 
5181 41 4797 5188 5210 5254 5296 5321 
5182 14 4846 5123 5262 5263 
5184 68 4824 4846 4899 4929 4964 4986 5020 5155 5189 5335 
5185 152 4795 4798 4828 4875 4980 4986 5002 5020 5022 5037 5123 5178 5188 5200 5254 5295 5321 
5186 2 4944 
5187 31 5061 5123 5301 5321 
5188 211 4795 4797 4846 4899 4929 4944 4964 4981 4986 4994 5002 5037 5061 5072 5140 5179 5189 5199 5200 5226 5254 5263 5273 5288 5321 
5189 312 4781 4795 4797 4798 4824 4828 4875 4929 4940 4964 4986 5022 5079 5096 5103 5121 5123 5140 5155 5176 5178 5182 5200 5226 5233 5262 5285 5288 5289 5296 5301 5305 5321 5326 5327 5335 5341 
5190 80 4824 4846 4929 4964 4986 5123 5155 5182 5189 5321 5335 5341 
5191 10 4846 5020 
5194 10 5072 5178 5204 
5195 4 5204 
5196 32 4875 4964 5079 5178 5204 5254 5289 
5197 3 4964 5204 
5198 6 5123 5204 
5199 22 4875 5200 5204 
5200 15 4824 5204 5215 
5201 15 5079 5204 5208 
5202 2 5204 
5203 15 4929 5020 5200 5204 
5207 13 5200 5233 
5209 1 5210 
5215 8 5200 
5213 1 5215 
5214 1 5215 
5216 1 5141 
5217 21 5020 5123 5178 5245 
5218 1 5222 
5219 1 5222 
5220 1 5222 
5221 1 5222 
5224 1 5231 
5226 17 4828 5079 5123 5231 5262 
5227 1 5231 
5228 1 5231 
5225 1 5231 
5229 1 5231 
5230 1 5231 
5233 24 5239 5288 
5239 1 5305 
5238 3 5239 
5242 1 5245 
5244 1 5245 
5241 2 5245 
5243 19 4824 5245 5288 5308 
5246 44 5182 5245 5255 5260 
5252 1 5253 
5251 1 5253 
5254 33 5178 5321 
5255 8 5323 
5262 59 4828 5020 5123 5178 5200 5254 5301 5308 
5263 75 4795 4797 4824 4964 4986 5182 5226 5305 5321 
5275 2 5210 
5276 9 5079 
5280 1 5288 
5281 1 5288 
5282 4 5288 
5283 2 5288 
5287 1 5288 
5284 2 5288 
5285 21 4977 5155 5189 5255 5288 5312 
5286 10 5288 5335 
5289 6 4824 4980 5233 
5290 1 4824 
5291 1 4824 
5295 22 4977 5079 5199 5210 5321 
5296 16 4929 5155 5323 
5301 61 4875 4994 5121 5179 5188 5233 5273 
5312 9 4846 5189 5305 
5313 12 4977 5155 
5316 24 5140 
5317 18 5020 5123 5254 5326 5327 
5320 11 5028 5199 5326 
5321 32 5188 5189 5233 5254 5263 5301 5326 5327 5341 
5324 16 4929 5323 5327 
5328 1 5327 
5329 2 5327 5335 
5330 1 5327 
5333 3 5335 
5332 6 5335 
5334 7 4797 5301 5335 
5341 2 5254 
5336 3 4875 5341 
5339 10 5123 5341 
5337 1 5341 
5342 30 5096 5176 5179 
5352 3 5176 
5264 7 5061 5176 
5360 15 5072 5123 
5361 6 5123 
5381 4 5263 
5382 19 4846 4929 5155 5182 5189 
5391 37 5178 5189 5285 
5404 40 4846 4875 5020 5072 5189 5200 5233 5254 
5405 4 4977 
5400 4 5178 
5423 48 4786 4795 4798 4980 4994 5179 5200 5273 
5424 2 5254 
5419 9 4781 5072 5301 
5430 6 5254 
5427 37 4828 4964 5178 5262 5321 5335 
5437 26 4828 5123 5182 
5439 66 4786 4791 4795 5002 5140 5321 
5445 63 4875 4940 5022 5061 5079 5289 5305 5321 
5446 26 5200 5289 5321 
5448 3 5233 
5452 17 4875 5037 5226 
5454 19 4981 
5455 8 5155 
5457 44 4795 4875 5262 5263 5301 
5472 16 4846 5022 5028 5155 
5473 1 5155 
5477 1 4929 
5478 9 4929 4964 
5480 3 4929 4964 
5479 28 4884 4929 5148 5182 5233 
5482 12 5189 
5484 22 4781 4980 5020 5178 
5485 21 5022 5176 5178 
5487 30 4846 4981 5079 5262 
5494 1 4977 
5495 4 4977 
5496 1 4977 
5462 19 4977 
5497 1 4977 
5504 2 5301 
5516 2 5285 
5524 389 4781 4798 4828 4875 4944 4980 4981 4983 4994 5002 5012 5020 5022 5028 5037 5079 5096 5121 5140 5148 5178 5179 5188 5199 5200 5210 5233 5246 5254 5262 5273 5288 5289 5295 5301 5335 
5526 6 5254 
5531 243 4781 4791 4828 4875 4884 4899 4994 5002 5012 5103 5121 5123 5140 5178 5179 5188 5199 5210 5226 5233 5254 5262 5273 5288 5295 5301 5321 5335 
5528 6 5020 
5532 26 5254 5295 
5534 14 5178 
5536 3 5020 
5193 18 5188 
5543 137 4781 4828 4944 4980 5061 5079 5096 5103 5121 5123 5178 5182 5199 5200 5233 5262 5273 5295 5335 
5549 10 5020 5178 5254 
5550 11 5178 
5553 46 5037 5072 5096 5178 5233 5335 
5562 13 4875 5189 
5565 3 5020 5188 5189 
5566 1 5189 
5569 1 5020 
5577 8 4846 4964 
5576 1 4846 
5582 105 4795 4944 4964 4980 4994 5002 5037 5140 5200 5288 
5584 12 4964 4983 5254 5321 
5589 11 4964 5233 
5591 27 5254 
5596 30 5103 
5603 3 4797 
5604 7 5226 
5605 11 4981 5028 5037 
5606 28 4899 5061 5072 5321 
5608 16 4795 4986 5301 5335 
5612 66 4798 4828 4986 5002 5022 5179 5226 5233 5254 5295 5335 
5614 7 4940 
5616 15 5254 
5617 22 4781 5020 5022 5176 5233 
5396 12 5200 5301 
5627 3 5321 
5624 28 5321 
5625 1 5321 
5626 4 4798 5072 5321 
5628 1 5321 
5629 1 5321 
5630 36 4781 5121 5178 5254 5262 5263 
5644 21 4795 5233 5335 
5651 1 5061 
5655 139 4786 4791 5002 5012 5103 5179 5199 5200 5254 5273 5289 5295 
5657 2 5254 
5658 10 5233 
5662 4 5182 
5668 4 5178 
5647 8 5123 5285 5301 
5674 1 4986 
5675 8 4986 5072 
5680 4 4795 
5684 18 5072 5176 5182 
5691 49 4797 5020 5061 5123 5263 5301 
5692 21 5288 
5696 50 4781 4980 4994 5002 5121 5178 5200 5233 5254 
5697 230 4791 4795 4798 4944 4980 4994 5002 5022 5037 5072 5079 5123 5176 5178 5182 5188 5199 5200 5210 5226 5233 5254 5262 5273 5288 5295 5301 5321 
5702 10 5028 5210 
5705 3 5301 
5704 4 4828 
5708 7 5254 
5707 4 5123 
5709 11 5140 
5714 44 4981 5072 5200 5226 
5721 10 5262 
5720 3 5263 
5722 3 5263 
5738 14 5022 5263 
5739 45 4828 4875 5210 5254 5262 5263 
5741 13 5020 5254 5301 5321 
5751 1 5072 
5752 1 5072 
5753 4 5072 
5761 9 5226 5305 
5768 13 4791 5178 5262 
5769 4 5123 5226 
5770 6 5178 5226 
5775 42 5012 5079 5288 
5772 15 5020 5288 
5773 75 4944 4992 5002 5079 5288 5295 
5776 14 4899 4992 
5783 23 5061 5178 
5785 2 5061 
5787 32 4781 4828 4875 5103 5179 5182 5301 
5796 191 4795 4828 4875 4981 4983 4994 5002 5022 5028 5037 5103 5121 5140 5178 5179 5200 5210 5246 5254 5262 5273 5288 5295 5298 5321 
5798 12 4795 4798 
5799 23 4786 4795 4798 4980 5200 
5800 222 4791 4884 4934 4940 4944 4983 5002 5012 5022 5096 5179 5199 5210 5233 
5802 385 4786 4791 4795 4798 4875 4879 4884 4944 4966 4980 4981 4983 4992 4994 5002 5012 5022 5028 5037 5079 5096 5140 5148 5179 5188 5199 5200 5210 5233 5254 5273 5288 5289 
5806 83 4795 4966 5022 5210 5233 5289 5335 
5804 33 4828 
5807 27 4934 
5808 6 5200 
5809 21 4875 
5810 29 4791 5022 5037 5233 5254 
5811 79 4791 5012 5140 5210 5295 
5812 41 4980 5022 5200 5295 
5814 144 4791 4940 5002 5020 5028 5037 5064 5079 5096 5188 5200 5210 5254 5262 5288 
5816 84 4944 5012 5079 5233 5254 5273 5295 5321 
5817 75 4791 4795 4798 4828 4980 5002 5020 5176 5254 5288 5321 
5818 67 4798 5178 5233 5262 5263 5273 5295 5321 5335 
5819 61 4940 4994 5037 5140 5178 5254 5273 5301 
5820 20 4981 4983 
5821 22 5254 
5822 98 4786 4791 4994 5002 5079 5178 5188 5199 5210 5254 5289 
5823 12 4875 4983 5254 
5824 41 5182 5295 
5827 15 5037 5123 5254 
5829 12 5123 5262 5301 
5839 41 4795 4828 5188 5210 5254 5262 5301 
5842 1 5305 
5840 1 5305 
5841 1 5305 
5855 8 5123 
5857 92 4875 4879 4981 4994 5022 5028 5103 5188 5200 5210 5273 5321 
5859 16 4940 5246 
5862 24 4828 5188 5254 
5872 27 5289 
5873 6 5123 
5877 7 5123 5301 
5884 2 5123 
5896 10 5182 
5899 2 5123 
5902 1 5123 
5070 4 5096 5123 
5903 1 5123 
4767 14 5254 5301 
5907 1 5301 
5911 2 5301 
5908 19 5254 5298 5301 
5909 2 5301 
5915 52 4981 
5916 9 5182 
5914 2 5335 
5871 50 4795 4875 5079 5176 5178 5182 5254 5262 5273 5295 
5922 7 5103 
5928 4 5246 
5927 10 5210 
5930 3 5176 
5932 33 4828 4875 5002 5121 5254 
5933 4 4791 4875 5254 
5934 42 4781 4828 5037 5210 5273 
5935 11 5178 
5940 13 5254 
5945 9 4875 5179 
5946 4 5182 
5952 14 5079 5182 
5966 7 5335 
5961 11 4798 4828 5188 
5972 2 5263 
5984 10 4791 5233 
5998 81 4791 4944 4994 5002 5022 5140 5148 5179 5210 5254 5273 
5999 20 5079 5254 
6000 10 5022 
6006 68 4983 5020 5022 5079 5254 
6004 6 5233 
6007 6 5103 
6020 25 4940 5079 5178 5262 
6024 17 5335 
6023 30 4786 4994 5233 5263 
6031 2 4875 
6032 80 4944 4981 5002 5148 5199 5210 5246 
6038 6 5188 
6043 39 4781 4828 4981 5103 5121 5210 5262 
6049 3 5210 
6070 3 4828 
6072 54 4940 4983 5246 
6068 32 4781 4828 4875 5179 5210 
6069 5 4875 
6073 1 5103 
6074 1 5103 
6075 18 4781 4828 4875 5103 5121 5178 5262 
6082 18 5002 5079 5210 
6091 1 4828 
6092 1 4828 
6093 5 4828 
6097 26 5079 5199 
6094 11 4781 5121 
6108 4 5121 
6116 2 4875 
6112 1 4875 
6113 1 4875 
6114 2 4875 4981 
6118 2 4781 
6119 3 4781 
6120 1 4781 
6121 2 4781 
6126 11 5262 
6127 3 5028 
6001 5 5121 
6133 4 5037 5121 
6134 7 5121 5254 
6135 2 5121 
6146 9 5178 
6151 13 5022 
6170 14 5037 5188 
6174 10 4940 5022 5079 
6197 2 4980 
6182 3 4875 
6198 14 4992 
6200 6 5178 5262 
6204 12 5233 
6190 3 5254 
6208 3 5254 
6217 31 5210 5254 5273 
6218 53 4795 4798 4940 4981 4994 5022 5079 5210 5254 
6220 18 5012 5177 5178 5254 5335 
6224 1 5262 
6221 31 5254 5262 
6222 1 5262 
6223 17 4791 5233 5254 5262 
6229 19 5012 
6232 3 5263 
6241 75 4983 5002 5178 5289 
6243 35 5002 5079 5254 
6247 1 5178 
6248 10 5178 5233 5335 
6262 1 5200 
6263 4 5335 
6270 88 4944 5012 5233 5288 
6271 11 5188 5200 
6272 76 4940 4944 5020 5079 5188 5210 5233 5254 
6282 1 5335 
6280 52 4884 5028 5199 5233 5289 5335 
6281 1 5335 
6299 78 4798 5020 5199 
6305 190 4786 4795 4994 5002 5022 5037 5079 5140 5179 5188 5199 5210 5233 5246 5254 5273 5288 5321 
6312 3 4798 5233 
6313 2 5233 
6314 10 4791 5210 5233 
6315 1 5233 
6319 2 4791 5233 
6320 23 5079 
6323 44 5200 5233 5254 
6132 2 5200 
6317 5 4980 5200 
6324 6 4798 5200 
6325 5 5200 5254 
6326 2 5200 
6334 4 5233 
6346 17 5002 5295 
6347 11 5289 
6359 81 4791 4980 5002 5037 5079 5188 5199 5254 5295 
6360 35 4798 4980 5012 
6298 7 4798 5254 
6377 17 5288 5321 
6379 1 4798 
6380 4 4798 
6381 3 4798 
6327 108 4786 4798 4944 5002 5012 5188 5199 5210 5254 5288 5295 
5965 3 5254 
6394 8 4994 
6398 29 5002 
6414 21 5022 
6422 11 5020 
6421 23 5210 5295 
6440 3 5254 
6443 70 5002 5020 5022 5210 5233 5254 5321 
6458 28 5028 5273 
6467 8 4994 5254 
6479 13 5254 5273 
6483 28 4791 5002 5254 
6486 85 4791 4879 4944 4966 4992 5002 5233 5254 5273 5289 
6487 4 5037 
6488 22 5210 5254 
6491 4 5002 
6494 101 4875 4884 4940 4983 5002 5022 5028 5079 5179 5233 5254 
6501 17 5079 5210 5254 5321 
6502 12 4981 5022 
6504 7 4994 
6506 1 5140 
6507 1 5140 
6508 1 5140 
6509 1 5140 
6510 54 4875 4994 5002 5020 5022 5179 5254 
6513 1 4994 
6514 1 4994 
6515 1 4994 
6518 33 4875 4884 5002 5199 
6522 29 5254 5321 
6523 33 5079 5148 
6526 11 5321 
6460 58 4875 4966 4981 5020 5079 5179 5188 
6533 1 4791 
6534 1 4791 
6537 5 4791 
6535 1 4791 
6538 21 4791 5179 
6539 1 4791 
6536 2 4791 
6550 9 5079 
6555 35 5002 5079 5199 
5273 12 5079 5254 5295 
6560 43 5079 5199 5233 
6563 58 4875 4981 5002 5079 5254 
6577 10 5254 
6552 29 4944 5002 5022 5079 5254 5295 
6595 12 5020 5295 
6596 177 4884 4940 4981 4983 5002 5028 5064 5079 5096 5148 5179 5199 5246 
6598 6 5002 
6605 10 5210 
6608 18 5188 5254 
6612 7 5012 
6618 91 4934 4940 4944 4992 5002 5012 5022 5179 5210 5233 5246 
6619 104 4944 5002 5012 5020 5233 5298 
6615 160 4944 4992 5012 5148 5199 5233 5288 5295 5321 
6616 18 5012 
6624 135 4981 5002 5028 5148 5288 5289 
6627 50 5028 5210 5254 
6626 9 5002 
6643 2 5254 
6644 1 5254 
6645 2 5254 
6646 4 5254 
6647 1 5254 
6655 7 5254 
6648 3 5254 
6649 26 4944 5254 
6650 1 5254 
6651 1 5254 
6652 1 5254 
6653 1 5254 
6654 1 5254 
6656 1 5255 
6658 5 4875 
6609 7 5210 5298 
6665 29 4884 5028 5037 5288 
6676 6 5079 
6702 10 4944 5079 
6706 3 5002 
6712 11 5148 
3293 10 5289 
6714 100 4875 4884 5002 5028 5199 5233 5289 5321 
6727 1 5002 
6728 1 5002 
6611 15 5020 
6736 33 5321 
6752 1 5037 
6753 4 5037 
4401 9 5022 
6772 77 4940 4983 5020 5179 5199 5233 5321 
6774 24 4981 4983 5079 5148 
6784 42 5002 5028 5079 5199 
6789 11 5199 
6815 4 5288 5321 
6816 1 5321 
6841 2 5210 
6848 14 5020 
6855 14 5079 
6859 11 5022 
6620 93 4944 4992 5012 5288 5295 
6875 15 5289 
6885 19 5079 
5410 1 5295 
6900 31 4875 5022 5210 
6902 28 4875 5179 5288 5289 
6913 44 4944 
6914 95 4875 4940 4966 5012 5022 5179 5288 
6906 49 5012 5199 5288 
6907 191 4875 4879 4944 4983 5002 5022 5028 5064 5079 5148 5179 5199 5210 5233 5288 
2415 4 5012 
6916 54 4875 4884 4940 5179 5289 
6918 29 5179 5233 
6923 2 5289 
6934 65 4884 4940 4944 5012 5233 
6941 57 4940 5012 5022 5028 
5529 39 5022 5079 5210 5289 
6943 1 5020 
6945 18 4875 5012 
6951 47 4940 4983 5079 
6692 6 5288 
6316 19 5199 
6971 6 5199 
6976 41 4944 4981 5002 5079 5233 
6991 18 5012 5199 5288 
6993 81 4875 4981 5079 5199 
7005 13 5210 
7019 4 4981 
7021 15 4981 5079 5096 
7026 13 5096 5148 5210 
7029 2 5079 
7044 3 4940 
7052 142 4875 4884 4934 4981 5002 5022 5028 5199 5233 5289 
7045 36 5148 
7053 31 4940 5148 5210 5246 
7054 40 4884 5002 
7046 21 4884 
7047 161 4981 4983 5022 5079 5096 5148 5179 5210 5246 
7055 98 4875 4983 5002 5022 5028 5079 5096 5148 5289 
7056 37 4983 5064 5148 5179 
7049 27 5096 5148 
7057 118 4875 4940 4981 4983 5002 5022 5079 5210 5289 
7038 7 4944 
7080 70 4944 4983 5002 5012 5022 5199 5210 5288 
7082 1 4944 
6946 68 4879 4884 4934 4992 5002 5028 5179 5289 
7086 123 4875 4940 4966 4983 5022 5096 5210 5246 5289 
7088 5 4940 
7090 11 5002 
7092 93 5002 5022 5079 5179 5210 5288 5289 
5015 14 4940 5002 5199 
7099 18 5288 
7100 15 5012 
7104 15 5002 
7113 12 5233 
7116 1 4875 
7136 2 4884 
7131 24 4940 
7132 30 5002 
7153 12 5022 
7164 4 5012 5179 
7183 9 5179 
7192 1 5288 
7193 1 5288 
6889 5 5288 
7225 47 4966 5022 5079 
7228 7 4884 
7230 4 4884 
7231 101 4879 4884 4981 5028 5079 5148 5289 
7233 22 5179 
7236 23 4884 5002 5079 5148 
7237 15 5064 
7238 9 4884 
7239 21 4875 4884 
7241 21 5028 
7270 5 5210 
7280 89 4981 4983 5079 5096 5179 5233 
7295 13 5179 5199 
7301 27 4983 
7298 2 5079 
7171 9 5079 
7317 15 5199 
7294 39 4940 4983 5002 5079 5148 5179 5199 5246 
7326 1 5199 
7327 6 5199 
7335 15 5002 5210 
7343 12 5233 
7350 21 4940 4981 
7352 15 5079 5148 
7362 8 4884 5233 
7379 7 5289 
7378 38 5022 5079 
7357 9 5233 
7199 2 5233 
7382 1 5233 
7383 2 5233 
7386 25 4940 5022 
7390 24 5179 
7391 52 4940 4983 5022 5179 5210 5246 
7400 15 4940 5022 5079 
7405 18 5028 5096 
7409 10 5002 
7393 12 5002 
7418 2 4981 
7421 9 4940 
7425 7 4940 
7449 39 4940 5079 
4532 8 5096 5179 
7490 27 5002 5028 
7492 3 4875 
7493 4 4875 
7501 1 5289 
7502 3 5289 
7503 1 5289 
7511 16 4981 4983 
7514 3 4879 
7546 3 5028 
7564 31 5002 5028 
7415 6 5079 
7570 3 5096 
7578 28 4981 5020 5022 5079 5096 
7579 9 5210 
7580 19 4884 5002 
7588 8 5079 
7597 4 4884 
7598 33 4884 4981 5028 
7608 2 4884 5210 
7610 1 4884 
7611 1 4884 
7613 1 4884 
7614 39 5002 5028 5079 5179 
7623 3 5028 
7625 6 5028 
7626 1 5028 
7601 3 5002 
7642 1 5179 
7649 10 5210 
7675 25 4983 5020 5096 5179 
7676 5 4940 
7677 12 4940 5022 
7678 2 4940 
7679 26 5022 5079 5148 
7682 36 5020 5148 5210 
7685 13 5179 
7691 19 4983 5179 
7697 19 5179 
7703 2 5179 
7727 30 4981 4983 5022 5246 
7733 45 4940 4981 5022 5064 5079 5246 
7738 6 5148 
7741 4 5148 
7743 13 4940 5179 
7744 50 4940 4983 5022 5079 5179 
7745 1 5148 
7747 8 4981 5148 5179 
7750 2 4940 
7755 13 5064 5079 
7759 4 4981 4983 
7771 3 5079 
7772 20 5064 5179 
7774 35 5022 5210 
7775 11 5096 5179 5210 
7790 4 5022 
7791 4 5079 
7808 12 5079 5096 
7818 23 5022 5079 5096 5210 
6709 2 5064 5210 
7835 3 5179 
7837 2 5079 
7842 2 4981 5079 
7843 2 4983 5079 
7844 1 5079 
7845 2 5079 
7848 1 5079 
7862 11 5210 
7860 2 4983 
7863 1 4981 
7864 2 4981 4983 
7865 24 4981 5022 5096 5179 
7873 6 5179 
7877 6 4940 
7882 11 4940 5096 
7900 27 5064 5210 5246 
7901 30 5210 
7903 4 5022 
7907 12 4983 5022 5179 
7919 3 4940 
7930 1 5179 
7929 4 5179 
7932 2 5179 
7933 4 5179 5210 
7931 2 5179 
7934 1 5179 
7935 1 5179 
7945 5 5022 
7948 2 5096 
7964 11 5020 5022 5096 5210 
7974 1 5096 
7975 1 5096 
7976 1 5096 
7980 15 5022 5246 
8012 7 5210 
8036 19 4940 
8046 16 4940 
8047 20 4940 
8053 20 4940 5022 
8061 5 4940 5022 
8062 1 5210 
8063 3 5210 
8064 1 5210 
8065 1 5210 
8066 3 5022 5210 
8085 16 4940 5022 
8091 1 5022 
8092 5 5022 
8093 1 5022 
8094 4 5022 
8095 1 5022 
8096 1 5022 
8107 13 4940 
8146 2 5246 
8152 10 4940 
8156 5 4940 
8162 9 5064 
8189 4 5064 
8190 4 4940 
8199 1 5064 
8050 9 4940 
8241 2 4940 
8263 2 4940 
8270 2 4940 
8272 1 4940 
8273 1 4940 
