6 302 6227 6330 
11 743 6170 6496 
20 187 6229 6262 
24 309 6097 6229 6272 6441 6496 
28 133 6251 
36 227 6006 6044 6151 6437 6496 
39 41 6123 
42 89 6437 6458 
44 44 6262 6306 6432 6437 
47 146 5922 6227 
53 39 5998 
29 150 5922 6198 6498 6503 
58 38 6044 
59 94 6166 
27 102 6246 
72 164 6004 6229 6437 
86 122 5936 6094 6327 
71 109 6094 6327 
87 195 5963 6006 6156 6174 6296 6337 6400 6407 6437 6441 6458 6496 
103 68 6097 6327 
68 275 5922 5925 5933 5936 5972 5994 6083 6097 6098 6124 6130 6156 6229 6262 6306 6400 6407 6437 6505 
109 190 5933 6001 6006 6043 6097 6123 6156 6174 6272 6296 6306 6328 6330 6344 6376 6407 6417 6437 6442 6458 6464 6481 6505 
122 213 5936 5947 6498 
113 89 5936 6437 
127 132 5928 6156 
136 99 5936 5950 5980 6000 6006 6262 6299 6330 6441 6472 6498 6505 
143 94 6004 6156 
172 123 6441 6498 
173 334 6006 6043 6098 6151 6269 6414 
177 19 6496 
178 63 6006 6098 
182 79 6400 
166 93 6004 6044 6156 6305 6330 
208 6 6156 
226 25 6437 
237 41 6229 6417 
258 6 6262 
260 6 6262 
265 31 6328 
306 244 5925 5928 5947 5969 6029 
310 230 6505 
311 321 5922 6097 6151 6156 6299 6306 6330 
319 199 6006 6097 6110 6347 6442 6505 
335 46 5922 6174 
336 31 6221 
339 80 6043 
364 14 6458 
366 14 5947 
371 117 6388 
383 45 6296 
395 42 6227 
398 7 6001 
407 145 6246 
425 79 6241 6255 6323 6337 6424 6447 
432 157 6227 
449 9 6221 
457 732 5928 5931 5932 5933 5950 5969 5973 5980 5991 5994 5998 6001 6004 6006 6009 6010 6021 6032 6044 6094 6097 6106 6124 6149 6156 6161 6166 6170 6218 6221 6227 6229 6243 6261 6270 6272 6296 6299 6302 6305 6306 6323 6327 6328 6334 6337 6347 6376 6388 6400 6407 6409 6417 6422 6432 6437 6441 6442 6447 6458 6464 6472 6474 6481 6491 6496 6498 6503 6505 
467 12 6156 
544 2 6458 
546 142 6407 6421 6441 
553 22 6299 
580 30 6032 6043 6328 
600 214 6004 6229 6330 
608 3 6414 
633 55 6004 6330 
634 150 5922 5925 5936 5994 6148 6227 
643 46 6305 6400 
645 16 6306 
658 6 6458 
663 158 6123 
667 19 6006 
686 83 6148 6151 
695 118 6251 6262 6306 6437 
722 264 5928 6299 6432 
737 232 5922 5950 6000 6001 6004 6032 6044 6047 6097 6123 6156 6170 6221 6227 6280 6299 6305 6320 6323 6388 6414 6417 6421 6422 6442 6447 6496 
742 93 6424 
749 66 6347 6498 
763 68 6262 
766 773 5925 5932 5933 5947 5950 5998 6001 6004 6006 6029 6032 6043 6044 6098 6123 6124 6151 6156 6166 6170 6174 6221 6227 6229 6241 6243 6251 6262 6272 6296 6299 6327 6337 6347 6414 6417 6432 6437 6441 6442 6458 6481 6496 6501 6505 
769 146 6229 
788 113 6255 6302 6306 6334 6360 6400 6407 6409 6417 6422 
789 317 5936 5994 6229 6246 6262 6337 6432 6481 6505 
791 41 5991 6417 
813 272 5925 6098 6124 6400 
816 29 6166 6306 
825 165 5963 6218 6229 6246 6251 6327 6337 6360 
837 4 6229 
838 36 6004 
854 99 5994 6251 6496 
856 91 6299 6347 
852 39 6255 
865 97 6328 6388 
879 122 6323 
896 26 6299 
971 72 5936 5994 
988 292 6044 
993 238 6498 
996 297 5994 6246 6262 6306 6400 6432 6437 6441 6498 
1000 60 5936 5963 5973 6027 6029 6148 
1004 12 6302 6306 6334 6414 6441 
1009 44 6029 6251 6417 
1037 86 5963 6299 
1041 49 5928 6124 6262 6270 6311 
1051 46 6496 6498 
1055 196 5963 5994 6004 6306 6328 6347 
1063 29 6006 6123 
1064 16 6243 
1074 95 5950 6004 6156 6170 6221 6299 6327 6347 6409 6424 6441 6474 6481 6491 6496 6498 6501 6505 
1075 74 6229 6388 
1079 2 5925 
1098 305 5932 5998 6004 6032 6043 6097 6123 6151 6170 6241 6270 6296 6299 6305 6306 6323 6327 6330 6334 6424 
1132 57 6306 
1133 399 5925 5928 5936 5947 5963 5972 5973 5977 5980 5994 6004 6009 6021 6029 6094 6098 6124 6148 6161 6166 6226 6229 6246 6262 6334 
1151 472 5933 5947 6006 6032 6043 6094 6124 6151 6156 6166 6174 6226 6229 6327 6328 6337 6414 6437 6458 6481 6496 
1164 39 6006 6424 
1166 599 5922 5928 5932 5936 5963 5980 5994 5998 6000 6004 6006 6023 6094 6098 6148 6151 6156 6164 6198 6218 6221 6246 6251 6255 6262 6270 6299 6305 6306 6327 6330 6334 6337 6388 6400 6407 6414 6432 6437 6441 6496 6498 6503 6505 
1167 158 5963 
1169 29 5936 5973 
1200 107 6306 
1204 61 6299 
1210 218 5994 6004 6305 6330 6334 6337 6498 
1215 65 5936 6094 6161 6437 
1244 2 6262 
1247 77 5928 6417 
1267 61 6170 6496 
1286 65 5925 6032 6227 
1319 181 6496 
1360 22 6262 
1356 20 6388 
1357 91 5950 
1374 462 5922 5933 5947 6004 6032 6043 6044 6151 6174 6241 6299 6320 6330 6347 6414 6496 
1381 52 6347 
1385 35 6004 6299 
1395 199 6227 6229 
1401 3 6347 
1184 79 6098 
1462 48 5963 5994 
1470 156 6004 6006 6156 6229 6246 6251 6262 6306 6327 6328 6334 6337 6417 6432 6458 6474 
1471 72 5963 6272 6299 
1496 210 5947 6458 
1497 28 6229 
1506 41 6296 
1522 139 5925 5928 6327 6462 
1542 244 5925 5928 5933 5947 6009 6029 6059 6083 6096 6097 6098 6123 6124 6166 6227 6229 6241 6243 6246 6261 6328 6417 6447 6481 6496 6505 
1549 587 5947 6097 6123 6299 6442 
1554 6 6094 
1010 6 6029 6417 
1603 16 6334 6400 6407 6422 
1608 355 6246 
1612 68 5932 5969 5998 6097 6270 6347 6414 
1622 50 6327 
1623 39 5928 6496 
1644 48 6414 6437 6498 
1661 66 6218 6296 6323 
1667 55 6164 6302 6306 
1691 50 6151 
1701 112 6098 6156 6221 6229 6414 6496 
1697 70 6255 
1717 96 6306 6337 6400 
1720 14 5922 5925 6227 6327 
1722 14 5925 6151 6227 
1688 25 6227 6496 
1730 45 6094 
1733 42 5936 6337 6347 6481 
1734 55 6462 
1737 9 6098 6340 
1748 76 6006 6123 6320 6442 
1762 47 6004 6221 6299 6347 6388 
1767 97 6437 6496 
1769 67 6441 
1783 57 6148 
1796 38 5980 6221 6270 6305 6327 6505 
1799 48 5950 6044 6221 
1800 20 6334 6496 
1811 43 6151 6328 
1803 19 6226 
1808 129 5947 5969 5980 
1814 105 6001 6004 6023 6124 6421 6462 
1823 49 6170 6272 
1835 73 6000 6229 6437 
1874 9 6229 
1879 13 6123 6305 6417 6442 
1896 51 6001 6327 
1915 33 6148 6161 6246 6251 6306 6328 
1931 15 6227 
1937 13 6009 
1951 29 6481 6505 
1972 181 6006 6437 6441 6458 6501 
1982 29 6270 6305 6327 6388 
1990 36 5950 6501 
2001 39 5963 5994 6029 
2010 27 5933 6320 
2037 8 6111 6481 
2102 45 5947 
2115 16 6094 
2120 122 6321 6388 
2135 146 5963 6218 6262 6337 6496 
2145 145 6006 6096 6097 6166 6221 6299 6330 6414 6437 6441 6498 
2172 29 6328 6407 
2174 65 6498 
2186 61 6006 6098 6229 6299 
2215 15 6296 
2226 28 6299 6330 
2231 66 5963 6251 
2237 241 6229 
2240 108 6327 6337 
2249 38 6299 6417 6503 
2256 247 6029 6296 6302 6306 6328 6334 6337 6388 6409 6422 6432 
2258 95 5925 5947 5963 6124 6229 6251 6328 6330 6414 
2264 58 6029 6243 6458 
2274 48 5936 
2276 32 5963 5969 5973 6004 6156 6422 
2290 120 6055 
2294 9 6229 
2295 2 5963 
2297 164 6337 6437 6442 
2299 67 6032 
2322 19 6227 
2323 111 6255 
2328 215 6123 6296 6327 6347 
2369 189 5963 5977 6001 6041 6044 6107 6111 6156 6166 6227 6235 6306 6327 6328 6414 6447 6458 
2375 49 6004 6441 
2376 26 6006 6218 6437 6441 
2381 71 6330 6400 6498 
2384 72 6029 
2387 66 5925 5936 5994 6148 
2410 34 5994 6151 6414 
2412 3 6243 
2427 11 6417 
2440 50 6111 6414 
2452 42 6123 6280 6417 
2456 31 6414 6437 6458 
2458 6 6442 
2480 7 5936 
2485 324 5922 5925 5932 6032 6043 6123 6124 6148 6151 6227 6229 6327 6347 6417 
2493 6 6474 6505 
2504 100 6006 6094 6123 6124 6156 6296 
2506 46 6306 6347 6422 
2507 69 6164 
2508 13 6004 
2511 8 6241 
2516 44 5926 5931 5947 6009 6481 
2535 47 6156 
2542 93 6229 
2545 7 6437 6458 
2547 105 6098 6337 6407 6435 6481 
2549 70 5928 
2552 5 6094 6124 
2566 32 6464 
2560 180 6043 6320 6330 6422 
2564 50 6328 6337 6437 6442 
2565 893 5922 5932 5933 5998 6000 6004 6032 6043 6044 6097 6123 6151 6174 6198 6227 6241 6243 6270 6272 6299 6305 6320 6327 6330 6347 6388 6414 6417 6422 6424 6442 6496 6503 
2576 146 6029 6044 6174 6320 6437 
2585 60 6124 
2595 49 6006 6437 
2474 142 6347 
2599 9 6251 
2605 64 6006 6080 6501 
2613 25 6098 
2623 108 5936 5956 5972 6094 6109 6124 6130 6261 6279 6306 6311 6447 
2620 24 6305 6388 
2655 49 6006 6337 6422 6441 6498 
2658 307 5933 6000 6032 6043 6044 6151 6174 6243 6414 6417 6422 6442 
2674 103 5936 6501 
2677 40 5922 5932 5998 6097 6123 6272 6327 6330 
2699 74 6458 
2686 156 5925 5936 5977 5980 5994 6105 6111 6337 6360 6414 6417 6422 
2702 80 5936 6124 
2688 618 5925 5928 5950 5994 6023 6029 6047 6094 6124 6156 6161 6166 6221 6226 6227 6229 6246 6251 6262 6272 6296 6302 6306 6334 6337 6407 6417 6458 6501 6505 
2704 75 6229 
2660 164 6262 6417 
2667 126 5936 5963 5994 6006 6029 6078 6094 6096 6098 6105 6111 6124 6148 6151 6166 6218 6229 6327 6328 6334 6337 6360 6388 6400 6407 6409 6414 6422 6432 6437 6441 
2693 149 5936 6004 6330 6347 6496 
2696 64 6148 
2744 39 5936 5973 5994 6006 6021 6094 6148 6229 6246 6251 
2765 29 5973 6227 6441 
2774 46 6006 6347 6437 
2775 35 6437 
2790 173 6235 6246 6255 6330 6388 
2802 9 6023 
2822 43 5928 5963 
2831 39 5928 6124 
2839 5 6417 6442 
2851 44 5922 6006 6337 6437 6442 
2855 16 6330 
2883 28 5947 
2467 4 6221 
2889 14 5925 
2908 12 6004 6251 
2909 57 5969 
2940 123 5950 5969 6000 6004 6306 6462 6496 6505 
2967 238 6148 6306 6400 
2972 357 5969 5977 5980 5991 6097 6166 6170 6235 6246 6251 6272 6311 6330 6414 6435 6441 6458 6462 6472 6474 6481 6491 6498 6501 6503 6505 
2985 4 6347 
2988 55 6148 6400 
3000 43 6424 
3009 51 6417 
3010 123 6347 6441 
3015 44 5926 5931 5947 5972 6010 6481 
3021 7 6481 
3027 39 6044 6124 6441 6458 6498 
3028 189 5928 5936 6009 6098 6130 6261 6302 6306 6311 6321 6340 6376 6409 6427 6462 6474 6475 
3032 216 5922 5932 6001 6148 6151 6156 6170 6218 6251 6272 6334 6337 6347 6388 6432 6437 6501 
3059 32 6347 
3081 20 5936 
3084 62 6043 
3088 37 6156 6407 
3092 81 5928 5931 5963 6306 
3106 5 6458 
2003 63 6044 6097 
3142 49 5925 
3150 10 5980 
3176 6 6148 6400 
3209 41 5947 5973 
3238 28 6327 
3258 95 6097 
3274 69 5947 6043 6305 6421 
3291 58 6148 6151 6246 6432 
3297 51 6032 6414 
3310 18 6043 6151 
3315 13 6001 
3340 4 6148 
3345 35 5925 6458 6496 6498 
3348 25 6006 6299 6330 6334 6472 6498 
3366 63 5936 5963 5969 6027 6105 6306 6421 
3381 180 5922 5932 5998 6000 6097 6123 6156 6170 6218 6221 6227 6243 6262 6272 6305 6306 6328 6334 6347 6414 6417 6432 6441 6442 6498 6501 
3393 10 5998 6044 
3402 122 6032 
3404 89 5947 5994 6029 6307 
3445 21 5947 5963 
3439 88 6501 
3447 271 5932 5973 5998 6044 6083 6097 6105 6109 6148 6218 6225 6241 6246 6255 6261 6262 6270 6272 6299 6305 6306 6327 6330 6337 6360 6414 6474 6481 6501 6505 
3449 314 5925 5928 5936 5947 5973 5994 6006 6029 6098 6124 6164 6166 6218 6229 6246 6251 6262 6296 6306 6328 6337 6400 6432 
3452 131 5947 5963 5994 6006 
3453 319 5991 6006 6041 6054 6272 6296 6323 6347 6481 6496 6505 
3456 241 5947 6098 6328 6337 6437 6458 6481 6496 6498 
3457 166 6004 6041 6123 6235 6505 
3458 69 5947 5963 6337 
3459 92 5950 5980 6029 6078 6106 6124 6198 6221 6272 6299 6432 6441 6481 
3460 22 6347 
3462 54 6156 6501 
3469 23 6262 
3479 102 5963 6098 6124 6218 
3483 20 6251 
3478 42 5994 6006 6124 6227 6458 
3498 114 5936 5991 5994 6098 6299 6328 
3521 29 6328 
3522 71 5963 5994 6124 6148 6246 6306 6327 
3535 5 6148 6437 
3508 11 6496 
3568 147 5928 6162 
3569 42 6347 
3587 15 6328 6388 
3585 2 6505 
3586 156 5972 5980 6032 6043 6044 6123 6226 6227 6251 6270 6272 6296 6311 6327 6344 6407 6414 6427 6464 6481 6501 6505 
3600 12 6123 6417 
3601 52 6156 6251 
3607 24 6327 
3614 205 5922 5925 5947 6006 6124 6227 6229 6327 
3624 64 5980 
3631 91 6004 
3634 82 5925 5928 5994 6094 6218 6251 6262 6337 6400 6441 6481 
3635 63 6243 
3641 212 5977 6004 6098 6105 6107 6123 6124 6148 6227 6229 6272 6347 6417 6464 6498 
3642 362 5925 5928 5936 5947 5950 5963 5972 5973 5977 5980 5991 5994 6001 6004 6006 6021 6029 6080 6094 6098 6105 6107 6109 6111 6124 6130 6148 6151 6156 6161 6166 6170 6218 6221 6226 6229 6246 6251 6255 6262 6269 6296 6299 6305 6306 6323 6327 6328 6330 6334 6337 6340 6344 6347 6388 6400 6409 6414 6417 6422 6424 6435 6437 6441 6458 6462 6474 6475 6481 6496 6501 6503 6505 
3643 44 6029 
3658 39 6227 
3662 10 6299 6330 6334 
3665 20 6330 6422 
3666 144 5936 5947 5994 6098 
3691 95 5963 6032 6305 6498 
3571 45 5922 5925 6044 6227 6327 
3728 85 5936 5994 6347 
3751 11 6337 
3752 15 6241 
3764 10 5922 6330 
3770 22 6503 
3786 99 5936 5963 5973 6262 6311 6337 
3787 232 5936 5963 5973 5994 6044 6156 6246 6251 6255 6262 6305 6306 6320 6328 6347 6388 6400 
3792 27 6296 6305 6337 6347 
3796 113 5947 5963 
3794 46 6148 6347 
3812 53 6337 
3813 94 5922 5963 6123 6156 
3830 20 6098 
3835 35 5922 
3854 82 6098 6148 
3900 3 5925 
3910 33 6270 
3916 42 6083 6105 6123 6124 
3920 6 6299 
3922 7 5947 6299 
3932 4 6458 
3956 85 6337 6505 
3958 15 5928 6123 
3965 89 5932 5947 6006 6043 6044 6124 6148 6156 6174 6270 6306 6344 6414 6496 
3969 90 5969 6481 6496 
3976 145 5936 6009 6059 6083 6097 6098 6109 6130 6164 6257 6261 6269 6278 
3982 20 6097 6337 
3985 32 5928 6296 6496 
4013 21 6218 
4036 147 5925 5928 5936 5994 6044 6123 6148 6229 6417 6437 
4037 15 6124 
4040 104 5991 6043 6269 6278 
4041 68 5925 6098 6124 6255 6306 6337 6400 
2981 44 5969 
4045 257 5925 5928 5932 5947 5998 6006 6029 6097 6098 6124 6148 6156 6166 6229 6327 6337 6432 6437 6441 6481 6496 6501 6505 
4046 89 6241 6270 6320 6414 
4055 3 6347 
4056 23 5963 
4063 27 6098 6305 
4065 131 5932 5950 5998 6004 6097 6323 
4070 111 5936 5963 5994 
4071 17 6296 
4073 115 6098 6105 6218 6327 6360 6388 6400 6417 6422 6424 6437 6472 6474 6481 6498 6505 
4082 15 5963 
4099 155 6006 6123 6124 6299 6306 6437 6481 6505 
4136 26 5928 5947 
4144 76 5928 6006 6221 6246 6255 6262 6296 6299 6323 6328 
4151 84 6166 6306 
4162 16 6496 
4175 8 6006 6148 6498 
4187 9 6006 6422 
4191 20 6323 
4192 7 5998 
3995 57 5947 
4205 5 5963 
4221 42 6001 6032 6124 
4257 2 6417 
4273 23 6170 
4276 52 6229 
4291 4 6009 6306 
4314 4 5928 
4326 7 5994 
4331 2 6174 
4338 40 6004 6229 6422 
4335 32 6414 
4343 7 6006 
4347 55 5933 6032 6174 6330 6414 6422 
4353 80 5925 6229 6262 6296 6328 
4364 39 6246 6422 
4398 9 5925 
4416 11 6229 
4422 15 5922 5963 5969 
4425 2 6334 
4432 8 5925 
4437 70 5932 6097 6123 6299 6305 6330 6442 
4438 6 6257 
4441 202 5928 5947 6006 6032 6043 6098 6151 6162 6174 6328 6334 6337 6414 6437 6458 6505 
4447 14 5925 6422 
4455 22 6270 6327 
4476 16 5926 6055 
4483 153 5977 5994 6027 6080 6107 6151 6166 6221 6225 6243 6269 6360 6417 6481 6505 
4488 50 5955 5969 5980 6123 6156 6376 
4489 15 6334 
4524 9 6000 
4536 81 6004 
4542 9 6006 6422 
4550 100 5963 6029 6251 6255 6305 6330 
4557 16 6029 
4574 40 5963 6044 6262 6305 6337 
4587 27 5947 
4598 71 6080 6105 6151 6156 6246 6261 6270 6299 6327 6400 
4600 15 6229 
4632 228 5933 5936 5947 6006 6043 6097 6124 6151 6156 6166 6174 6218 6227 6246 6251 6255 6262 6299 6305 6306 6327 6328 6414 6422 6432 6437 6441 6458 6474 6481 6498 
4653 114 6164 6441 6505 
4654 2 6148 
4662 46 5925 5947 5963 
4673 96 5980 6006 6156 6218 6327 6328 6334 6337 6340 6388 6407 6409 6424 6432 6441 6458 6474 6481 6498 6501 6505 
4669 13 6442 
4686 57 5928 
4687 23 6400 6498 
4709 25 6123 6458 
2621 8 6023 6481 
4717 62 5972 6059 6083 6221 6272 
4712 121 5936 5950 6006 6027 6123 6255 6262 6269 6270 6306 6328 6330 6334 6337 6407 6498 6501 
4725 36 6503 
4733 4 5947 
4746 18 6296 6311 
4750 3 6124 
4748 38 5991 6009 6334 
4764 53 5947 6006 6043 6123 6221 6229 6243 6442 
4781 27 6124 6246 6458 
4788 20 6032 6388 
4792 62 5969 6032 6044 6124 6421 
4814 20 6422 6503 
4813 46 6006 6441 6458 6481 6498 6505 
4818 28 6306 
4824 101 5925 5947 5991 6006 6098 6124 
4829 78 5933 6156 6170 6388 
4832 7 6503 
4879 28 6243 
4894 79 5969 5972 6027 6029 6088 6130 6161 6225 6226 6246 6255 6261 6269 6302 6321 6340 6417 6424 6435 6474 
4899 169 5925 5947 5963 6004 6006 6029 6098 6124 6246 6251 6299 6327 6328 6441 6458 6481 6498 
4923 3 6094 
4924 10 6251 
4915 6 6503 
4948 214 5925 6044 6151 6320 6481 
4960 8 6006 6437 6505 
4964 60 5969 6010 6059 6407 6414 
4966 25 6472 
4967 361 5922 5925 5926 5928 5932 5936 5947 5955 5969 5972 5991 5994 5998 6001 6006 6029 6047 6078 6083 6096 6097 6098 6106 6110 6124 6148 6156 6166 6170 6218 6221 6225 6226 6227 6229 6235 6246 6251 6257 6272 6296 6327 6328 6330 6337 6407 6409 6432 6437 6441 6458 6481 6496 6501 6505 
4970 8 6098 6229 6437 
4976 23 6041 6505 
4981 53 5947 6151 
4988 23 5994 6246 6424 
4989 7 6262 
4994 19 6043 6299 
5002 115 5925 6047 6123 6124 6198 6221 6296 6327 6481 6501 
5008 27 5928 5973 5977 5980 
5012 14 6441 
5016 10 5950 
5022 172 5936 5947 5950 5963 5973 5977 6001 6006 6023 6094 6148 6151 6161 6164 6170 6218 6229 6246 6251 6255 6262 6305 6327 6330 6334 6337 6347 6388 6407 6409 6417 6424 6432 6441 6474 6498 6501 
5020 139 5936 5963 6059 6080 6094 6148 6229 6251 6278 6311 6327 6334 6400 6414 6422 
5024 4 6148 
5028 43 6006 6023 6218 6334 6409 6414 6498 
5038 5 5928 6004 
5053 52 5933 6043 6123 6151 6229 6299 6337 6496 
5059 26 5922 5932 6097 
5061 13 5950 6360 6407 
5072 3 6174 
5079 271 5947 5950 6006 6098 6124 6156 6170 6221 6272 6299 6306 6320 6323 6328 6337 6347 6360 6388 6417 6422 6427 6432 6437 6481 6505 
5089 8 6328 
5096 14 5973 6044 6174 6442 
5106 33 5922 5925 6000 6227 
5102 54 5922 5936 6029 6227 6330 6442 
5103 127 5922 6006 6032 6097 6227 6306 6320 6327 6400 6417 6441 6442 6501 6503 
5104 3 6151 
5110 84 5925 5928 5947 5963 6246 6251 6255 6337 6388 6400 6417 6422 
4828 168 5922 5936 5955 5963 5969 5973 5977 5980 5991 6001 6004 6021 6023 6041 6044 6054 6094 6098 6106 6161 6162 6218 6262 6272 6305 6327 6330 6337 6347 6388 6422 6424 6432 6435 6464 6472 6474 6481 6503 
5121 9 6296 
5123 69 6124 6299 6306 6323 6337 6422 6498 
5125 54 5936 5963 6006 6148 6151 6162 6229 6246 6251 6296 6306 6498 
5050 11 6337 
5139 11 5963 
5140 51 5963 6505 
5153 5 5963 
5166 48 6123 6330 6496 
5171 41 6098 6164 6221 6327 6481 
5172 29 5963 5972 6006 
5173 122 5922 5969 5998 6000 6156 6270 6299 6323 6327 6414 
4795 73 5933 5950 6032 6151 6218 6270 6302 6328 6337 6407 6432 6474 
5176 139 5925 5928 5936 5947 5963 5973 5994 6029 6078 
5177 101 5947 5950 5963 5969 5994 6006 6023 6059 6094 6105 6124 6148 6164 6166 6221 6229 6251 6262 6296 6306 6437 6441 6481 6505 
5178 19 6098 6124 6156 6170 6496 
4310 278 5928 5932 5936 5947 5973 5994 5998 6000 6001 6006 6027 6032 6043 6044 6097 6098 6105 6123 6124 6151 6156 6243 6296 6299 6327 6328 6337 6400 6414 6432 6437 6481 6505 
5179 217 5969 5994 5998 6001 6023 6029 6078 6098 6111 6123 6124 6148 6151 6156 6170 6221 6229 6246 6251 6255 6262 6270 6272 6296 6299 6305 6306 6327 6328 6330 6334 6337 6388 6400 6407 6414 6432 
5180 49 5925 5928 5947 5963 5994 
5181 41 6437 
5184 68 5925 5947 
5185 152 5925 5947 6001 6004 6006 6124 6156 6170 6218 6221 6227 6229 6251 6272 6299 6305 6306 6323 6327 6328 6347 6388 6432 6447 6458 6481 6491 6496 6501 6505 
5187 31 5925 5928 
5188 211 5922 5925 5932 5998 6001 6004 6097 6156 6170 6221 6227 6262 6272 6299 6305 6306 6327 6328 6330 6458 6496 6501 6503 
5189 312 5925 5928 5936 5947 5969 5972 5973 5977 5980 5991 5994 6004 6006 6023 6044 6059 6078 6094 6098 6105 6111 6123 6124 6148 6166 6218 6226 6229 6246 6251 6261 6262 6269 6278 6296 6302 6305 6306 6327 6330 6334 6337 6360 6417 6437 6441 6458 6474 6481 
5190 80 5963 
5194 10 6023 6262 
5196 32 5963 6166 6251 6505 
5197 3 6004 
5199 22 6422 
5207 13 5925 5947 5972 6302 
5217 21 6299 6442 
5226 17 5947 5972 
5233 24 6004 6044 
5246 44 5963 5991 6029 6109 
5248 2 6458 
5254 33 6299 6496 
5255 8 6255 
5262 59 5936 5947 5972 5973 5977 5980 5994 6021 6041 6096 6098 6246 6262 6306 
5263 75 5963 5973 5994 
5276 9 6044 6123 6156 
5289 6 6004 
5301 61 6094 6098 6123 6124 6148 6151 6218 6229 6498 6503 6505 
5316 24 6496 
5321 32 5963 5973 5994 6023 6255 
5324 16 5947 5973 5980 5994 
5332 6 6328 
5339 10 6023 6255 
5342 30 6043 
5360 15 6251 6474 
5361 6 5963 5980 5994 
5378 17 6044 
5381 4 5963 
5391 37 5922 6218 6400 6414 
5404 40 6023 6094 6156 6255 6299 6388 
5399 8 6029 
5423 48 6000 6006 6306 6328 6334 6337 6388 6409 6432 6441 6474 6481 6496 
5430 6 6156 
5427 37 5928 5947 6023 6080 6096 6105 
5437 26 5925 5928 5947 5973 6009 6029 6098 
5439 66 5998 6001 6006 6097 6156 6218 6255 6261 6327 6330 6388 6400 6409 6422 6424 6437 6441 6458 6462 6474 6481 6498 
5440 2 6462 
5445 63 5947 6094 6161 
5446 26 6320 
5452 17 6388 
5457 44 5969 5972 5973 6021 6078 6080 6096 6098 6149 6251 6261 6302 6388 6435 
5472 16 6123 6458 
5475 2 6414 
5482 12 6229 
5484 22 6044 6124 
5485 21 6044 
5487 30 5994 6161 6166 6246 
5524 389 5922 5932 5933 5947 5998 6001 6004 6006 6032 6043 6044 6078 6097 6098 6111 6123 6124 6151 6156 6162 6166 6170 6174 6221 6227 6241 6243 6251 6270 6272 6296 6299 6305 6306 6320 6327 6328 6330 6337 6347 6388 6407 6414 6417 6422 6437 6441 6458 6481 6496 6501 6503 6505 
5531 243 5947 5963 5994 6000 6001 6004 6006 6041 6054 6098 6124 6148 6151 6156 6170 6218 6243 6246 6251 6255 6262 6272 6296 6299 6305 6306 6327 6330 6347 6388 6400 6414 6417 6437 6441 6442 6458 6481 6496 6498 6501 6503 6505 
5532 26 6004 6156 6229 6302 
5534 14 5991 
5193 18 6347 6498 6505 
5540 3 6330 
5543 137 5925 5947 5998 6001 6029 6098 6123 6124 6148 6166 6227 6246 6251 6272 6296 6299 6305 6306 6328 6330 6337 
5549 10 6156 6229 
5550 11 5998 6044 
5551 8 5963 6481 
5553 46 5963 6004 6006 6151 6306 6496 
5562 13 6156 
5577 8 5963 
5582 105 5922 5932 5998 6004 6006 6097 6166 6170 6218 6221 6299 6327 6328 6334 6347 6432 6437 6441 6458 6481 6496 6505 
5584 12 6156 
5589 11 6218 6246 6296 
5591 27 6023 6218 6246 6262 6306 6334 6388 6400 6409 6414 6417 6432 
5596 30 5991 6059 6078 6407 6496 
5600 8 6029 
5604 7 6305 
5606 28 5969 
5608 16 6124 
5612 66 6006 6098 6148 6170 6328 6337 6441 
5616 15 6229 
5617 22 6044 6110 6246 
5396 12 5947 
5624 28 5928 5994 6027 6044 6098 6148 
5630 36 6161 6164 6166 6221 6235 6246 6251 6255 6269 6278 6306 6441 6505 
5640 2 5963 
5644 21 5936 6251 6255 6262 6306 6417 
5650 2 6088 
5655 139 5932 5950 5972 6004 6032 6105 6124 6149 6156 6161 6198 6226 6235 6269 6299 6302 6327 6340 6407 6424 6462 6464 6491 6505 
5658 10 5936 6029 6334 
5662 4 5963 
5668 4 5963 
5666 5 6004 
5667 5 5969 
5684 18 5936 5947 6306 6328 
5691 49 6124 6148 6151 6255 
5692 21 5922 5998 6299 6327 
5696 50 6004 6124 6161 6229 6255 6299 6306 6432 6441 6458 6496 
5697 230 5925 5926 5928 5932 5947 5963 5969 5991 5994 5998 6001 6006 6021 6156 6170 6218 6221 6227 6246 6251 6255 6262 6270 6272 6296 6302 6305 6306 6311 6323 6327 6328 6330 6334 6337 6347 6400 6417 6432 6437 6441 6458 6474 6481 6496 6501 6505 
5702 10 5963 
5705 3 5947 6021 
5704 4 6226 
5707 4 5925 
5709 11 5950 6427 6472 
5714 44 6124 6156 6229 6328 6337 6437 6458 6481 
5721 10 6414 
5739 45 5947 6023 6162 6328 6424 6435 
5741 13 5936 
5757 1 6218 
5760 3 6299 
5768 13 6251 
5769 4 6299 
5770 6 5963 
5775 42 6270 6347 6458 
5772 15 6001 6004 6299 
5773 75 5922 5932 6000 6097 6227 6272 6327 6330 6388 6414 
5776 14 5998 6023 6262 6306 
5784 1 5925 
5783 23 5928 5936 5994 6124 6148 6255 
5787 32 5928 5947 5963 5972 6098 6124 6166 6229 
5788 5 6023 6447 
5796 191 5928 5936 6001 6006 6032 6055 6098 6105 6110 6123 6124 6148 6156 6218 6227 6229 6270 6272 6299 6327 6347 6388 6400 6407 6414 6442 6481 6496 6498 6501 6505 
5797 3 6501 
5798 12 6261 6337 6409 6427 
5799 23 6006 6218 6296 6327 6388 6407 6432 6435 6437 
5800 222 5932 5933 5998 6000 6001 6032 6043 6097 6123 6156 6174 6221 6227 6243 6270 6272 6299 6305 6307 6327 6330 6347 6388 6414 6417 6424 6441 6442 6447 
5802 385 5932 5980 5998 6000 6004 6006 6032 6043 6047 6123 6151 6156 6170 6174 6198 6218 6227 6243 6270 6272 6299 6306 6320 6323 6327 6330 6334 6360 6388 6400 6407 6409 6414 6417 6424 6435 6437 6441 6442 6447 6458 6462 6464 6472 6474 6481 6491 6496 6501 6503 6505 
5806 83 6006 6243 6296 6299 6302 6306 6327 6424 6441 
5804 33 5928 5956 5973 6006 6458 
5805 16 5980 6023 6148 6251 6424 6462 6501 
5807 27 5922 6001 6004 6327 6417 
5809 21 5936 5977 5980 5994 6094 6105 6110 6124 6148 6218 6296 6306 6328 
5810 29 6006 6156 6311 6328 6337 6442 
5811 79 5950 6001 6123 6198 6299 6305 6330 6388 6414 6432 6441 6472 6491 6498 
5812 41 6001 6023 6161 6218 6246 6251 6262 6296 6328 6330 6458 6498 
5813 2 6417 
5814 144 5932 5950 5973 5998 6004 6032 6105 6123 6156 6221 6299 6327 6340 6409 6417 6422 6437 6498 
5816 84 6000 6004 6006 6221 6246 6306 6330 6432 6441 6498 6505 
5817 75 5922 5950 5963 5973 6255 6299 6305 6327 6330 6337 6414 6481 6503 
5818 67 6004 6023 6166 6246 6251 6255 6262 6296 6306 6327 6337 6347 6388 6400 6441 6458 
5819 61 6004 6098 6110 6432 6441 6505 
5820 20 6241 6414 
5821 22 6006 6458 6505 
5822 98 5980 5998 6006 6043 6044 6097 6174 6251 6299 6347 6424 6432 6435 6437 6503 6505 
5823 12 6417 6432 6437 6441 
5824 41 5925 5926 5928 5963 6001 6004 6246 6299 6323 6491 
5827 15 6123 6327 
5829 12 6148 6246 
5837 1 5963 
5834 6 6029 6094 
5839 41 5950 5963 5980 6123 6161 6417 6424 6432 6442 6458 6501 6505 
5836 11 5991 6094 6148 
5857 92 5922 5950 5969 6000 6094 6098 6227 6272 6305 6327 6458 6481 6496 6501 
5859 16 5969 
5862 24 5936 6124 6156 6272 6501 
5868 3 5925 
5877 7 5925 5928 
5885 3 5963 
5890 5 5963 6400 
5896 10 6422 6474 
4767 14 5963 6006 
5911 2 5928 
5908 19 6004 
5909 2 5928 
5915 52 5928 5933 6021 6043 6151 
5916 9 5925 5936 5947 5963 
5871 50 5947 6272 
5919 2 5925 
5920 10 5925 6044 
5921 4 5925 6327 6330 
5922 7 5925 
5923 3 5925 6227 
5924 1 5925 
5928 4 5936 
5927 10 5928 
5930 3 5931 
5932 33 5998 6330 6407 
5934 42 5947 6021 6111 6156 6166 6340 6409 
5935 11 5972 6161 6226 6235 
5942 4 5936 5994 
5939 3 5994 
5940 13 6006 6098 6496 
5944 1 5947 
5945 9 5947 5963 6094 6098 
5946 4 5947 5963 
5950 4 6004 
5952 14 5963 6414 
5962 2 5963 5973 
5964 1 5963 
5958 3 5963 
5966 7 5963 6023 
5959 1 5963 
5960 4 5963 6094 6124 
5093 1 5963 
5961 11 5963 5991 6088 
5969 5 6417 
5970 1 5971 
5972 2 6424 
5980 8 5969 
5984 10 5950 6323 
5992 1 5994 
5993 3 5994 
5998 81 5922 5932 5936 6006 6097 6123 6327 6505 
5999 20 6044 6246 6496 
6000 10 6270 
6006 68 5932 6156 6272 6320 6323 6327 6334 6437 6441 6458 6481 6496 6505 
6007 6 6080 6094 6496 
6013 3 6496 
4409 7 6043 6306 6496 
6015 3 6496 
6016 10 6496 
6020 25 6021 6166 6226 6255 
6024 17 5936 6218 6251 6337 
6022 1 5936 
6023 30 5936 6006 6161 6218 6261 6327 6407 6417 6432 6435 6437 6441 6462 6474 6481 
6002 1 6025 
6032 80 6006 6097 6123 6243 6327 6328 6347 6414 6442 
6038 6 6029 
6039 1 6029 
6043 39 6124 6148 
6045 7 6041 
6046 2 6044 
6056 1 6059 
6057 1 6059 
6058 1 6059 
6062 2 6098 
6070 3 6098 
6072 54 6004 6044 6241 6422 
6068 32 5922 6094 6098 6124 6151 6166 6174 6334 6414 6498 
6069 5 6148 6161 
6075 18 5936 6124 
6077 1 6078 
6079 1 6080 
6081 3 6083 
6082 18 6083 6424 6496 
6089 1 6090 
6093 5 6505 
6097 26 5998 6006 6098 6123 6299 6323 6414 6496 
6094 11 6098 6124 6229 
6100 1 6101 
6108 4 6229 
6110 1 6246 
6126 11 6004 6006 6094 6148 6229 6432 6437 6441 
6129 1 6094 
6128 2 6094 6151 
6127 3 6094 
6130 1 6161 
6001 5 6327 
6134 7 6296 6306 
6135 2 6161 
6141 1 6148 
6142 1 6148 
6143 1 6148 
6144 1 6148 
6145 1 6148 
6146 9 6006 6148 6337 
6147 1 6148 
6150 1 6151 
6156 22 6006 6166 6218 6221 6328 6417 6422 6432 
6157 3 6164 
6160 3 6161 
6165 4 6166 
6170 14 6251 6311 
6179 7 6496 
6182 3 6006 
6200 6 6246 
6204 12 6330 
6192 2 6262 
6213 3 6229 
6216 5 6458 6481 
6217 31 6156 6327 6388 6441 6458 6496 6498 
6218 53 6006 6032 6043 6299 6327 6432 
6219 4 5950 6170 
6220 18 6006 6262 6299 
6221 31 6296 6306 
6223 17 6006 6156 6306 6388 6437 
6229 19 6227 6330 
6227 2 6229 
6230 2 6229 6407 
6228 1 6229 
6232 3 6218 
6239 5 6218 6306 6432 
6241 75 6097 6123 6299 6417 6424 6442 6496 6505 
6242 5 6251 
6244 1 6246 
6245 8 6023 6246 
6243 35 5998 6000 6123 6246 6414 6501 
6248 10 6337 
6252 2 6255 
6253 1 6255 
6254 1 6255 
6258 1 6259 
6263 4 6023 6262 
6264 1 6262 
6265 1 6262 
6266 1 6267 
6270 88 5932 5980 6001 6006 6097 6123 6198 6272 6299 6305 6327 6328 6417 6424 6441 6462 6464 6474 6496 6503 6505 
6271 11 6505 
6272 76 5933 6000 6043 6047 6097 6123 6305 6501 
6274 9 6032 6044 
6280 52 6123 6299 6442 6503 
6291 1 6296 
6292 1 6296 
6293 1 6296 
6294 1 6296 
6297 1 6296 
6295 3 6296 
6299 78 6006 6097 6170 6198 6218 6270 6305 6306 6330 6334 6337 6400 6414 6417 6496 6505 
6301 1 6302 
6304 1 6306 
6305 190 5922 5933 5950 5980 5998 6004 6006 6032 6044 6047 6156 6170 6218 6221 6227 6299 6306 6311 6323 6327 6330 6347 6388 6414 6417 6424 6441 6458 6462 6474 6481 6498 6503 6505 
6312 3 6334 
6313 2 6004 
6314 10 6156 6501 
6320 23 6006 6321 6388 6414 6505 
6323 44 6327 6417 6481 6505 
6317 5 6432 
6334 4 6006 6330 
6330 1 6334 
6331 3 6156 6334 
6332 1 6334 
6333 2 6334 
6339 3 6218 6328 6340 
6346 17 6004 
6347 11 6006 6496 
6359 81 6001 6097 6170 6221 6227 6272 6299 6327 6347 6388 6491 6496 6501 6503 
6360 35 5922 6218 6327 6337 6388 6414 6417 
6298 7 6328 6400 6409 
6366 1 6328 
6351 1 6218 
6371 1 6218 
6377 17 6347 6388 
6327 108 5922 5932 5998 6001 6006 6097 6270 6299 6323 6347 6388 6414 6432 6437 6462 6501 6503 
6387 1 6388 
5965 3 6337 
6389 1 6337 
6391 1 6400 
6392 1 6400 
6393 1 6400 
6394 8 6006 6400 
6399 1 6400 
6395 1 6400 
6396 1 6400 
6397 1 6400 
6398 29 6270 6400 
6406 2 6407 
6408 3 6409 
6415 4 6417 
6416 2 6327 6417 
6421 23 5922 6001 6388 6422 
6424 2 6481 
6426 1 6427 
6428 3 6498 
6430 1 6432 
6431 1 6432 
6436 3 6004 6437 
6439 1 6441 
6440 3 6441 
6442 4 6006 
6443 70 5932 6006 6151 6156 6270 6299 6320 6388 
6444 1 6006 
6448 1 6006 
6445 7 5933 6006 
850 4 6006 
6446 1 6006 
6447 12 6006 6170 6474 6481 6498 6501 
6458 28 6000 6004 6330 
6450 1 6458 
6451 1 6458 
6452 2 6458 
6453 1 6458 
6454 1 6458 
6455 1 6458 
6456 3 6458 
6457 2 6458 
6459 2 6458 
6461 6 6327 
6462 3 6327 
6466 1 6424 
6467 8 6156 6424 
6468 1 6424 
6469 2 6424 
6470 1 6472 
6471 5 6472 
6479 13 6000 6004 
6480 1 6481 
6483 28 5950 6156 6299 6496 
6484 10 5998 6496 
6485 1 6496 
6486 85 5998 6000 6097 6123 6323 6327 6496 6503 
6487 4 6496 
6488 22 6170 6327 6496 
6489 2 6330 6496 
6490 2 6496 
6491 4 6496 
6492 2 6496 
6493 1 6496 
6494 101 5922 6004 6032 6305 6320 6330 6496 
6495 2 6496 
6497 1 6498 
6500 8 6004 
6501 17 6004 
6502 12 6044 
6503 4 6221 
6504 7 6505 
6510 54 6000 6347 6388 
6518 33 5922 5998 6032 6097 6327 6442 
6522 29 6004 6323 6347 6388 
6523 33 5932 6305 6330 
6525 17 6004 6414 
6526 11 6004 6323 
6460 58 5950 6032 
6538 21 6004 6388 
6545 5 6156 
6548 10 6442 
6555 35 6004 6299 
6560 43 5932 6123 6198 6327 
6563 58 6097 6123 6299 6305 6327 6414 
6577 10 6227 
6592 1 6323 
6552 29 5998 6221 6243 6327 
6596 177 5933 5969 6032 6151 6174 6241 6299 6320 6422 6503 
6605 10 5950 6156 6501 
6607 4 6047 
6608 18 5950 6323 
6612 7 6305 6330 
6618 91 5932 5998 6000 6001 6097 6123 6270 6272 6305 6320 6327 
6619 104 5932 5969 5998 6097 6123 6227 6243 6272 6299 6305 6327 6330 6417 6442 
6613 9 6305 6414 
6614 2 6305 
6615 160 5922 6001 6004 6097 6123 6198 6270 6272 6299 6305 6327 6330 6347 6388 6414 6417 6442 6503 
6616 18 5922 6305 6330 6414 
6617 1 6305 
6624 135 5933 6032 6043 6044 6123 6151 6174 6241 6243 6299 6414 6442 
6625 3 6227 
6627 50 5922 5950 6004 6330 6424 6503 
6626 9 6221 
5943 1 6421 
6649 26 5932 5998 6227 6272 
6609 7 6327 
6551 2 5950 
6665 29 5950 6221 6503 
6666 6 5950 6221 6299 
6671 4 6156 
6672 1 6156 
6673 1 6156 
6674 1 6156 
6675 1 6156 
6676 6 6156 
6677 1 6156 
6678 1 6156 
6679 1 6156 
6703 1 6221 
6711 7 6299 
6712 11 6414 6442 
3293 10 5969 
6714 100 6000 6097 6123 6243 6299 6417 6442 6503 
6719 3 6004 
6611 15 5969 6270 6327 6414 
6736 33 6001 6347 6422 
6749 1 6491 
6726 12 6001 6004 6323 6347 
6753 4 6442 
6755 2 6503 
6758 10 6123 6243 
6766 22 6347 
6767 2 6004 
6772 77 6000 6001 6032 6123 6198 6327 6388 6417 
6774 24 6123 6243 6272 
6779 3 6004 
6780 6 6004 
6781 8 6004 
6782 1 6004 
6783 4 6004 6323 
6784 42 6000 6004 6414 
6789 11 6299 6417 
6790 11 6323 6330 
6795 2 6044 
6809 2 6001 
6815 4 6388 
6818 2 6347 
6819 1 6347 
5269 1 6347 
6829 4 6330 
6846 6 6388 
6848 14 6327 
6852 1 6388 
6859 11 6272 
6620 93 5922 5932 5998 6097 6227 6270 6272 6327 6414 
6864 2 6327 
6867 5 6001 
6865 19 6001 
6875 15 5922 6032 6442 
6880 2 6327 
6883 4 6001 6327 
6884 1 6001 
6885 19 6001 6307 6442 
6747 4 6001 6414 
6886 7 6001 6097 
6895 6 6032 6097 
6900 31 6330 
6902 28 6241 
6913 44 5932 5969 5998 6270 6327 6330 
6914 95 5998 6000 6123 6243 6270 6320 6417 6503 
6906 49 6123 6299 6327 6414 6417 6503 
6907 191 6000 6043 6044 6123 6241 6243 6299 6320 6414 6417 6442 6503 
6916 54 6000 6330 6503 
6918 29 6442 
6924 16 6044 
6926 1 6227 
6927 1 6227 
6934 65 5922 5998 6000 6097 6270 6503 
6935 2 6272 
6941 57 6241 6327 
5529 39 5998 6044 6327 6330 
6945 18 6000 6414 
6954 3 6330 
6951 47 6422 
6959 5 6243 
6316 19 6123 6327 6330 
6974 2 6330 
6975 10 6414 
6976 41 6043 6097 6503 
6984 7 6330 
6985 1 6330 
6991 18 6198 
6993 81 5933 6000 6032 6043 6151 6174 6243 6414 6447 
7005 13 6032 6043 
7012 10 6043 
7021 15 6123 
7052 142 5932 5933 5998 6000 6032 6097 6151 6174 6241 6243 6414 
7045 36 6241 6320 6414 
7053 31 6307 6422 
7054 40 6424 
7047 161 5933 6032 6043 6044 6151 6174 6320 6414 6422 
7055 98 5933 6151 6241 6243 6442 
7056 37 6320 
7049 27 6151 
7057 118 5933 6000 6032 6043 6044 6123 6151 6174 6241 6243 6320 6414 6417 6442 
7030 2 6327 
7061 3 6123 
7063 16 6123 
7064 3 6097 
7038 7 6097 6327 
7080 70 5933 6000 6243 6270 6320 
6946 68 6032 6417 6424 
7086 123 5933 6000 6044 6174 6243 6422 6442 
7088 5 6097 
7092 93 5998 6000 6032 6043 6044 6243 6327 6414 6422 
5015 14 6044 6299 6422 
7099 18 6270 6414 
7100 15 6327 6414 
7110 5 6414 
7113 12 6422 
7117 7 6327 
7120 18 6241 6320 
7121 7 5969 
7129 11 6299 
7131 24 6032 6123 6442 
7132 30 6043 6123 
7151 1 6414 
7153 12 5969 6327 
7154 1 6327 
7155 1 6327 
7156 1 6327 
7157 1 6327 
7160 1 6327 
7158 1 6327 
7159 1 6327 
6994 19 5969 
7188 14 6299 
7203 1 6270 
7225 47 6000 6032 6320 
7231 101 6000 6043 6151 6174 6241 6243 
7233 22 6123 6447 
7236 23 6032 
7237 15 6243 
7239 21 6000 6243 
7241 21 6032 6123 
7270 5 6442 
7280 89 6032 6043 6044 6151 6241 6299 6422 
7293 4 6299 
7295 13 6299 
7301 27 6044 6320 
7309 1 5969 
7310 1 5969 
7317 15 6198 6424 6503 
7294 39 6032 6243 6414 
7327 6 6299 6503 
7281 12 6299 6503 
7332 1 6299 
7335 15 6299 6424 6503 
7336 1 6299 
7337 1 6299 
7350 21 6243 6320 
7352 15 6447 
7378 38 6044 6417 6422 
7380 3 6123 
7386 25 6422 
7390 24 6424 
7391 52 6032 6422 
7394 5 6424 
7400 15 6032 6123 6417 
7170 1 6123 
7401 3 6123 
7402 5 6123 6241 
7403 1 6123 
7404 1 6123 
7405 18 6123 
7416 1 6417 
7417 2 6442 
7418 2 6442 
7419 1 6442 
7420 1 6442 
7443 10 6043 6414 
7449 39 6422 
7482 1 6243 
7483 1 6243 
7485 1 6000 
7486 1 6000 
7487 1 6000 
7490 27 5969 6424 
7511 16 6043 
7520 3 6174 
7544 11 6032 
7564 31 6044 
7580 19 6424 
7588 8 6174 
7598 33 6043 6151 6241 
7614 39 6032 6151 6174 6241 6320 6422 
7639 1 6280 
7638 1 6280 
7649 10 6044 
7666 14 6320 
7675 25 6422 
7679 26 6151 6241 
7682 36 6422 
7691 19 5933 6032 
7695 3 6151 
7701 3 6320 
7727 30 6032 
7733 45 6032 6414 6422 
7743 13 6422 
7744 50 5933 
7755 13 6043 6044 
7766 13 6151 
7768 11 6174 6414 
7769 19 5933 6032 6174 6414 
7770 2 5933 6174 
7774 35 6044 
7775 11 6422 
7791 4 6414 
7792 7 6032 
7812 6 6043 
7829 4 6044 
7865 24 6044 
7875 2 6447 
7882 11 6414 
7901 30 6044 
7910 4 6044 
7914 1 5933 
7929 4 6044 
7966 1 6422 
7968 3 6422 
7969 2 6422 
7967 4 6422 
7970 1 6422 
8009 1 6044 
8010 2 6044 
8011 1 6044 
8012 7 6044 
8013 1 6044 
8045 7 6307 
8243 6 6307 
