3 23 567 581 584 586 590 604 611 
25 90 545 549 560 590 592 600 604 611 645 650 659 664 667 673 675 696 706 723 739 756 857 864 893 959 994 
4 29 560 606 611 645 650 659 
6 302 538 545 549 560 564 566 567 579 581 584 586 589 590 592 600 604 609 611 613 616 617 619 643 656 659 665 668 673 691 694 700 704 717 723 730 733 739 741 761 765 779 789 791 798 802 813 820 826 857 863 871 881 885 893 895 897 904 906 907 913 922 932 936 955 960 963 966 971 972 978 979 983 991 993 995 1007 1014 1022 1026 
7 24 524 
8 182 524 538 549 560 564 566 567 581 584 586 587 589 590 592 600 604 606 607 609 611 613 616 617 622 624 627 628 631 636 637 645 650 656 657 658 659 664 665 667 668 673 674 675 677 681 687 706 715 719 723 725 739 741 749 756 760 761 778 779 798 802 806 810 817 822 844 857 864 866 868 875 878 881 882 885 936 938 977 
9 81 559 560 579 592 611 626 658 664 715 733 756 857 868 893 904 918 932 972 982 
10 86 549 587 600 609 617 619 622 627 628 631 636 656 657 658 659 664 665 667 668 673 675 681 700 706 715 719 725 739 741 743 746 748 750 756 760 761 765 778 779 
11 743 545 549 559 560 575 579 587 600 607 608 609 611 613 617 622 624 627 628 631 636 637 643 644 647 658 659 664 667 668 673 674 675 677 681 684 687 694 700 705 706 707 710 715 717 719 722 723 725 730 733 739 741 743 744 746 748 749 750 756 760 761 762 763 764 765 771 779 791 793 798 802 803 805 806 810 817 822 825 826 829 836 837 838 839 844 849 853 857 859 863 864 866 868 871 873 878 881 882 885 887 893 895 904 907 908 913 918 922 929 932 934 935 936 937 941 942 943 945 946 947 955 956 958 959 960 963 968 971 975 978 982 985 989 993 994 999 1000 1006 1012 1018 1022 
12 65 538 564 609 631 644 663 668 675 677 697 706 725 748 756 765 793 805 810 822 838 857 937 1014 
14 114 524 538 560 564 566 567 581 584 589 609 611 613 616 617 619 626 631 650 656 665 797 968 
15 50 560 589 600 667 737 756 762 893 974 1006 
16 15 637 749 789 817 857 887 982 993 
17 45 524 590 592 624 656 658 667 675 739 750 756 941 982 
18 12 549 643 
19 39 564 581 584 589 590 592 
20 187 564 567 590 592 600 606 609 611 624 626 631 636 650 656 657 658 667 673 675 677 681 697 700 704 706 707 722 723 746 749 756 765 803 829 838 853 861 864 896 918 941 943 979 981 982 993 994 
21 76 549 590 592 611 613 637 656 657 664 667 723 725 760 765 789 794 802 837 853 868 871 887 893 908 932 960 963 1014 
23 74 549 586 587 590 601 616 617 656 664 667 670 673 674 700 706 715 725 760 765 794 810 857 881 897 904 906 942 945 972 981 989 1014 1029 
24 309 545 549 560 579 589 600 626 633 636 643 644 647 663 667 681 696 697 706 707 710 719 722 739 742 750 756 760 762 763 769 803 813 817 829 849 853 856 857 863 887 893 895 908 932 935 945 946 960 993 994 999 1018 
28 133 584 587 590 600 613 616 627 631 636 645 656 658 659 667 670 673 675 677 681 687 715 723 725 730 739 741 743 746 748 750 756 789 798 857 859 864 895 934 958 979 991 1014 1026 1030 
33 24 538 545 
36 227 549 560 579 600 626 636 637 643 644 656 663 665 667 681 697 704 707 710 719 722 730 733 737 762 813 817 838 844 849 857 859 861 895 908 922 941 945 958 959 972 975 981 982 993 999 1023 1026 
35 65 545 644 647 803 853 907 960 963 971 978 1023 1026 
37 20 608 609 656 762 881 
38 14 589 609 922 
39 41 549 611 613 628 631 659 706 756 779 793 822 878 1007 
26 95 560 564 566 567 581 584 590 636 673 675 681 684 687 756 
41 30 681 756 837 857 887 893 922 
42 89 545 549 564 656 658 710 743 748 756 810 817 823 853 907 908 975 993 1024 1026 
43 4 857 918 
44 44 908 947 966 
45 8 871 
46 59 564 566 590 609 624 656 664 681 704 715 749 838 844 857 991 993 
47 146 545 560 609 644 656 664 667 675 704 739 756 761 789 820 844 857 935 958 989 993 
48 21 564 664 817 878 
49 15 664 749 762 
51 24 589 609 611 656 739 750 756 791 893 
53 39 806 857 
29 150 524 538 549 587 589 600 604 611 627 656 659 665 667 668 670 673 674 677 681 684 700 704 715 719 722 730 733 739 756 761 789 810 829 837 838 840 857 863 866 868 878 882 893 895 904 918 929 932 934 936 938 942 956 958 966 1014 1026 
55 64 549 673 682 696 697 714 730 733 739 761 784 793 795 918 942 956 958 1014 1020 1030 
56 24 622 750 762 
57 13 549 656 673 675 756 789 817 
58 38 853 
59 94 549 564 584 600 643 723 733 763 861 895 928 935 937 959 1000 
62 17 606 607 609 611 
27 102 566 567 584 586 590 604 606 609 613 616 624 627 628 631 636 645 656 664 667 668 670 673 681 684 687 700 719 737 741 743 746 748 866 
66 44 600 607 665 756 784 977 1012 1026 
72 164 549 566 567 584 586 589 590 592 600 636 637 659 663 667 697 704 714 719 730 733 739 756 761 762 789 794 802 820 844 857 881 885 895 896 943 946 947 959 966 972 975 989 991 993 1007 1023 1026 
75 31 545 549 600 739 756 771 928 
78 41 524 566 567 659 793 857 
79 53 600 637 659 697 704 733 756 784 789 817 857 864 875 878 893 930 934 955 958 979 1014 1020 
77 25 524 604 624 644 700 868 878 
80 59 560 590 600 619 631 636 643 656 657 658 664 675 681 684 719 723 725 730 733 739 746 756 779 789 798 817 857 945 1026 
81 18 524 
67 17 756 
86 122 538 549 564 600 626 674 696 719 733 750 756 761 762 794 795 820 857 866 878 893 895 908 913 918 932 937 972 981 989 991 1007 1014 1026 
71 109 549 560 564 600 631 706 762 789 895 908 937 963 971 989 1014 1026 
87 195 545 549 579 600 608 647 656 658 667 696 704 737 756 761 762 765 771 789 837 913 928 932 958 963 978 989 999 1022 1026 
89 29 545 682 756 1020 1026 
90 72 549 559 560 600 644 733 737 749 750 756 761 820 932 958 994 1007 
94 80 549 613 616 628 631 656 659 663 668 715 739 756 779 789 798 857 859 873 937 
100 5 560 
98 8 664 966 
31 15 857 
102 5 813 
103 68 579 600 656 657 665 667 681 687 700 719 739 741 746 761 
116 2 756 
104 30 664 667 955 
105 3 677 
106 9 579 
68 275 608 650 700 762 771 825 1026 
109 190 993 1018 
110 95 524 613 616 617 622 643 656 658 665 667 670 674 677 682 705 722 730 733 744 789 794 810 837 838 839 844 857 859 863 866 868 881 882 885 893 895 897 904 918 929 930 932 934 936 937 942 945 955 966 972 979 981 989 991 1007 1014 
111 29 600 611 636 668 730 838 857 885 895 942 994 995 
121 9 524 659 857 
122 213 608 737 765 825 856 974 1026 
113 89 524 686 722 744 762 817 829 838 849 859 868 893 959 981 1014 
130 13 650 656 657 733 895 936 
126 25 696 697 733 742 756 789 913 956 989 
127 132 549 584 601 607 616 650 656 700 737 762 805 849 893 956 974 978 982 1007 1014 1026 
128 80 730 761 813 857 864 873 895 904 937 960 993 1012 
132 29 549 656 730 756 791 829 
134 2 601 
135 7 589 656 
136 99 584 739 761 
138 72 560 566 590 592 600 637 656 659 663 668 673 681 719 723 730 746 749 798 806 817 849 857 863 868 871 875 941 971 
139 37 611 681 741 743 748 756 760 793 802 806 822 829 849 895 958 
140 30 590 592 606 
142 25 579 682 700 1014 
143 94 559 566 567 590 633 644 647 697 704 710 762 805 817 871 887 918 960 972 991 995 
147 58 682 704 737 794 798 820 937 958 966 993 994 1007 1014 1026 
145 18 626 717 769 
151 74 549 637 643 659 663 682 707 719 723 733 749 762 806 837 844 857 863 878 887 893 895 897 906 913 918 930 936 938 941 942 945 955 956 958 966 972 989 994 
152 21 567 581 586 589 656 665 667 677 
154 61 549 609 617 636 733 750 795 829 857 895 958 989 
155 28 928 
157 44 626 663 696 697 704 707 743 756 762 857 885 893 955 966 994 1014 
161 32 677 941 963 978 989 
168 9 663 742 789 857 875 993 
171 70 545 559 575 579 644 663 705 762 803 853 857 887 904 907 930 960 982 1000 1022 
172 123 743 744 756 761 762 856 873 878 975 993 1012 
173 334 559 560 575 579 587 600 626 644 647 665 691 697 704 733 742 762 763 764 769 771 789 794 803 805 813 817 820 823 836 853 857 861 871 873 887 895 904 907 908 913 918 922 935 937 941 945 946 947 948 955 958 959 960 971 972 975 979 993 995 999 1000 1007 1022 1023 1026 
74 69 626 637 643 665 682 710 749 769 784 789 794 803 806 817 863 864 893 895 918 922 937 955 956 958 960 993 995 1026 
176 39 647 710 805 857 871 922 948 960 
177 19 677 739 820 849 968 972 
178 63 560 564 590 600 606 616 673 704 719 723 730 741 798 817 829 838 844 866 895 906 958 983 993 994 1014 
179 17 549 673 739 756 761 829 977 989 
180 54 677 908 1026 
182 79 590 600 644 647 650 656 659 667 694 723 750 762 805 857 878 895 966 971 972 977 982 993 1006 1007 1026 
166 93 545 647 659 673 733 789 829 837 838 859 897 908 959 
187 37 545 600 601 657 658 664 706 733 739 760 761 779 932 977 989 
197 11 741 
199 17 579 963 
191 13 802 829 959 
201 21 549 681 705 706 760 817 823 956 1023 1026 
203 31 600 829 
204 12 611 756 
205 12 600 613 616 658 659 
208 6 626 771 
209 10 626 686 696 697 
192 19 549 586 600 756 857 932 936 
125 29 637 704 710 730 784 937 959 960 1014 
216 8 895 
215 100 559 636 663 684 687 784 836 904 943 956 985 993 994 1018 
221 10 590 604 
223 19 590 607 636 882 
224 13 765 806 857 994 
226 25 789 937 966 977 989 1014 
240 5 637 857 
230 6 559 
231 50 549 560 600 611 613 617 650 656 657 673 686 739 756 956 
232 23 600 619 665 737 739 742 849 857 960 1023 
236 39 581 586 590 592 600 611 622 636 656 684 725 746 749 844 857 
237 41 560 581 587 636 746 765 
257 8 937 977 981 
254 25 677 682 706 715 739 756 857 864 881 895 1014 
255 86 549 564 567 581 600 606 607 608 624 627 628 631 633 636 637 643 656 657 658 659 667 668 673 675 677 681 697 706 719 723 725 730 739 741 743 746 748 749 756 760 763 765 779 789 798 817 864 878 893 993 
256 10 626 644 771 
261 8 606 607 609 
259 56 579 600 626 769 803 817 853 893 959 
263 22 733 746 762 893 918 922 979 
265 31 600 675 677 700 737 748 827 1007 
266 13 665 715 836 844 935 
268 3 935 
269 30 549 609 697 704 730 789 817 895 972 977 994 
270 14 853 935 937 
276 7 802 849 
275 56 590 604 619 650 656 657 664 667 946 
241 8 626 802 864 
280 76 566 567 579 626 667 677 697 719 739 789 794 795 813 817 820 908 966 977 989 991 994 995 1007 1012 1014 1026 
282 39 560 564 566 567 579 590 592 604 606 607 609 656 664 675 762 
283 2 771 
285 6 763 993 
292 6 945 
296 10 560 663 
290 71 633 765 887 908 946 959 974 
249 15 700 784 1006 
304 79 682 696 704 714 741 742 761 763 789 795 810 820 906 907 908 945 963 966 971 972 978 981 989 1014 1020 1023 1026 
306 244 549 566 567 587 600 609 613 619 636 637 643 656 659 664 667 670 673 675 677 681 682 684 687 697 700 704 706 707 714 715 719 722 723 730 733 739 741 742 743 746 748 749 750 756 760 762 765 778 794 795 798 810 817 829 838 857 863 866 868 875 878 881 895 896 903 907 908 913 934 936 938 956 958 960 963 971 972 974 978 979 993 1007 1018 1022 1026 
308 142 545 549 579 600 626 643 644 647 663 673 697 704 707 710 730 733 739 746 750 762 789 813 817 838 844 853 857 859 861 878 895 908 913 941 948 958 959 960 972 974 978 982 993 994 999 1022 1026 
320 7 849 
310 230 549 587 600 626 633 637 659 665 674 677 682 686 697 704 707 710 719 723 725 730 733 739 742 748 749 756 760 763 765 769 778 779 784 789 794 798 805 806 813 817 844 857 866 868 871 878 893 904 918 922 932 935 936 945 946 947 955 958 966 972 985 989 991 993 994 995 999 1006 1014 
311 321 626 637 643 647 663 674 697 704 705 707 710 722 730 742 762 765 769 784 789 795 805 810 826 844 857 859 861 871 875 878 882 887 893 895 904 907 908 922 930 936 937 941 943 946 955 956 958 971 972 978 981 983 985 989 993 994 995 1006 1012 1014 1022 1023 1026 1030 
312 227 545 549 575 579 600 624 626 628 631 636 643 644 647 656 657 658 664 667 668 670 673 674 675 677 681 682 684 686 687 691 696 697 700 704 705 706 707 710 715 719 722 723 725 730 733 739 742 743 746 749 750 756 761 769 778 784 789 794 795 798 802 803 805 806 813 817 820 822 837 838 839 844 849 857 861 863 864 866 868 878 881 882 885 887 893 895 897 918 929 932 936 937 941 943 945 948 956 958 959 966 972 977 978 979 981 982 985 989 991 994 995 999 1006 1007 1014 1023 1030 
313 54 644 697 704 761 762 795 857 871 941 958 959 974 978 981 999 1026 
315 77 637 643 659 663 673 674 677 730 741 742 749 765 778 779 793 798 802 806 817 829 838 844 857 863 864 873 878 881 885 893 895 930 942 943 963 985 993 
316 3 559 
305 7 659 715 1014 
317 140 545 579 626 637 643 644 647 663 677 682 686 696 697 704 705 707 714 730 741 742 762 769 789 794 795 805 813 820 823 826 838 844 849 853 857 863 864 866 868 871 878 882 887 895 918 929 930 932 934 938 941 948 956 958 960 971 972 979 981 989 991 993 994 995 999 1007 1014 1022 1023 1026 
319 199 587 590 592 600 622 627 633 637 647 656 659 670 673 675 704 706 725 730 733 739 741 746 749 762 765 789 798 803 805 813 817 822 826 844 857 878 904 906 907 908 922 936 955 967 971 972 978 981 993 995 1023 1026 
329 6 733 
324 14 704 739 742 746 789 817 849 966 1026 
326 12 549 616 
327 8 857 918 
251 8 719 
328 13 626 789 875 966 1026 
335 46 589 737 839 1026 
150 28 566 567 584 587 589 590 592 601 606 607 609 737 
336 31 590 600 636 941 
339 80 549 560 600 609 611 613 616 624 627 628 631 643 644 647 659 665 668 673 675 706 719 725 730 733 741 746 750 762 803 817 822 853 863 881 885 893 895 918 936 941 959 
340 30 564 627 628 656 663 885 918 932 937 945 963 972 985 1007 1020 
341 47 659 663 686 710 761 791 829 906 922 937 959 978 985 989 1007 
343 4 656 
348 21 665 686 697 704 769 817 878 941 981 1022 
345 9 567 581 600 
346 86 659 682 762 765 853 936 938 942 945 974 
349 1 613 
356 18 579 769 993 
350 2 696 
351 11 733 893 
352 9 756 
353 6 684 
193 21 549 656 733 974 
364 14 658 670 739 1007 
366 14 606 645 656 
371 117 567 590 600 627 643 658 659 664 677 686 704 717 730 733 737 739 746 756 762 789 823 844 849 857 868 878 881 882 885 895 897 936 945 958 960 977 991 1023 1026 
376 37 636 643 697 706 789 817 977 985 999 1023 1026 
381 2 622 
387 11 600 756 817 829 
101 16 756 761 
383 45 560 601 611 622 631 659 739 746 756 762 
395 42 967 
399 6 560 579 715 
400 12 606 686 769 
403 20 739 974 
405 19 637 658 677 697 1030 
406 34 538 560 636 667 668 670 675 677 681 684 687 756 
407 145 579 673 696 697 722 762 763 838 844 887 937 946 958 989 993 1000 1014 1026 
409 2 875 
415 4 549 
414 3 656 
325 25 560 590 601 606 607 739 
416 2 560 
417 9 974 
427 6 820 
424 6 838 857 893 
425 79 663 
426 41 524 538 560 566 567 586 589 592 
429 5 837 839 
430 5 991 
432 157 559 618 637 664 665 675 691 697 700 715 719 722 723 743 749 765 769 798 802 813 817 837 839 844 849 861 864 868 895 960 978 993 999 
412 21 560 681 715 838 844 859 868 937 
439 8 644 733 895 
440 8 538 560 
454 9 524 
456 5 817 
457 732 545 559 575 587 608 633 643 663 696 697 707 722 737 741 762 763 764 789 810 826 836 856 857 861 871 873 904 908 922 935 941 946 959 960 963 971 975 993 1000 1012 1018 1022 1026 
467 12 849 893 
164 8 590 628 677 
479 8 545 549 686 978 1026 
488 4 549 
489 5 524 
493 3 739 
499 14 560 626 739 789 802 829 893 999 
501 10 664 704 749 817 887 
513 4 636 739 
519 1 524 
520 1 524 
525 1 524 
521 5 524 1018 
522 1 524 
523 1 524 
445 4 524 
530 7 549 733 958 
542 7 549 
545 24 644 647 710 803 960 978 999 1026 
546 142 665 761 762 763 764 908 937 946 974 1026 
549 4 714 
552 2 1026 
560 8 559 748 750 760 
553 22 560 600 626 769 893 
554 6 560 
555 3 560 893 
556 121 560 600 611 617 624 626 627 628 631 643 645 650 656 657 658 659 665 667 668 675 686 697 710 722 730 733 769 803 817 829 849 853 857 863 878 893 895 897 945 993 999 
557 1 560 
558 1 560 
559 4 560 
564 15 604 656 673 730 739 756 761 895 906 
567 2 584 
568 1 567 
569 1 567 
570 4 567 581 
571 1 567 
572 5 567 
573 1 567 
574 5 567 587 673 
575 3 765 
579 4 626 
583 26 628 633 737 762 789 1026 
582 34 589 762 
584 5 590 604 
586 13 616 667 673 677 733 
587 18 589 704 794 922 941 972 991 
588 22 587 589 859 922 941 947 959 999 
590 8 579 829 1026 
592 12 606 611 619 624 628 657 863 
591 2 592 673 
601 9 600 803 
600 214 549 579 601 626 637 647 665 677 704 706 722 723 730 733 739 742 746 749 750 760 762 763 769 794 798 803 817 829 844 853 856 859 864 866 873 878 885 893 895 907 932 946 960 966 999 1023 1026 
604 8 600 636 725 746 960 
602 1 604 
606 3 607 611 
608 3 609 
610 1 611 
612 1 613 
614 10 549 600 616 659 682 715 798 938 942 945 
615 35 587 616 617 622 624 627 628 636 645 650 656 657 664 668 673 675 677 684 687 694 700 719 739 750 756 760 761 
618 11 600 619 673 715 844 857 875 895 955 
495 6 622 665 
620 14 622 628 643 673 730 739 741 778 881 882 979 
624 2 627 628 
625 3 624 
626 31 579 600 627 673 707 733 802 803 817 893 960 993 1000 
633 55 600 626 636 644 656 704 706 746 749 760 769 789 798 817 820 857 863 893 906 982 1020 1026 
634 150 545 579 608 626 644 647 686 697 705 737 803 813 844 853 887 935 936 938 941 946 948 958 993 999 1006 
646 17 762 810 963 
635 66 587 600 643 656 659 665 704 710 714 722 730 741 779 803 857 863 937 958 982 991 1012 1014 1020 1026 
636 11 663 715 739 750 806 
647 32 545 587 600 626 739 836 857 985 
637 25 742 762 789 838 857 863 937 977 1014 1026 
640 4 644 
641 2 686 
642 3 656 657 
643 46 600 673 715 719 725 733 746 749 750 756 798 823 866 930 958 972 1023 1026 
644 27 549 636 677 762 863 908 1022 
645 16 659 706 817 857 863 875 
649 40 549 600 643 650 659 673 705 714 715 719 723 730 741 778 779 789 793 794 798 802 810 820 863 878 881 882 885 995 1007 1014 
650 98 637 657 663 667 677 682 700 714 733 748 762 765 779 794 798 806 817 829 853 857 859 868 885 895 922 932 936 955 977 978 982 995 1020 1026 1030 
651 2 656 714 
655 1 656 
652 2 549 656 
653 2 656 958 
654 1 656 
658 6 664 667 
659 14 545 761 857 906 978 
661 2 658 
662 2 658 
664 13 749 797 849 906 
663 158 600 618 636 637 643 664 667 675 677 682 684 696 697 700 704 707 710 715 719 725 730 737 739 743 746 750 756 760 761 762 769 789 794 798 817 822 844 853 857 864 868 871 875 878 881 887 903 922 929 930 934 936 947 966 971 978 979 985 993 1007 1020 1026 
667 19 665 
665 7 667 
666 2 665 667 
639 31 668 674 696 719 749 760 761 794 810 817 823 857 863 941 943 985 989 1023 1026 1030 
669 1 670 
673 5 549 565 
672 1 673 
674 16 675 733 749 857 878 895 972 981 
677 2 760 817 
676 1 677 
678 1 681 
684 2 756 
683 1 684 
682 3 636 684 
686 83 644 663 687 710 769 803 805 826 853 861 937 943 948 956 966 971 978 981 985 1022 
688 5 743 
689 47 644 749 789 798 873 1018 
691 24 696 817 863 928 937 
693 1 694 
695 118 549 600 691 704 730 733 737 756 761 762 769 789 813 863 893 932 958 971 999 1014 
699 8 647 978 
703 1 714 
704 81 545 579 647 663 673 714 723 762 765 789 805 857 859 873 908 941 948 974 985 993 999 1007 1026 
705 28 674 710 714 795 823 857 878 906 922 932 941 943 958 978 981 1007 1029 
706 95 549 579 600 626 659 663 710 714 741 748 761 765 778 789 803 817 829 836 838 903 913 963 978 993 1014 
707 123 579 626 663 682 696 697 710 714 742 762 769 784 794 795 803 813 826 853 857 861 904 907 928 938 941 945 946 948 956 971 977 978 989 991 994 999 1007 1020 1023 1026 1030 
708 51 545 696 707 714 764 784 789 866 930 937 947 956 958 978 981 991 
709 1 714 
710 105 644 663 686 697 704 707 714 762 769 784 789 795 857 861 937 941 955 960 972 979 989 991 993 1026 
696 6 587 714 903 930 1026 
711 1 714 
712 19 714 795 978 
713 4 714 
715 23 644 647 719 803 857 978 999 1006 
716 1 715 
717 1 715 
718 1 715 
719 4 715 723 
720 1 715 
721 1 715 
722 264 608 637 643 719 723 733 737 739 746 748 760 761 762 763 765 769 784 789 813 817 825 827 839 844 856 857 893 895 897 904 906 908 932 934 935 955 963 974 977 978 989 991 993 1018 1026 
723 1 719 
725 6 749 789 849 859 1006 
724 4 725 741 
726 2 739 756 
727 32 665 737 739 
728 5 600 706 739 756 817 
729 1 739 
730 34 600 696 704 733 739 743 749 750 838 857 893 895 955 958 983 989 1022 1026 
731 1 739 
732 4 549 739 857 
733 8 549 739 829 1026 
737 232 659 739 840 938 
738 8 739 748 979 
734 1 739 
735 1 739 
742 93 643 659 663 682 697 704 707 722 762 769 789 810 817 829 838 857 863 885 893 897 906 941 977 978 993 994 1006 1007 1023 1026 
744 1 746 
745 2 746 750 
697 100 600 643 663 665 682 691 696 704 705 730 742 748 789 794 817 859 875 895 936 941 960 981 982 993 994 1007 1014 1023 1026 
749 66 559 600 697 730 750 789 798 805 817 878 
321 27 696 704 750 769 817 895 918 934 938 945 955 958 966 971 972 1023 1026 
751 1 756 
754 2 756 
752 1 756 
753 1 756 
755 1 756 
760 1 600 
758 2 760 
759 77 600 626 643 659 704 730 760 762 763 769 789 829 857 893 895 897 906 963 972 979 981 995 999 1014 
761 8 565 989 
763 68 579 637 665 733 765 817 820 849 857 893 
764 34 549 600 762 765 946 947 
766 773 549 579 600 608 633 644 659 673 706 722 737 741 749 762 765 789 817 825 826 856 857 871 878 908 946 960 967 968 974 978 1024 1026 
762 50 600 626 644 659 663 691 697 704 789 838 881 895 896 930 966 979 993 1012 1026 1029 
767 1 600 
768 2 600 
769 146 559 579 600 626 707 710 722 742 749 802 805 813 817 829 868 887 893 904 922 941 948 958 959 960 974 978 993 1006 1018 1026 
770 3 600 893 897 
771 7 600 626 893 
772 3 600 798 817 
773 1 549 
774 1 549 
736 4 549 857 866 
775 2 549 
776 1 549 
788 113 545 643 644 696 697 705 707 733 742 761 762 769 849 859 863 893 895 903 904 930 938 956 959 963 974 978 1012 1023 
780 2 771 
781 8 673 
782 9 659 673 677 749 798 802 817 
784 224 647 663 665 697 704 705 707 710 762 765 789 810 856 857 904 908 937 946 947 948 963 974 982 985 989 993 999 1006 1007 1014 
789 317 608 637 663 673 697 704 705 710 717 722 730 749 762 769 784 794 795 798 817 844 857 875 887 893 904 930 937 946 947 959 963 971 972 978 985 989 994 999 1006 1007 1014 1026 
792 2 733 793 
791 41 647 769 793 794 802 817 959 981 1022 
794 18 723 789 795 895 966 982 1014 
795 60 579 643 704 723 789 794 853 882 887 895 960 963 966 993 999 1014 1023 
798 16 978 
796 6 644 742 797 798 
797 5 644 798 817 868 
802 4 769 829 
799 1 802 
800 2 802 829 
801 6 659 665 749 802 838 
803 6 659 806 
804 6 749 
805 90 579 644 704 710 749 789 813 825 857 871 941 946 948 960 993 994 
807 1 806 
810 34 647 704 705 791 805 817 959 977 989 1007 1029 
811 3 817 
812 3 817 822 
813 272 559 579 608 691 704 722 733 762 763 805 817 822 825 859 864 871 878 887 908 937 941 946 947 958 959 968 974 993 994 1018 
814 3 817 893 979 
815 2 817 829 
816 29 644 742 763 784 797 817 829 871 993 
822 11 813 
819 1 822 
820 16 559 822 
821 1 822 
334 41 545 643 697 704 741 789 822 829 838 839 849 863 864 885 893 918 932 941 945 955 985 989 1014 1023 
818 2 822 932 
823 15 626 677 686 697 789 955 979 1026 
824 2 677 
826 249 575 633 665 761 765 871 887 908 937 946 948 960 968 993 
825 165 737 826 827 1026 
830 3 829 993 
832 3 829 878 
831 12 829 
835 1 829 
836 26 665 763 765 993 
837 4 839 
838 36 643 730 810 839 844 857 864 866 878 881 882 885 904 932 
841 61 765 837 
840 7 837 
844 45 545 579 637 663 682 730 794 795 805 857 935 936 945 959 966 989 1007 1014 1026 
842 30 844 853 935 936 937 945 948 
843 1 844 
845 1 838 
847 1 838 
848 8 643 838 881 882 893 
851 2 857 
854 99 762 857 863 875 904 968 972 978 981 
855 2 857 1014 
856 91 825 857 897 
852 39 545 579 762 857 913 989 991 993 
853 16 663 674 697 789 857 868 904 985 
859 13 959 
860 8 643 730 906 934 955 
861 16 579 707 762 941 1026 
862 3 637 849 897 
863 5 637 849 897 906 
865 97 626 663 665 682 705 730 762 769 784 810 849 857 866 882 893 895 897 929 930 936 942 945 1026 1030 
867 1 868 
869 11 674 882 941 1006 
870 38 559 579 674 730 733 761 857 861 887 896 993 
871 59 697 710 717 784 805 826 857 875 941 943 960 971 982 999 
873 5 643 730 849 875 
874 1 875 
876 1 878 
877 2 878 
879 122 608 737 810 825 881 
880 1 881 
882 7 897 963 985 
883 3 730 
885 7 794 937 977 995 
886 3 643 
887 1 863 
888 1 863 
889 1 863 
890 1 863 
891 1 863 
892 1 893 
469 10 608 893 
895 6 741 794 
896 26 696 741 897 
898 10 762 849 897 1026 
902 2 849 
904 119 559 575 587 761 763 797 810 857 928 959 971 982 993 999 1014 
903 1 904 
905 2 906 
907 9 704 733 959 
908 9 958 
909 12 938 
911 27 626 697 704 769 789 794 795 918 932 934 942 958 1030 
912 9 682 929 955 994 
914 7 989 
915 7 762 918 
916 4 559 
918 17 665 763 904 985 1000 
920 10 545 941 1026 
921 6 545 761 978 
787 12 565 1018 
927 1 929 
928 21 579 762 929 
932 1 665 
926 6 769 932 1030 
931 2 665 932 
935 22 853 936 
938 2 966 972 
937 46 682 795 938 955 958 977 979 981 983 1020 
940 1 682 
941 80 579 647 682 691 697 861 907 922 928 971 978 
943 30 826 918 922 945 955 960 1023 1029 
944 5 945 
946 110 579 663 697 704 707 722 744 762 765 857 859 887 937 947 985 993 1018 1020 
947 27 697 737 764 
948 29 633 
950 9 918 
951 1 918 
954 34 626 742 857 904 955 985 989 
956 42 663 686 696 697 722 742 764 765 784 823 857 958 978 993 1023 1026 
957 3 958 1023 
959 12 545 978 985 1026 
960 22 626 663 696 697 805 1000 
961 16 966 
965 1 966 
962 3 966 
963 3 966 
964 4 966 
933 18 704 789 795 966 999 1014 
967 16 697 742 789 972 
968 5 972 
969 2 972 
970 11 626 784 857 972 1022 
971 72 663 710 762 789 794 805 810 857 871 904 930 937 941 956 959 972 979 982 1006 1014 
973 2 977 
974 36 762 977 978 
975 11 977 993 
976 1 977 
980 1 979 
978 65 545 644 761 805 908 956 959 979 989 993 1012 1022 1026 1029 
981 16 626 696 697 704 789 857 
982 47 663 705 794 857 887 930 937 1012 
984 7 644 704 789 995 
985 6 704 789 857 
986 77 626 704 722 789 791 805 922 946 948 960 978 985 993 
988 292 633 722 737 762 856 859 922 959 974 982 989 1018 
987 2 989 
990 1 991 
992 1 794 
993 238 579 587 626 663 697 722 761 762 765 789 805 813 826 836 857 871 873 887 908 935 937 946 947 948 956 959 975 978 995 999 1000 1014 1022 1026 
994 45 663 696 697 707 710 742 762 789 805 995 1007 1023 1026 
996 297 587 608 633 644 647 722 762 764 765 810 813 820 859 907 946 947 959 968 971 1018 
998 30 579 663 686 696 697 789 913 956 971 1014 
1005 5 789 813 
999 4 789 959 1014 
1000 60 765 789 896 960 968 1014 1018 
1006 138 579 686 696 762 789 803 805 813 836 857 861 871 904 935 937 941 948 956 960 963 975 982 994 1007 1014 1023 1026 1029 1030 
1001 1 789 
1002 1 789 
1003 18 663 789 857 946 
1004 12 789 
1008 8 1026 
1013 23 626 644 762 769 857 930 937 985 1014 
1016 1 565 
1017 1 565 
1018 5 565 
1019 1 565 
1009 44 707 948 994 1023 1026 
1021 1 1026 
1022 14 545 663 978 1026 
1023 9 722 742 1026 
1024 41 626 697 825 1026 
1025 1 1026 
1027 6 697 1023 
1028 7 626 697 1030 
1029 135 579 626 686 691 697 705 707 742 761 762 769 771 784 803 805 810 813 853 871 913 941 956 960 963 971 978 982 999 1000 1006 1030 
1031 19 1012 
1032 39 647 663 857 978 993 
1033 6 626 956 
1034 33 579 857 907 974 
1035 12 742 947 
1039 6 989 
1037 86 686 722 761 859 908 946 947 960 1026 
1038 6 545 707 710 
1041 49 896 913 1026 
1042 41 769 856 
1043 21 762 763 769 
1044 9 769 941 
1045 1 769 
1046 24 647 663 710 769 810 971 978 
1047 1 769 
1048 2 769 
1049 3 769 
1050 44 575 697 956 960 975 1022 
1051 46 644 762 938 968 
1055 196 579 691 697 737 761 762 771 826 871 896 908 913 928 948 959 960 978 993 
1058 1 784 
1059 2 784 
1060 1 784 
1061 2 937 
1062 156 644 647 663 705 707 710 722 763 764 765 803 836 853 922 935 941 943 946 947 959 975 982 993 994 999 
1063 29 971 
1064 16 857 
872 29 686 974 993 
1074 95 686 994 
1075 74 579 665 686 763 825 853 907 971 1018 
1084 5 626 
1078 5 626 
1080 5 959 
1085 4 626 
1086 8 579 626 665 
1089 8 626 873 1000 
1087 2 626 
1088 1 626 
1095 10 959 
1097 88 737 762 805 856 941 993 
1098 305 722 764 859 946 947 959 967 993 1018 1026 
1103 9 993 
1099 8 559 
1111 60 722 803 922 959 993 999 
1114 39 663 665 705 710 853 922 941 971 978 985 989 
1124 20 696 859 993 
1125 37 608 663 696 737 805 810 930 960 993 
1126 2 696 
1127 62 559 579 665 691 941 
1129 62 545 691 761 762 813 887 913 941 959 960 978 993 1022 1029 
1132 57 665 971 993 
1133 399 545 608 633 663 737 761 762 805 825 896 913 922 989 1012 1022 1026 1029 
1134 3 989 
1135 115 545 579 644 647 710 722 765 805 813 836 887 908 922 937 943 960 971 975 978 989 993 999 1014 
1137 135 579 644 763 813 887 959 963 978 994 
1138 3 805 994 
1139 2 994 
1141 2 545 
1142 48 579 705 762 871 960 978 993 
1143 14 579 968 
1144 7 941 1006 
1146 1 663 
1147 3 663 
1151 472 587 608 722 737 761 762 763 764 765 836 859 871 904 908 937 947 967 968 974 975 993 1000 1026 
1156 4 762 1022 
1157 2 930 
922 149 579 587 647 691 710 761 762 763 803 826 861 871 887 904 908 913 928 930 937 941 943 946 974 978 982 993 1000 1014 1022 1029 
1159 2 930 
1161 1 930 
1160 24 810 853 930 941 971 978 1022 
1164 39 665 761 857 908 993 
1165 13 857 871 993 1014 
1166 599 608 633 665 737 741 761 762 763 764 765 825 840 856 857 873 887 896 946 959 978 993 
1167 158 710 717 762 805 810 826 857 871 873 904 908 922 963 971 978 982 985 993 1022 
1168 5 1014 
1169 29 856 
1090 2 943 
1182 7 922 941 1006 
1185 43 665 762 771 797 937 963 
1190 4 974 
1193 31 762 859 871 887 928 959 
1196 9 737 
1195 5 805 1006 
1197 3 1006 
1198 4 1006 
1199 2 922 941 
1200 107 633 765 856 941 993 
1201 35 545 644 941 978 982 
1202 66 559 587 722 871 887 904 907 941 1000 
1203 22 887 941 963 
1204 61 710 803 853 922 941 943 
1205 1 941 
1206 1 941 
1207 26 941 
1208 1 941 
1209 1 941 
1210 218 633 644 722 737 762 763 764 765 803 840 935 937 941 947 993 999 1000 
1211 79 579 665 710 761 762 908 941 993 1018 
1212 4 941 
1213 1 941 
1214 2 922 941 
1215 65 762 896 941 947 1026 
1216 1 941 
1221 77 545 587 633 765 791 803 887 907 908 978 
1223 1 922 
1224 1 922 
1225 1 922 
1226 1 922 
1227 1 922 
1228 11 922 978 
1229 1 922 
1230 33 710 763 922 993 
1231 1 922 
1232 1 922 
1233 14 761 826 907 922 937 1024 
1234 16 545 922 943 978 
1235 20 717 762 922 963 
1239 1 922 
1236 103 763 871 922 928 948 960 971 993 1000 
1237 6 922 
1238 1 922 
1241 35 871 974 978 982 
1242 11 985 
1244 2 805 
1245 10 545 644 805 982 
1246 8 545 644 805 943 
1247 77 633 762 765 805 960 971 993 
1248 21 545 928 
1253 51 717 761 861 978 993 1022 
1259 45 791 853 943 
1261 8 763 
1262 2 982 
1267 61 579 665 722 763 935 968 993 1018 
1271 2 943 
1278 69 644 710 717 810 853 907 960 963 971 978 985 993 
1279 124 575 579 644 710 717 762 771 813 826 871 887 907 948 959 960 971 978 1000 1022 
1281 10 946 993 
1286 65 737 765 853 935 
1284 20 935 937 
1285 31 579 853 993 
1290 16 545 762 871 963 978 985 
1291 34 871 985 993 
1292 7 985 
1293 33 810 826 871 907 960 963 971 985 
1294 1 545 
1295 1 545 
1296 9 545 813 
1297 76 545 647 710 762 859 959 974 978 1029 
1298 1 978 
1299 5 791 
1305 290 608 633 647 691 762 765 803 810 813 825 826 853 856 861 948 999 1022 
1306 20 813 907 
1308 4 644 
1309 1 644 
1313 1 644 
1310 2 644 
1311 2 644 
1312 1 644 
1315 6 904 
1316 7 904 993 
1318 2 959 
1319 181 579 691 717 762 764 813 907 908 946 948 959 971 974 978 993 1014 
1320 6 647 
1322 12 710 946 960 993 
1324 1 1029 
1328 2 665 
1331 6 959 
1333 2 999 
1335 62 579 761 762 935 971 1000 
1336 8 665 
1339 5 993 
1340 3 665 
1350 117 559 579 763 826 908 947 993 1000 1022 
1352 121 559 717 761 763 887 904 908 928 937 963 971 993 1000 1014 
1360 22 762 763 856 
1356 20 960 
1362 4 771 
1357 91 579 762 813 871 887 907 960 963 971 1022 
1358 18 959 
1367 40 810 856 959 974 
1368 33 771 959 
1373 4 762 
1374 462 559 579 608 633 665 737 762 765 826 840 856 896 904 959 967 974 1022 
1377 33 826 871 960 1022 
1378 14 762 935 
1380 63 717 762 871 928 963 971 974 975 993 
1381 52 813 913 948 993 1014 
1384 37 762 
1385 35 579 
1386 61 559 579 761 763 771 813 836 887 928 935 937 948 960 975 
1394 9 887 960 
1390 32 762 
1395 199 579 587 722 762 763 836 840 861 904 935 946 947 959 975 978 993 1018 
1407 3 993 
1420 12 761 
1423 8 826 960 
1424 52 826 871 887 907 
1428 183 559 579 665 765 836 873 887 904 908 935 937 975 993 1000 
1429 3 963 
1436 1 963 
1184 79 765 963 1018 
1440 1 978 
1439 9 928 978 
1441 41 761 871 904 937 946 978 993 
1442 20 813 993 1000 
1443 3 971 
1457 5 813 
1462 48 771 960 1012 
1463 26 762 765 
1468 20 762 
1466 24 960 
1467 11 971 
1469 7 971 
1470 156 737 762 871 887 904 946 959 971 974 
1471 72 579 762 861 871 904 907 948 960 971 1026 
1472 1 907 
1473 91 579 665 763 856 907 908 913 960 993 1026 
1474 2 907 
1480 44 763 896 993 1000 
1482 26 908 
1483 52 579 771 813 826 871 887 960 
1487 117 559 575 579 763 887 904 913 928 935 
1489 64 579 797 993 
1492 157 575 579 691 763 764 826 861 871 887 935 937 948 993 1000 1022 
1496 210 579 633 722 762 763 764 765 825 887 908 913 946 993 1000 
1497 28 771 959 
1498 6 762 
1500 48 608 633 737 859 960 
1501 38 762 871 904 946 993 1000 
1506 41 559 771 974 993 
1505 4 935 
1510 16 771 871 960 
1520 3 1018 
1521 99 579 871 904 937 993 1000 
1522 139 608 741 762 763 871 947 993 
1527 1 960 
1525 35 579 665 763 904 960 1000 
1526 4 904 960 
1538 81 559 691 904 928 937 1000 
1537 68 737 762 856 
1539 5 771 
1540 1 771 
1541 1 771 
1543 1 771 
1545 1 771 
1546 1 771 
1542 244 722 737 762 771 859 873 959 967 993 
1552 81 761 935 968 993 1012 1014 
1547 28 722 887 913 968 993 
1549 587 525 579 633 722 737 761 762 763 764 765 825 840 856 859 887 896 904 908 935 937 946 947 959 974 975 993 1000 1018 
1550 42 608 
1555 79 579 813 887 904 913 937 948 993 
1565 8 813 993 
1566 46 741 761 813 937 993 
1010 6 948 
1582 13 993 
1583 87 762 764 993 
1585 102 762 908 913 935 959 
1588 1 948 
1589 13 861 913 948 
1592 30 993 
1594 114 559 575 579 762 763 825 887 904 913 935 937 975 993 
1596 29 633 
1603 16 1018 
1571 24 975 
1601 4 861 
1605 10 559 691 
1606 3 861 
1607 2 861 
1608 355 559 575 587 633 665 737 761 762 763 765 836 859 887 904 908 913 937 947 959 968 975 993 1000 
1613 15 763 
1614 73 579 665 762 763 836 993 1000 
1615 162 559 575 579 665 761 763 887 908 913 928 935 937 946 993 1000 
1616 1 928 
1621 80 836 946 947 993 
1623 39 737 761 887 993 1014 
1631 6 904 
1634 1 797 
1635 1 797 
1639 36 935 
1644 48 737 762 
1650 1 887 
1661 66 974 1026 
1662 6 856 
1564 27 764 
1664 3 579 
1667 55 737 
1670 18 913 
1671 1 913 
1674 8 633 
1691 50 967 
1693 6 935 993 
1701 112 608 737 1026 
1697 70 608 633 762 873 993 
1700 93 762 778 908 937 978 993 1012 
1705 47 765 946 
1707 34 993 
1714 5 993 
1716 6 904 
1717 96 665 722 762 935 993 
1720 14 935 
1722 14 737 935 
1688 25 825 935 
1732 18 559 904 
1730 45 559 762 993 1026 
1734 55 764 908 
1742 6 935 
1748 76 1026 
1749 68 856 859 904 
1754 23 762 
1756 89 587 722 744 763 859 908 937 946 959 968 1000 1018 
1757 16 993 
1760 1 559 
1761 2 559 
1762 47 559 1000 
1766 27 722 947 1018 
1767 97 608 762 937 993 
1769 67 765 993 
1772 141 763 764 836 937 959 993 1012 
1781 6 1000 
1782 2 1000 
1751 35 608 665 
1783 57 761 764 947 974 
1792 31 761 993 
1800 20 993 
1811 43 722 762 859 
1803 19 762 859 974 993 
1808 129 722 762 765 946 993 
1813 41 825 
1814 105 737 762 856 993 
1820 90 762 946 993 
1823 49 737 763 765 935 
1835 73 762 959 974 1012 
1836 16 722 859 908 959 
1837 28 836 993 
1838 57 761 764 825 836 908 937 993 
1847 47 761 959 993 
1848 16 762 836 
1868 22 764 836 975 
1874 9 1026 
1872 5 935 
1881 1 935 
1882 1 935 
1883 1 935 
1885 44 762 765 856 
1887 2 763 
1888 36 764 873 978 993 
1891 36 762 993 
1896 51 836 947 
1897 1 763 
1908 9 993 
1918 20 764 
1919 112 587 665 764 765 836 859 908 937 946 947 959 975 
1922 204 587 608 633 741 762 827 856 946 
1925 22 762 974 975 
1927 2 665 
1937 13 1026 
1962 31 993 
1966 18 937 
1964 13 765 
1965 9 937 993 
1967 31 665 873 974 
1968 2 665 
1972 181 608 825 974 
1976 6 974 
1977 34 859 993 1018 
1979 2 762 
1980 47 947 993 
1985 56 762 946 959 993 
1986 17 761 908 993 
1991 66 633 765 993 
1992 16 764 937 
1993 3 946 
1997 88 587 665 761 764 836 873 937 947 968 975 1018 
1794 26 1018 
2001 39 764 
2008 1 665 
2009 63 665 762 946 1026 
2040 1 665 
2010 27 665 
2011 3 665 
2012 3 665 
2013 1 665 
2042 2 665 
2014 10 665 
2015 1 665 
2016 13 665 
2017 1 665 
2018 2 665 
2019 1 665 
2020 1 665 
2021 1 665 
2044 2 665 
2023 1 665 
2024 1 665 
2025 1 665 
2026 1 665 
2027 1 665 
2045 1 665 
2029 2 665 
2030 1 665 
2031 1 665 
2032 1 665 
2033 22 665 1026 
2034 1 665 
2035 1 665 
2036 2 665 
2037 8 665 
698 11 665 
2038 5 665 
2049 3 974 
2052 14 946 968 993 
2061 4 765 
2062 121 587 722 761 764 836 873 937 946 947 959 975 993 
2063 21 937 
2065 50 633 959 993 
2072 121 722 859 873 946 947 959 993 1012 1018 
2085 28 968 1018 
2093 55 993 
2097 7 993 1012 1018 
2102 45 762 778 825 993 1012 
2105 11 761 873 
2109 47 762 
2110 3 762 
2116 20 587 
2119 5 765 856 
2117 23 968 993 
2118 113 737 764 765 968 993 1018 
2120 122 737 764 765 975 993 1012 1024 
2126 1 993 
2127 3 993 
2128 3 764 993 
2129 44 978 993 
2130 8 993 
2131 1 993 
2132 1 993 
2133 129 722 765 859 946 947 959 968 993 1018 
2134 14 993 
2135 146 737 741 762 825 993 
2144 23 737 
2145 145 737 947 974 
2149 2 975 
2156 41 761 762 946 1012 
2159 18 764 
2160 26 761 762 
2161 3 761 
2163 2 761 873 
2164 1 761 
2169 32 946 
2172 29 873 968 
2176 17 762 856 873 
2177 3 873 
2186 61 741 1026 
2197 4 859 
2203 1 975 
2204 1 975 
2209 31 974 
2217 11 825 
2225 34 764 856 
2226 28 1018 
2234 14 825 
2230 49 744 
2231 66 744 968 1012 1018 
2229 143 633 762 856 968 974 
2233 36 859 959 968 
2236 75 633 762 764 856 946 
2237 241 608 737 762 974 
2240 108 737 856 947 974 1018 1026 
2249 38 946 
2251 25 587 856 
2252 22 825 
2254 6 946 
2255 31 722 859 946 947 959 
2256 247 741 765 778 827 946 968 1012 
2257 49 737 765 1018 
2258 95 762 1026 
2264 58 1024 
2266 1 587 
2274 48 722 744 856 859 947 1012 1018 
2276 32 840 896 1026 
2290 120 825 827 974 
2297 164 608 737 825 
2298 48 1012 
2299 67 856 
2323 111 608 737 827 959 
2326 252 608 762 825 827 974 
2328 215 722 744 765 825 859 947 959 968 974 978 1012 1018 
2332 36 633 968 1012 1018 
2272 31 959 
2357 12 947 
2364 14 762 
2365 77 762 856 
2369 189 737 840 896 1026 
2371 124 722 762 856 959 1012 
2375 49 741 762 765 1018 
2381 71 762 
2379 45 762 
2387 66 737 762 
2398 62 968 974 1012 
2407 4 722 
2410 34 737 
2411 141 825 974 
2416 37 762 1012 1018 
2428 1 859 
2429 2 859 
2427 11 859 
2440 50 737 896 
2452 42 1026 
2472 75 633 765 856 
2473 103 633 765 856 
2485 324 737 762 765 825 856 896 974 
2488 21 825 
2502 30 1018 
2504 100 737 762 825 
2507 69 633 765 
2510 68 765 
2511 8 1018 1026 
2523 5 968 
2541 37 762 974 
2542 93 765 
2546 34 968 
2547 105 762 
2549 70 762 
2550 26 765 
2555 12 765 
2566 32 762 
2557 77 765 
2559 82 633 762 765 974 
2560 180 825 827 856 1024 1026 
2564 50 608 737 974 
2565 893 633 737 762 765 825 827 840 856 938 967 974 1024 1026 
2576 146 765 974 
2578 12 765 
2585 60 762 
2593 32 765 
2594 45 737 856 974 
2595 49 608 
2596 13 765 
2474 142 633 737 762 765 
2599 9 762 
2608 14 765 
2612 29 737 765 
2613 25 737 762 
2617 22 765 
2618 53 762 856 974 
2623 108 737 741 
2619 46 825 
2646 39 765 
2651 269 608 737 762 825 856 974 
2653 113 608 737 778 825 
2655 49 762 896 
2657 44 974 
2658 307 762 967 1024 
2674 103 633 825 856 
2677 40 840 
2680 6 896 
2699 74 608 633 
2700 168 608 778 825 974 
2686 156 633 762 825 856 896 
2703 61 633 856 
2688 618 608 633 737 762 825 856 896 974 978 1024 1026 
2704 75 633 856 
2660 164 633 737 762 825 856 
2689 38 737 
2667 126 633 737 
2690 26 633 856 
2693 149 737 856 896 1024 1026 
2706 18 856 
2696 64 633 737 762 856 
2697 45 974 
2711 13 762 
2719 21 765 
2727 33 737 
2737 16 856 
2740 28 765 
2744 39 896 1026 
2747 79 974 
2746 25 825 
2762 3 762 
2765 29 762 765 
2778 22 762 
2790 173 633 741 762 827 856 974 
2792 18 765 
2802 9 765 
2804 16 974 
2822 43 737 762 765 856 
2654 104 762 825 827 
2826 1 765 
2758 2 765 
2827 1 765 
2832 50 762 
2851 44 737 967 
2859 139 608 741 762 778 825 
2871 282 608 633 737 762 825 827 856 
2872 87 608 762 778 
2883 28 856 
2889 14 737 
2900 29 974 
2906 6 554 
2909 57 737 
2932 62 762 
2940 123 762 825 938 1026 
2941 11 974 
2948 26 762 
2958 47 1026 
2964 70 633 825 856 
2967 238 762 825 974 
2968 55 762 
2972 357 608 737 778 825 896 
2974 15 762 
2978 6 856 
2988 55 737 
2998 3 974 
2999 7 825 
3007 15 896 
3009 51 762 974 
3005 28 974 
3006 31 762 856 
3010 123 608 825 974 
2707 103 825 856 
3020 52 633 856 
3024 52 633 
3026 175 608 737 825 856 974 
3027 39 737 
3028 189 525 608 737 762 825 978 1024 
3031 50 974 
3032 216 737 762 856 967 978 
3033 45 762 
3034 38 762 978 
2713 200 825 827 978 
3040 7 762 
3055 52 608 
3057 48 608 840 
2356 57 825 974 
3062 42 633 762 856 
3088 37 737 1026 
3092 81 633 737 1024 
3098 37 633 762 
3095 37 633 856 
2842 124 825 978 
3109 9 737 
2003 63 762 938 
3125 16 856 
3144 88 778 
3147 6 974 
3159 9 856 
3169 1 762 
3168 79 762 825 
3175 41 827 
3192 56 608 825 827 
3191 68 737 
3196 22 856 
3199 13 825 
3200 8 1024 
3209 41 856 
3227 19 737 1026 
3239 3 856 
3246 2 633 
3247 2 633 
3248 1 633 
3249 3 633 
3252 37 608 825 
3258 95 608 827 974 
3274 69 762 
3290 36 737 
3317 15 825 
3325 6 762 
3326 18 825 
3345 35 737 
3348 25 1026 
3350 55 737 
3352 273 608 762 825 827 974 
3366 63 1024 
3375 43 737 
3378 41 737 762 896 
3379 19 974 
3388 15 737 762 
3392 33 827 
3394 156 737 762 778 825 827 974 
3402 122 608 762 
3404 89 737 896 
3417 30 762 
3443 20 762 
3439 88 825 974 
3447 271 737 
3449 314 608 737 762 896 
3451 98 978 
3452 131 737 762 896 1024 
3453 319 608 737 1024 1026 
3454 148 608 737 762 825 
3455 68 1024 
3456 241 608 737 
3457 166 608 896 1024 
3458 69 737 896 1024 
3459 92 896 
3469 23 737 825 
3470 21 825 974 
3480 18 978 
3482 24 825 974 
3477 53 827 
3488 16 608 
3498 114 608 737 896 
3519 48 737 
3521 29 825 
3527 64 608 778 827 840 
3386 12 974 
3541 81 762 825 
3562 40 825 974 
3568 147 608 737 825 827 
3587 15 1026 
3586 156 1026 
3593 26 554 
3594 2 554 
3601 52 737 974 1026 
3605 1 974 
3606 1 974 
3607 24 762 974 
3614 205 608 737 896 1024 
3615 144 762 778 825 827 
3624 64 825 
3631 91 737 762 978 
3633 48 608 
3634 82 737 
3635 63 608 827 
3639 12 762 
3641 212 737 762 825 1026 
3642 362 778 840 896 
3643 44 608 737 
3645 40 737 825 827 978 
3646 9 825 
3655 9 825 
3658 39 737 
3659 38 825 978 
3660 87 762 
3661 36 825 978 
3666 144 737 762 
3682 75 778 825 827 
3723 7 762 
3724 93 608 825 978 
3728 85 737 762 1024 
3743 10 737 
3749 4 737 
3720 11 825 
3779 2 1024 
3782 3 762 
3785 18 737 
3786 99 608 737 825 
3787 232 737 762 
3792 27 762 
3796 113 737 762 
3794 46 737 
3798 23 825 
3806 45 608 
3812 53 825 
3813 94 737 896 
3814 47 825 
3830 20 737 
3842 15 608 778 
3843 18 762 
3854 82 737 
3648 9 608 778 827 
3877 13 737 
3902 43 737 
3910 33 1026 
3943 1 608 
3944 1 608 
3949 30 827 
3956 85 737 
3960 23 608 
3965 89 737 825 
3969 90 737 
3976 145 737 762 978 
3982 20 737 
4001 28 737 
4013 21 896 
4023 3 840 
4036 147 825 
4037 15 825 
4040 104 737 967 
4039 9 825 
4041 68 737 
4042 21 825 
2981 44 608 737 
4046 89 840 1026 
4056 23 1024 
4063 27 737 
4077 77 608 737 762 
4065 131 762 825 896 
4070 111 896 
4072 29 762 
4073 115 825 896 
4095 2 825 
4096 1 825 
4097 1 825 
4098 8 825 
4100 1 825 
4099 155 737 825 1026 
4121 2 978 
4076 86 762 852 
4124 50 737 762 978 
4127 41 762 
4138 64 608 737 
4140 12 1024 
4144 76 762 896 1026 
4151 84 762 
4152 43 737 762 
4189 11 737 
4191 20 737 
4197 7 762 
3995 57 896 
4211 65 978 
4212 53 737 
4219 112 762 1024 
4222 41 762 
4009 2 1024 
4276 52 737 896 
4292 4 737 
4297 38 737 
4298 9 737 
4308 7 608 
4313 5 978 
4315 29 762 1024 
4319 4 737 
4329 12 762 
4338 40 608 1026 
4335 32 737 
4342 10 1024 
4343 7 762 
4347 55 967 
4353 80 737 
4364 39 762 
4363 22 608 
4371 6 762 
4415 17 762 
4416 11 1026 
4422 15 840 
4433 24 762 
4437 70 840 
4441 202 967 
4448 36 762 
4455 22 840 
4476 16 525 
4493 1 762 
4486 20 762 
4494 1 762 
4495 1 762 
4488 50 737 762 
4489 15 762 
4490 1 762 
4496 3 762 
4491 1 762 
4497 1 762 
4527 14 525 
4530 9 896 
4534 19 737 
4536 81 1026 
4550 100 608 737 
4564 33 737 
4598 71 1026 
4632 228 967 
4665 9 737 
4666 24 840 
4669 13 938 
4714 3 737 
4717 62 737 896 967 
4712 121 737 967 1026 
4781 27 737 896 
4796 4 737 
4792 62 737 
4813 46 608 737 967 
4818 28 737 
4824 101 608 737 
4829 78 737 
4846 34 737 
4862 4 1026 
4879 28 1026 
4899 169 608 
4943 31 737 1024 
4948 214 608 737 967 
4963 13 1024 
4964 60 737 
4967 361 608 737 840 896 
4938 12 737 
4974 44 737 
4975 2 1024 
4976 23 1024 
2346 4 1024 
4982 43 608 
4988 23 608 737 
5002 115 737 840 
5008 27 608 737 
5013 7 525 
5020 139 896 1026 
5029 26 608 737 
5038 5 840 
5059 26 840 
5069 5 737 
5079 271 737 
5099 14 737 1026 
5102 54 737 
5114 4 967 
4828 168 608 737 840 896 
5119 18 737 
5123 69 896 
5125 54 840 
5171 41 737 
5173 122 840 938 1026 
5175 35 737 
4795 73 737 
5176 139 525 608 737 896 
5177 101 1026 
4310 278 737 938 
5179 217 737 
5180 49 896 
5182 14 896 
5184 68 608 737 
5185 152 967 
5188 211 737 
5189 312 608 737 896 
5190 80 608 737 
5203 15 737 
5233 24 737 
5246 44 1026 
5250 14 737 
5254 33 840 896 
5263 75 896 
5285 21 608 737 
5312 9 737 
5317 18 608 
5321 32 896 
5324 16 608 
5352 3 737 
5360 15 608 
5382 19 737 
5405 4 608 
5399 8 896 
5427 37 896 
5445 63 967 1026 
5446 26 967 
5475 2 608 
5476 1 608 
5478 9 737 
5482 12 737 840 
5484 22 737 
5487 30 1026 
5462 19 737 
5515 7 737 
5521 3 737 
5524 389 840 896 967 1026 
5526 6 737 
5531 243 737 840 896 1026 
5532 26 737 
5534 14 737 
5543 137 737 
5584 12 737 
5589 11 896 
5606 28 737 
5612 66 737 
5617 22 1026 
5620 7 737 
5624 28 896 
5644 21 896 
5655 139 938 
5697 230 1026 
5702 10 967 
5714 44 896 
5721 10 840 
5738 14 840 
5773 75 840 
5787 32 896 
5796 191 896 1026 
5800 222 840 938 1026 
5802 385 840 938 967 1026 
5806 83 1026 
5807 27 840 
5811 79 840 
5816 84 1026 
5817 75 1026 
5819 61 896 
5857 92 896 938 1026 
5862 24 896 
5915 52 967 
5871 50 896 
5932 33 896 
5934 42 896 
5938 2 896 
5942 4 896 
5940 13 1026 
5945 9 896 
5984 10 896 
5997 2 896 
5998 81 896 1026 
5967 1 896 
5999 20 896 
6000 10 896 
6156 22 967 
6218 53 840 1026 
6221 31 938 
6229 19 840 
6241 75 1026 
6274 9 1026 
6280 52 938 
6299 78 840 1026 
6305 190 840 
6360 35 840 
6327 108 840 
6383 3 967 
6443 70 1026 
850 4 1026 
6461 6 967 
6486 85 840 
6525 17 840 
6460 58 967 
6560 43 840 
6561 3 967 
6552 29 1026 
6595 12 1026 
6596 177 967 
6618 91 840 
6624 135 967 
6648 3 1026 
6609 7 840 
6710 2 737 
6711 7 967 
3293 10 840 
6713 4 967 
6714 100 1026 
6784 42 840 
6790 11 840 
6620 93 840 
6886 7 840 
6913 44 840 
6914 95 938 
6907 191 840 938 967 
6916 54 1026 
6941 57 840 1026 
5529 39 840 
6951 47 967 
6976 41 1026 
6984 7 840 
6991 18 840 
6993 81 967 
7052 142 840 967 
7045 36 967 
7054 40 1026 
7055 98 967 
7063 16 840 
7038 7 840 
6946 68 938 1026 
7086 123 938 
7090 11 1026 
7092 93 1026 
7131 24 967 
7165 3 1026 
7225 47 1026 
7227 12 1026 
7229 7 1026 
5143 16 1026 
7231 101 938 967 1026 
7236 23 1026 
7237 15 938 
7241 21 938 
7280 89 1026 
7294 39 1026 
7344 3 967 
7379 7 1026 
7522 1 737 
7523 1 737 
7524 1 737 
7525 1 737 
7415 6 1026 
7565 3 1026 
7576 1 1026 
7577 1 1026 
7578 28 967 1026 
7579 9 1026 
7580 19 1026 
7581 1 1026 
7659 6 967 
7744 50 967 
7769 19 967 
7866 1 967 
