6 302 2409 
11 743 2066 2071 2073 2076 2079 2085 2091 2095 2097 2101 2109 2114 2117 2119 2128 2134 2137 2144 2145 2151 2157 2168 2178 2181 2182 2193 2202 2205 2206 2210 2237 2240 2241 2246 2252 2253 2257 2273 2289 2294 2328 2329 2332 2333 2339 2341 2345 2350 2362 2364 2381 2384 2385 2397 2400 2409 2410 2411 2426 2435 2456 2470 2475 2479 2484 2485 2490 2499 2504 2506 2508 2517 2535 2544 2565 2570 2575 2579 2580 
12 65 2252 
14 114 2066 2117 2134 2193 2339 2384 2470 2475 2479 2565 
15 50 2066 2144 2229 2398 
18 12 2570 
20 187 2134 2165 2281 2285 2324 2339 2348 2411 2484 2517 2565 
21 76 2085 2117 2181 2202 2410 
24 309 2066 2117 2119 2137 2144 2193 2209 2225 2237 2264 2276 2323 2328 2329 2341 2345 2354 2371 2375 2385 2398 2504 2508 2516 2542 2560 2579 
28 133 2470 2479 
33 24 2119 2165 
36 227 2066 2071 2109 2117 2120 2135 2145 2237 2241 2297 2328 2329 2381 2456 2470 2485 2506 2570 2579 
38 14 2385 
42 89 2128 2157 2181 2241 2475 2504 
44 44 2066 2157 2345 2508 2516 
47 146 2066 2079 2091 2185 2193 2240 2397 2398 2409 2470 2485 2506 2565 
53 39 2114 2324 2535 
29 150 2252 2273 2565 
56 24 2151 2211 2323 
58 38 2345 
59 94 2066 2174 2345 2371 2375 2397 2400 2470 2547 2550 2560 
60 9 2252 
62 17 2091 2092 2095 2185 2193 2247 2470 
27 102 2369 2398 
66 44 2117 2193 2237 2470 
72 164 2066 2398 2535 2565 
67 17 2508 
86 122 2128 2157 2160 2354 2397 2409 2570 2576 
71 109 2095 2106 2114 2210 2328 2398 2400 2409 2535 
87 195 2066 2256 2264 2354 2398 2456 2535 2565 2576 
89 29 2144 2145 2328 
90 72 2193 2384 2398 
94 80 2128 2237 2499 
99 24 2565 
31 15 2348 
103 68 2398 
106 9 2211 
68 275 2066 2072 2102 2134 2160 2174 2209 2237 2264 2276 2307 2325 2328 2338 2354 2371 2440 2535 2565 2576 2579 
109 190 2106 2160 2273 2397 2440 2511 2535 
110 95 2193 2397 2400 2426 
122 213 2066 2102 2120 2135 2145 2209 2237 2240 2252 2256 2257 2289 2322 2354 2371 2375 2381 2384 2398 2411 2440 2456 2474 2485 2506 2508 2516 2517 2542 2565 
113 89 2157 2264 2323 2339 2410 2479 2508 2576 
126 25 2576 
127 132 2066 2072 2145 2237 2252 2290 2323 2411 2565 2576 
128 80 2069 2137 2276 2290 2322 2340 2366 2386 2470 
136 99 2066 2151 2398 2535 
143 94 2135 2329 2341 2474 
147 58 2095 2341 2371 2485 2516 2570 2579 
151 74 2508 
154 61 2151 2339 
155 28 2398 
161 32 2151 2474 2579 
172 123 2066 2135 2211 2225 2240 2273 2297 2307 2323 2324 2325 2338 2345 2348 2356 2385 2397 2398 2411 2470 2508 2510 2542 2550 2576 
173 334 2066 2071 2073 2079 2085 2091 2095 2097 2106 2109 2119 2128 2137 2145 2151 2157 2165 2168 2181 2193 2202 2210 2211 2237 2241 2246 2253 2273 2276 2328 2329 2333 2339 2341 2345 2348 2350 2381 2385 2397 2400 2504 2516 
74 69 2119 2181 
178 63 2073 2145 2210 2381 2398 
180 54 2114 2246 2325 2517 2542 
182 79 2328 2329 
166 93 2066 2276 2398 2411 2565 
187 37 2290 2323 
203 31 2398 2456 2470 2516 2542 2576 
204 12 2151 2211 
215 100 2195 2234 2240 2241 2242 2332 2378 2400 2409 2499 2504 2570 
224 13 2066 
231 50 2097 2398 
237 41 2102 2470 
238 3 2517 
255 86 2066 
260 6 2576 
259 56 2181 2210 2323 2506 2508 2542 
263 22 2210 
265 31 2151 2369 
270 14 2079 2485 
275 56 2322 2323 2504 2508 2576 
280 76 2071 2246 2398 2535 2570 2579 
285 6 2517 
291 35 2066 2326 2328 2397 2398 2517 
290 71 2135 2210 2225 2356 2411 2474 2508 2579 
302 13 2289 2470 
304 79 2151 2210 2246 2276 2499 
306 244 2066 2079 2097 2114 2144 2145 2206 2209 2240 2257 2276 2324 2328 2485 2510 2544 2565 2576 
308 142 2066 2157 2165 2193 2297 2323 2328 2329 2339 2345 2409 2474 2535 
310 230 2066 2079 2097 2106 2117 2120 2121 2128 2144 2151 2174 2241 2246 2257 2297 2322 2325 2341 2375 2381 2400 2485 2535 
311 321 2071 2079 2102 2106 2109 2120 2128 2145 2151 2206 2210 2225 2241 2257 2297 2322 2323 2341 2381 2385 2425 2456 2485 2504 2535 2542 2560 2565 2570 
312 227 2397 2400 
313 54 2106 2151 2157 2193 2386 2411 2565 
315 77 2102 2120 2135 2341 2456 2470 
319 199 2117 2145 2181 2371 2535 
326 12 2160 
327 8 2205 
335 46 2369 2506 
339 80 2398 
341 47 2163 2205 2242 
348 21 2264 2501 
346 86 2144 2251 2252 2323 2325 2326 2375 2411 2416 
356 18 2210 2323 
351 11 2535 
193 21 2066 2157 
363 3 2237 
364 14 2542 
371 117 2145 2165 2339 2398 2501 
376 37 2253 2325 
383 45 2206 2297 2324 2398 2411 2508 2535 
395 42 2398 
403 20 2144 2264 2416 
405 19 2134 
406 34 2369 2511 
407 145 2066 2073 2097 2106 2120 2128 2137 2151 2168 2211 2264 2323 2354 2398 2400 2433 2517 2535 
325 25 2066 2134 2348 
417 9 2066 
425 79 2160 2231 2433 2560 2565 2576 
432 157 2066 2079 2091 2117 2193 2237 2251 2257 2264 2329 2333 2375 2485 
412 21 2066 2120 2397 
439 8 2157 
449 9 2209 
457 732 2071 2091 2106 2117 2120 2128 2137 2144 2145 2151 2157 2160 2165 2209 2225 2237 2240 2241 2246 2252 2253 2273 2277 2289 2324 2328 2350 2354 2356 2364 2366 2397 2398 2411 2416 2433 2435 2440 2456 2490 2504 2511 2516 2517 2535 2565 2576 2579 2580 
465 17 2508 
501 10 2209 
521 5 2257 
534 4 2210 2535 
545 24 2135 
546 142 2071 2072 2073 2128 2144 2145 2160 2209 2210 2289 2297 2385 2397 2411 2440 2474 2542 2544 
553 22 2117 
556 121 2542 
559 4 2076 
572 5 2398 
580 30 2258 2381 
583 26 2102 2398 2535 
582 34 2144 2456 
587 18 2375 
588 22 2345 2385 
595 2 2193 
601 9 2251 
600 214 2066 2106 2117 2210 2225 2251 2256 2297 2323 2328 2398 2409 2475 2479 2535 2542 2576 
495 6 2470 
625 3 2398 
626 31 2066 
633 55 2397 2474 
634 150 2071 2073 2079 2225 2289 2328 2440 2485 2542 2565 2579 
635 66 2066 2073 2328 2341 2475 2506 
647 32 2281 2322 2345 2348 2350 2385 2397 
637 25 2237 2517 2565 
643 46 2253 
644 27 2264 
650 98 2117 2128 2225 2234 2323 2332 2333 2339 2397 2400 2425 2484 2576 
664 13 2470 
663 158 2066 2102 2135 2174 2223 2242 2324 2364 2381 2485 2535 2560 
667 19 2135 2470 
665 7 2470 
686 83 2397 
689 47 2128 2157 2163 2333 2397 2398 2411 2517 2580 
691 24 2117 
695 118 2066 2145 2151 2210 2240 2252 2328 2499 2506 2535 2576 
704 81 2066 2102 2106 2117 2119 2181 2225 2231 2341 2400 2579 
706 95 2157 2165 2385 2397 2400 2484 
708 51 2066 2120 2193 2322 2576 
710 105 2117 2120 2174 2225 2276 2290 2339 2381 2474 2542 
713 4 2426 
722 264 2066 2097 2101 2102 2117 2120 2145 2157 2234 2237 2251 2252 2256 2294 2326 2333 2340 2375 2398 2410 2411 2416 2470 2501 2565 2570 2571 2575 2576 2579 
727 32 2066 2256 2323 2397 2398 
730 34 2339 
737 232 2381 2433 2440 2565 
738 8 2276 
742 93 2095 2097 2435 
697 100 2116 2225 2369 2397 2398 2517 2535 2576 
749 66 2225 2258 2324 2328 2384 
759 77 2398 2542 
761 8 2151 2398 
763 68 2095 2097 2257 2294 2323 2375 2398 2411 2542 2560 
764 34 2071 2117 2120 2174 2195 2205 2294 2322 2328 2501 2504 2580 
766 773 2066 2071 2076 2102 2114 2116 2117 2120 2134 2135 2144 2145 2174 2193 2209 2225 2231 2237 2240 2241 2251 2252 2256 2257 2258 2264 2276 2290 2297 2307 2322 2324 2325 2328 2338 2354 2356 2364 2371 2375 2381 2384 2398 2410 2433 2440 2456 2474 2485 2506 2507 2510 2511 2516 2517 2535 2542 2544 2547 2550 2560 2565 2576 2579 
762 50 2066 2508 
769 146 2128 2193 2210 2225 2231 2256 2323 2328 2506 2535 2542 2576 
788 113 2066 2240 2397 2490 2535 2576 
781 8 2151 2398 
784 224 2066 2076 2091 2095 2097 2106 2120 2135 2144 2145 2174 2211 2225 2237 2256 2257 2290 2297 2323 2325 2328 2338 2345 2348 2356 2381 2397 2398 2400 2411 2416 2456 2470 2499 2508 2535 2565 2576 2579 2580 
789 317 2091 2102 2106 2193 2210 2211 2237 2240 2273 2276 2281 2307 2322 2326 2341 2345 2350 2354 2364 2381 2385 2397 2398 2400 2456 2507 2516 
791 41 2535 
795 60 2117 2157 2210 2381 2400 
798 16 2289 
805 90 2066 2106 2237 2297 2398 
813 272 2066 2071 2073 2076 2079 2128 2134 2144 2174 2193 2209 2210 2241 2251 2252 2264 2290 2297 2322 2323 2324 2328 2329 2354 2371 2375 2384 2385 2400 2410 2411 2470 2475 2485 2506 2510 2542 2544 2560 2565 2579 
816 29 2339 
822 11 2371 
820 16 2120 2237 2240 2322 2397 2400 
334 41 2202 2329 
826 249 2066 2076 2101 2106 2116 2120 2128 2157 2174 2182 2225 2231 2237 2240 2242 2251 2256 2294 2322 2323 2325 2338 2340 2341 2348 2356 2371 2375 2385 2400 2410 2474 2490 2501 2504 2542 2550 2570 2571 2575 2576 2580 
825 165 2066 2102 2145 2209 2237 2252 2276 2285 2290 2328 2398 2411 2416 2456 2485 2508 2516 2576 
830 3 2157 
831 12 2085 2091 2095 2247 
836 26 2225 2240 2256 
837 4 2071 
838 36 2416 
841 61 2102 2256 2323 2340 2369 2375 2381 2416 2516 
844 45 2409 
842 30 2251 2411 2485 
854 99 2072 2091 2095 2101 2112 2117 2121 2135 2145 2182 2206 2234 2251 2297 2329 2378 2411 2426 2470 2484 2490 2499 2565 2570 2571 
856 91 2210 2231 2252 2328 2338 2411 2508 2535 2542 2565 
852 39 2066 2210 2323 2535 
859 13 2397 2409 
863 5 2160 
865 97 2066 2182 2210 2297 2323 2398 2490 2535 2542 
879 122 2072 2144 2209 2237 2240 2257 2297 2328 2364 2381 2398 2508 2517 2565 
896 26 2499 
898 10 2511 
904 119 2145 2157 2210 2253 2273 2276 2281 2290 2307 2322 2348 2385 2397 2400 2571 
907 9 2211 2281 2470 
913 3 2328 
914 7 2576 
920 10 2069 2151 
928 21 2066 2151 2499 2501 2508 
935 22 2079 2470 2485 
937 46 2071 2114 2251 2485 
941 80 2102 2106 2120 2333 2499 
943 30 2071 2134 2356 
944 5 2332 
946 110 2066 2076 2083 2114 2128 2137 2225 2241 2290 2294 2328 2333 2341 2400 2426 2485 2504 2508 2510 2571 2575 
947 27 2066 2237 
948 29 2137 2181 2485 2516 
949 8 2165 2322 
954 34 2163 2205 2206 
956 42 2106 2210 2246 2341 2504 2508 2535 
960 22 2504 2542 2576 2580 
961 16 2069 2073 2128 2181 
974 36 2144 2209 2237 2240 2289 2328 
975 11 2071 2195 2211 
978 65 2117 2120 2151 2174 2435 
982 47 2151 2338 2470 
986 77 2066 2117 2163 2237 2251 2256 2322 2328 2341 2348 2397 
988 292 2066 2097 2114 2116 2117 2120 2134 2135 2145 2209 2210 2225 2231 2237 2240 2251 2252 2256 2257 2290 2297 2322 2323 2324 2325 2328 2338 2356 2371 2400 2411 2416 2435 2474 2479 2485 2490 2510 2517 2535 2542 2544 2550 2565 2576 
993 238 2066 2069 2071 2073 2097 2102 2106 2117 2119 2120 2128 2134 2137 2157 2168 2195 2211 2225 2246 2323 2324 2328 2329 2341 2345 2386 2400 2475 2479 2504 2570 2580 
994 45 2114 2209 2328 
996 297 2066 2071 2091 2095 2102 2116 2120 2128 2135 2145 2174 2182 2209 2210 2225 2231 2240 2241 2246 2251 2253 2273 2281 2323 2324 2329 2332 2333 2339 2345 2348 2354 2356 2371 2375 2385 2397 2398 2400 2411 2435 2470 2479 2510 2516 2517 2542 2550 2570 2576 2579 2580 
998 30 2381 
1000 60 2120 2240 2264 2328 2332 2410 2470 2499 2517 2550 2570 2571 2575 2579 
1006 138 2066 2073 2085 2097 2128 2178 2181 2202 2231 2324 2341 2435 2579 2580 
1003 18 2504 
1011 6 2193 2210 
1012 7 2247 2571 
1018 5 2237 
1009 44 2202 2328 
1024 41 2264 2384 2506 
1031 19 2339 2490 2550 
1032 39 2128 2328 
1034 33 2508 
1035 12 2341 2350 2499 2547 
1039 6 2157 
1037 86 2066 2137 2160 2165 2210 2225 2323 2338 2339 2398 2411 2506 2535 
1041 49 2276 2277 2510 2516 2535 
1042 41 2073 2109 2231 2256 2470 2504 
1044 9 2114 
1050 44 2101 2210 2211 2253 2264 2398 2565 
1051 46 2109 2135 2285 2398 2470 2485 2579 
1055 196 2106 2144 2151 2157 2285 2323 2328 2339 2341 2398 2411 2416 2504 2535 2565 2576 2580 
1059 2 2470 
1062 156 2071 2085 2117 2120 2128 2134 2144 2174 2178 2225 2240 2241 2251 2256 2322 2328 2329 2333 2341 2400 2411 2435 2474 2475 2485 2510 2579 
1063 29 2145 2381 
1064 16 2225 2333 
1065 7 2328 
1066 5 2339 
872 29 2073 2225 2264 
1074 95 2160 2273 2285 2433 2440 
1075 74 2137 2237 2354 2398 2470 
1084 5 2210 
1086 8 2097 
1095 10 2504 
1097 88 2066 2102 2174 2256 2323 2328 2366 2381 2470 2479 2516 2570 2576 
1098 305 2066 2071 2072 2079 2095 2102 2106 2109 2114 2117 2120 2128 2174 2178 2181 2193 2225 2240 2241 2251 2256 2264 2294 2297 2322 2332 2338 2341 2375 2385 2400 2410 2435 2474 2504 2542 2560 2565 2570 2576 2579 
1103 9 2504 2517 2570 
1111 60 2066 2073 2085 2106 2323 2354 2398 2400 
1113 6 2398 
1102 15 2144 2479 2570 
1114 39 2416 
1124 20 2117 2128 2151 2168 2195 2205 2579 
1125 37 2066 2151 2195 2398 2504 
1127 62 2076 2135 2145 2348 2350 2516 
1129 62 2151 2157 2160 2397 2576 
1132 57 2101 2237 2257 2290 2354 2398 2411 2440 2456 2470 
1133 399 2066 2129 2134 2144 2145 2151 2210 2229 2240 2276 2289 2326 2328 2333 2364 2398 2456 2474 2490 2506 2507 2517 2576 
1135 115 2073 2076 2102 2128 2135 2225 2240 2246 2256 2276 2322 2323 2410 2435 2475 2504 2547 
1137 135 2071 2073 2101 2112 2128 2165 2205 2241 2328 2340 2354 2371 2410 2485 2490 2510 
1142 48 2117 2328 2345 2381 2398 2510 2576 2580 
1143 14 2479 
1151 472 2066 2071 2073 2085 2091 2095 2097 2106 2114 2116 2117 2119 2120 2128 2135 2137 2145 2151 2157 2160 2165 2174 2181 2193 2202 2206 2209 2210 2211 2225 2229 2240 2241 2246 2251 2253 2257 2258 2264 2273 2297 2322 2323 2324 2328 2329 2332 2333 2341 2345 2350 2354 2369 2381 2385 2397 2398 2410 2433 2435 2456 2470 2475 2479 2485 2504 2506 2507 2510 2516 2535 2542 2547 2570 2576 2579 
1156 4 2409 
922 149 2066 2106 2157 2411 
1164 39 2076 2114 2157 2385 2535 
1165 13 2066 2328 2340 2398 
1166 599 2066 2076 2102 2109 2114 2117 2119 2120 2128 2129 2134 2135 2145 2157 2163 2165 2174 2178 2193 2205 2209 2210 2211 2223 2225 2231 2237 2240 2251 2256 2257 2258 2264 2273 2276 2281 2285 2289 2290 2297 2322 2323 2324 2328 2333 2338 2341 2345 2348 2354 2362 2364 2371 2375 2376 2381 2384 2398 2400 2409 2411 2416 2433 2470 2474 2485 2490 2501 2508 2510 2516 2517 2535 2542 2550 2565 2570 2575 2576 
1167 158 2069 2106 2114 2128 2157 2182 2210 2225 2256 2322 2323 2397 2411 2470 2499 2565 2575 
1168 5 2178 
1179 10 2508 
1169 29 2091 2117 2366 2508 2576 
1185 43 2237 
1193 31 2160 2328 2470 
1198 4 2565 
1200 107 2066 2102 2116 2120 2135 2174 2225 2231 2251 2264 2297 2322 2340 2371 2375 2416 2474 2550 
1201 35 2066 
1202 66 2066 2181 2251 2504 
1203 22 2168 2356 2400 2499 
1204 61 2231 2325 2364 
1207 26 2323 2398 2490 
1210 218 2066 2073 2076 2079 2085 2091 2095 2097 2109 2117 2120 2128 2135 2157 2165 2168 2181 2193 2210 2211 2240 2253 2273 2281 2297 2322 2324 2345 2364 2398 2400 2411 2470 2475 2504 2508 2510 2516 2535 2565 2570 2579 
1211 79 2066 2101 2106 2128 2151 2157 2174 2193 2195 2225 2328 2397 2474 2508 2535 
1212 4 2323 
1215 65 2066 2117 2264 2285 2323 2356 2400 2426 2504 2535 
1221 77 2097 2168 2174 2210 2225 2241 2290 2324 2356 2579 
1230 33 2066 2117 2333 2400 
1233 14 2066 
1236 103 2066 2097 2120 2151 2251 2257 2328 2338 2504 2560 
1243 5 2128 
1241 35 2066 2210 2510 
1247 77 2145 2251 2257 2324 2328 2398 2570 
1248 21 2066 2151 2328 
1253 51 2071 2381 
1259 45 2209 2338 2411 2542 2565 
1267 61 2085 2097 2135 2251 2371 2504 2560 2570 2579 
1279 124 2341 2345 2371 2385 2400 2504 2535 
1280 4 2251 
1282 8 2340 2410 
1286 65 2079 2145 2193 2206 2398 2425 2456 2547 
1284 20 2079 
1285 31 2066 2079 2398 2485 
1291 34 2102 2106 2251 2256 2297 2474 2485 
1293 33 2193 2294 
1296 9 2195 
1297 76 2069 2072 2145 2210 2256 2297 2322 2323 2398 2411 2474 2499 2508 2517 2535 2576 
1305 290 2102 2114 2116 2120 2135 2144 2174 2209 2225 2231 2251 2252 2256 2257 2264 2290 2294 2297 2322 2323 2324 2325 2338 2366 2371 2410 2411 2416 2470 2474 2485 2501 2510 2542 2544 2547 2550 2560 2565 2576 
1306 20 2375 
1315 6 2195 
1319 181 2066 2073 2095 2097 2106 2117 2119 2128 2145 2151 2160 2231 2240 2307 2322 2328 2398 2474 2506 2542 2565 
1320 6 2508 
1322 12 2400 
1331 6 2160 
1335 62 2076 2165 2168 2178 2322 2329 2504 2517 
1336 8 2091 2237 2470 
1340 3 2470 
1341 2 2470 
1342 4 2470 
1343 2 2398 
1350 117 2117 2151 2157 2178 2240 2285 2322 2378 2400 
1352 121 2066 2073 2106 2119 2137 2151 2157 2165 2181 2211 
1353 30 2071 2181 2276 2354 2398 2542 
1360 22 2550 
1354 8 2411 
1355 3 2066 
1356 20 2416 
1357 91 2102 2264 2328 2371 2560 
1358 18 2354 2398 
1367 40 2144 2290 2324 2398 2542 2565 2576 
1368 33 2210 2325 2397 2474 2565 
1374 462 2066 2071 2095 2102 2106 2109 2116 2117 2120 2121 2135 2137 2145 2151 2157 2168 2174 2181 2193 2202 2223 2225 2246 2253 2257 2258 2264 2273 2307 2322 2323 2325 2338 2354 2369 2375 2397 2398 2410 2470 2485 2490 2508 2516 2535 2547 2560 2565 2576 
1382 17 2257 2397 2411 2485 
1377 33 2580 
1378 14 2071 2079 2246 2371 
1380 63 2066 2073 2117 2119 2151 2193 2400 2517 
1381 52 2066 2137 2165 2371 2378 2398 2485 2560 
1384 37 2542 2565 
1385 35 2323 
1386 61 2071 2085 2205 2241 
1390 32 2151 2174 2264 2297 2322 2323 2325 
1393 4 2575 
1395 199 2066 2071 2072 2076 2085 2097 2106 2109 2114 2117 2120 2137 2145 2151 2168 2174 2178 2181 2193 2202 2225 2240 2241 2246 2251 2264 2297 2322 2328 2329 2333 2341 2356 2385 2397 2400 2410 2435 2456 2516 2547 2560 2576 2579 
1403 3 2079 
1416 13 2109 2307 2426 2576 
1420 12 2151 2165 2211 
1419 41 2114 2157 2256 2277 2294 2297 2323 2338 2366 2576 
1424 52 2073 2225 2251 2356 2371 2411 2501 
1428 183 2066 2073 2085 2091 2095 2106 2114 2119 2121 2137 2151 2165 2168 2202 2210 2211 2252 2256 2276 2290 2324 2328 2333 2411 2499 2506 2510 2550 
1184 79 2066 2120 2145 2151 2157 2322 2340 2375 2411 2504 2517 
1441 41 2073 2097 2101 2106 2242 2348 2397 
1457 5 2371 
1462 48 2066 2128 2165 2285 2328 2398 2490 2508 2535 2544 
1463 26 2264 2542 2565 
1465 8 2323 2508 2542 
1468 20 2264 2397 2456 
1466 24 2073 2264 2328 2329 
1467 11 2516 
1470 156 2135 2144 2209 2252 2328 2354 2364 2381 2398 2411 2535 2576 2579 
1471 72 2072 2160 2499 2535 
1473 91 2097 2102 2174 2225 2289 2375 2475 2499 2504 2560 
1480 44 2128 
1482 26 2066 
1487 117 2069 2073 2325 2338 2356 2474 2475 2565 2576 
1489 64 2066 2182 2256 2281 2322 2345 2516 2570 
1492 157 2066 2073 2106 2128 2178 2225 2251 2256 2322 2328 2341 2384 2411 2474 2504 
1496 210 2066 2071 2073 2114 2116 2117 2120 2121 2145 2211 2225 2241 2251 2256 2297 2324 2328 2381 2398 2410 2474 2504 2506 2510 2579 
1497 28 2145 2151 2157 2297 
1500 48 2134 2174 2210 2240 2256 2323 2397 2508 
1501 38 2225 2290 2397 2550 
1506 41 2135 2160 2333 2504 
1504 6 2231 
1521 99 2066 2117 2120 2128 2174 2178 2225 2241 2297 2328 2341 2375 2385 2397 2400 2474 2485 2506 2510 2547 
1522 139 2066 2145 2210 2297 2328 2329 2339 2345 2397 2398 2426 2433 2470 2490 2499 2508 2510 2517 2550 2565 2570 2580 
1538 81 2066 2120 2256 2410 2411 2510 2535 
1537 68 2066 2145 2174 2240 2256 2289 2508 2560 
1542 244 2071 2129 2193 2240 2276 2333 2348 2354 2364 2384 2385 2423 2507 2516 
1552 81 2066 2073 2106 2114 2116 2134 2151 2157 2195 2323 2354 2504 2508 2535 2576 2579 
1553 20 2323 2504 
1547 28 2066 2117 2475 
1549 587 2066 2071 2072 2073 2076 2085 2091 2097 2102 2114 2116 2117 2120 2128 2134 2135 2144 2145 2151 2157 2165 2168 2174 2178 2181 2193 2209 2211 2225 2231 2233 2237 2240 2241 2242 2251 2252 2256 2257 2258 2264 2273 2276 2277 2281 2285 2290 2294 2297 2307 2322 2323 2324 2326 2328 2329 2333 2338 2339 2341 2348 2350 2354 2356 2366 2371 2375 2384 2385 2397 2398 2400 2410 2411 2435 2440 2456 2470 2474 2475 2485 2504 2506 2507 2508 2510 2516 2542 2544 2547 2550 2560 2565 2571 2575 2576 2579 2580 
1550 42 2129 2289 2328 2516 
1555 79 2066 2117 2206 2264 2490 
1565 8 2329 2385 
1566 46 2071 2073 2079 2117 2246 2328 2371 2485 2560 2580 
1570 4 2385 
1583 87 2073 2117 2174 2202 2225 2231 2241 2256 2273 2297 2323 2470 2474 2550 2560 2565 
1585 102 2066 2076 2079 2091 2114 2117 2145 2193 2210 2252 2329 2356 2371 2385 2397 2398 2400 2410 2411 2433 2508 2542 2560 
1592 30 2073 2109 2157 2165 2174 2470 2501 
1594 114 2066 2097 2135 2174 2193 2375 2485 2504 
1596 29 2117 2120 2325 2328 2474 2485 2565 
1603 16 2240 2332 2435 2571 2579 
1571 24 2066 2071 2348 
1608 355 2066 2071 2072 2073 2076 2079 2083 2091 2097 2101 2109 2116 2117 2119 2120 2121 2128 2135 2137 2145 2157 2160 2163 2165 2168 2174 2178 2181 2193 2195 2205 2210 2225 2231 2240 2242 2246 2251 2253 2256 2264 2273 2285 2290 2297 2322 2323 2325 2328 2329 2333 2339 2341 2345 2348 2350 2354 2356 2371 2385 2397 2398 2400 2411 2435 2475 2504 2508 2517 2550 2560 2565 2576 2579 2580 
1612 68 2565 
1613 15 2223 
1614 73 2071 2205 2225 2256 2297 2328 2348 2410 2456 2547 
1615 162 2066 2069 2073 2079 2083 2095 2097 2101 2106 2109 2112 2114 2119 2121 2137 2151 2163 2165 2168 2174 2178 2181 2350 
1621 80 2071 2120 2128 2174 2205 2210 2211 2240 2246 2273 2322 2328 2329 2341 2474 2565 
1622 50 2285 2328 2378 2474 2506 2508 2565 
1623 39 2323 2341 2345 
1628 12 2128 2193 
1636 1 2499 
1639 36 2071 2079 2091 2095 2237 2241 2485 
1644 48 2091 2097 2165 2211 2237 2332 2398 2535 2565 
1646 5 2339 
1661 66 2066 2069 2102 2151 2210 2328 2398 2433 2490 2535 2565 
1658 9 2297 
1564 27 2151 2178 2398 
1664 3 2535 
1667 55 2328 2516 2580 
1668 5 2091 
1670 18 2117 2120 2145 2165 2240 2294 
1647 19 2144 2252 2535 
1681 2 2506 
1684 9 2102 2225 2322 
1687 6 2151 
1691 50 2117 2323 2328 
1693 6 2073 
1701 112 2120 2322 2328 2354 2381 2398 2440 2535 
1697 70 2072 2101 2182 2237 2252 2258 2328 2384 2397 2411 2484 2501 2508 2516 2535 2552 2576 2580 
1700 93 2066 2071 2073 2076 2117 2120 2128 2151 2178 2202 2244 2256 2322 2340 2366 2411 2416 2565 2571 2575 2579 2580 
1711 9 2210 2328 
1705 47 2071 2102 2120 2241 2251 2256 2264 2322 2323 2375 2547 2560 
1706 4 2114 
1707 34 2076 2116 2181 2362 2371 2398 2485 2570 
1709 6 2409 
1714 5 2137 2504 
1716 6 2470 
1717 96 2066 2128 2157 2210 2281 2328 2339 2381 2397 2398 2411 2508 2535 2570 2575 
1719 10 2289 
1720 14 2485 
1722 14 2079 
1688 25 2485 
1729 19 2264 2348 2470 2535 2580 
1732 18 2256 2474 
1730 45 2072 2109 2246 2323 2328 2339 2348 2385 2397 2398 2400 2576 2579 
1733 42 2364 2516 
1734 55 2066 2128 2241 2246 2328 2354 2398 2474 2485 2508 2535 
1738 3 2085 
1741 9 2174 2322 2501 
1746 7 2237 
1744 8 2508 
1747 3 2479 
1748 76 2237 2264 2398 2456 2506 2517 2565 
1749 68 2072 2145 2210 2231 2285 2329 2338 2398 2470 2490 2508 2576 
1754 23 2066 2117 2211 2240 2251 2345 2456 
1756 89 2071 2073 2145 2193 2240 2246 2253 2273 2332 2385 2397 2400 2426 2435 2470 2479 2517 2547 2560 2579 
1757 16 2106 2151 
1762 47 2160 
1766 27 2182 2240 2290 2345 2397 2435 2470 2490 2517 
1767 97 2066 2097 2114 2209 2237 2256 2277 2328 2340 2381 2398 2411 2547 2576 
1769 67 2102 2117 2120 2253 2371 2479 2504 2516 2517 2535 2547 2560 2571 2580 
1772 141 2066 2069 2071 2083 2095 2101 2106 2112 2117 2120 2121 2128 2151 2157 2168 2174 2178 2210 2246 2264 2294 2329 2333 2339 2341 2348 2397 2400 2409 2410 2423 2425 2490 2501 2504 2535 2580 
1781 6 2114 2410 2507 
1751 35 2211 2252 2508 2535 
1783 57 2066 2071 2120 2237 2241 2246 2251 2322 2398 2410 2474 2510 
1789 11 2144 2251 
1792 31 2073 2095 2157 
1795 44 2210 2251 2290 2324 2364 2510 2542 
1796 38 2160 2440 
1799 48 2223 2516 2535 2565 2576 
1800 20 2246 2479 
1811 43 2114 2160 2240 2332 2371 
1803 19 2071 2109 2168 
1807 8 2354 
1808 129 2066 2106 2117 2120 2121 2145 2157 2174 2195 2234 2256 2297 2328 2375 2385 2410 2475 2485 2510 2517 2535 2542 2547 2560 2576 2579 
1813 41 2144 2145 2210 2535 
1814 105 2134 2225 2251 2256 2276 2323 2440 2547 2550 2560 
1816 10 2066 2256 
1820 90 2102 2117 2120 2128 2225 2231 2256 2290 2297 2322 2323 2328 2333 2338 2366 2400 2411 2426 2499 2508 2510 
1822 11 2073 
1823 49 2128 2381 2511 2565 
1835 73 2066 2160 2210 2240 2297 2322 2323 2398 2504 2506 2508 2535 2542 2547 2560 2576 
1836 16 2193 
1837 28 2073 2076 2091 2119 2168 2205 2251 2371 
1838 57 2066 2071 2073 2079 2095 2097 2101 2106 2109 2112 2128 2151 2157 2168 2178 2210 
1832 6 2210 
1833 6 2112 
1847 47 2066 2178 2324 2354 2398 2510 
1848 16 2102 2256 2328 
1855 12 2237 
1857 8 2307 
1868 22 2071 2085 2091 2128 2210 2211 2241 2253 
1875 33 2102 2174 2225 2256 2264 2565 
1872 5 2485 
1879 13 2120 
1885 44 2102 2114 2135 2210 2225 2231 2256 2257 2322 2475 2485 2535 
1886 4 2091 
1888 36 2102 2128 2145 2157 2163 2205 2210 2211 2253 2276 2323 2329 2339 2341 2350 2410 
1891 36 2102 2195 2205 2504 2580 
1896 51 2066 2109 2144 2324 2345 2348 2516 2576 
1899 6 2066 
1908 9 2333 
1915 33 2237 2354 2398 2516 2535 
1918 20 2066 2117 2322 2411 
1919 112 2066 2069 2071 2073 2085 2091 2119 2120 2137 2145 2157 2205 2210 2211 2241 2246 2251 2253 2264 2273 2285 2290 2345 2385 2397 2400 2411 2470 2479 
1922 204 2116 2117 2135 2145 2174 2202 2225 2231 2251 2256 2273 2276 2294 2322 2323 2325 2356 2364 2371 2375 2381 2398 2411 2416 2426 2470 2474 2475 2501 2508 2516 2542 2544 2547 2550 2576 
1925 22 2165 2328 
1928 7 2066 
1935 7 2565 
1940 5 2323 
1943 3 2285 
1947 15 2210 2328 2565 
1948 14 2069 2114 2157 2378 2386 2470 
1951 29 2117 2128 2195 2257 2297 2324 2435 2485 2565 
1955 1 2340 
1961 5 2354 
1962 31 2095 2106 2151 2157 2165 2211 
1966 18 2079 2485 2508 
1964 13 2375 2485 2511 
1965 9 2079 2137 
1967 31 2178 2209 2252 2371 2485 
1972 181 2114 2209 2210 2225 2252 2256 2257 2285 2290 2297 2323 2324 2325 2338 2356 2371 2384 2398 2474 2485 2506 2508 2510 2535 2542 2544 2550 2560 2576 
1976 6 2470 
1977 34 2076 2145 2240 2246 2329 2332 2339 2341 2362 2385 
1980 47 2073 2128 2145 2174 2240 2241 2329 2338 2341 2375 2400 2504 2547 2560 2565 
1984 7 2252 
1985 56 2117 2128 2157 2209 2231 2241 2276 2323 2328 2516 
1986 17 2145 2193 2211 2504 
1990 36 2066 2324 2398 2565 
1991 66 2097 2102 2120 2174 2225 2256 2264 2322 2375 2410 2547 
1992 16 2117 2120 2128 2504 
1997 88 2066 2071 2073 2079 2085 2095 2097 2106 2109 2117 2119 2128 2151 2157 2165 2168 2178 2181 2202 2210 2240 2241 2246 2273 2332 2435 2475 2504 2579 
1794 26 2071 2135 2225 2246 2251 2297 2324 2375 2475 2565 2580 
2001 39 2071 2241 
2009 63 2083 2091 2135 2174 2193 2237 2257 2297 2328 2456 2470 2485 2504 2516 
2010 27 2095 2101 2470 
2012 3 2135 
2042 2 2470 
2014 10 2095 2135 2237 2253 2470 
2016 13 2237 2371 
2018 2 2470 
2044 2 2470 
2029 2 2135 
2033 22 2398 2542 
2036 2 2470 
698 11 2066 2323 2508 
2038 5 2341 2350 
2050 4 2322 
2052 14 2117 2193 2246 2475 2570 
2054 3 2066 
2059 4 2576 
2062 121 2066 2071 2073 2079 2085 2091 2095 2097 2109 2114 2119 2121 2128 2137 2145 2151 2157 2165 2168 2178 2181 2182 2193 2195 2202 2205 2206 2210 2211 2241 2246 2253 2273 2277 2285 2297 2322 2325 2328 2329 2333 2339 2341 2350 2381 2385 2397 2400 
2063 21 2079 2101 2117 2425 2470 2475 
2064 2 2066 
2065 50 2066 2225 2240 2328 2385 2508 2542 
2069 17 2076 2339 2470 2475 2570 2571 2580 
2068 4 2069 2242 
2071 7 2066 2073 2145 2211 
2070 1 2073 
2072 121 2073 2091 2097 2102 2106 2117 2128 2137 2151 2157 2178 2193 2210 2240 2256 2264 2322 2323 2397 2400 2410 2426 2470 2475 2479 2517 2560 2571 
2083 2 2322 
2095 6 2182 2185 2193 2470 2504 
2084 10 2085 2091 2092 2095 2185 2244 2247 2470 
2085 28 2076 2091 2095 2117 2128 2264 2322 2332 2400 2435 2504 2579 
2086 1 2095 
2087 1 2095 
2088 6 2085 2091 2095 2112 2470 
2089 1 2095 
2090 1 2095 
2091 8 2095 2193 2210 2328 2470 
2092 7 2085 2091 2095 2185 2247 2470 
2093 55 2095 2117 2119 2137 2157 2174 2240 2323 2435 2470 2475 2547 2560 2579 
2097 7 2182 2422 2490 
2100 1 2101 
2099 22 2085 2091 2092 2101 2182 2185 2193 2244 2247 2290 2348 2385 2470 2504 
2102 45 2106 2323 2328 2474 2535 2542 2565 2576 
2104 2 2106 
2103 2 2106 
2105 11 2106 2157 2174 2206 2231 
2109 47 2066 2210 2350 2354 2398 2411 2508 2516 2535 2565 
2108 4 2109 
2112 1 2185 
2114 39 2251 2323 
2115 16 2210 2576 
2116 20 2114 2117 2206 2234 2256 2273 2504 2579 
2117 23 2066 2119 2182 2364 2375 2398 2456 2470 2504 2517 2535 
2118 113 2071 2114 2119 2128 2209 2240 2246 2256 2323 2324 2328 2332 2338 2345 2381 2385 2400 2435 2456 2511 2550 2579 2580 
2120 122 2071 2117 2121 2128 2145 2165 2195 2205 2206 2211 2225 2234 2242 2246 2276 2281 2285 2290 2307 2323 2325 2328 2329 2333 2350 2426 2484 2501 2504 2517 2575 2579 
2125 3 2145 
2129 44 2144 2210 2328 2398 2565 
2130 8 2375 2470 
2133 129 2076 2102 2117 2120 2174 2193 2240 2322 2323 2329 2332 2340 2341 2345 2350 2375 2385 2397 2400 2410 2425 2435 2470 2475 2479 2490 2504 2547 2560 2570 2579 2580 
2134 14 2144 2328 
2135 146 2117 2120 2145 2174 2225 2251 2256 2289 2322 2323 2324 2328 2375 2381 2398 2433 2456 2470 2485 2508 2516 2517 2535 2560 2565 
2136 1 2137 
2139 3 2151 
2141 2 2151 
2142 2 2151 
2143 1 2151 
2144 23 2151 2210 2328 2398 
2145 145 2066 2120 2144 2151 2210 2258 2289 2297 2323 2328 2356 2364 2375 2398 2411 2456 2504 2516 2535 2565 
2146 1 2151 
2147 1 2151 
2148 1 2151 
2149 2 2151 
2150 1 2151 
2152 4 2085 2165 2181 
2156 41 2071 2157 2165 2182 2195 2205 2211 2233 2241 2294 2329 2362 2378 2484 2490 2499 2517 2580 
2155 1 2157 
2159 18 2071 2091 2128 2145 2210 2241 2246 2253 
2160 26 2066 2328 2371 2398 2470 2508 2535 
2161 3 2409 
2168 3 2174 
2167 1 2168 
2169 32 2117 2120 2174 2202 2241 2246 2285 2294 2322 2329 2580 
2170 2 2544 
2171 16 2416 
2172 29 2163 2479 2484 2535 2570 
2174 65 2066 2102 2120 2160 2210 2256 2276 2328 2332 2339 2410 2411 2435 2470 2504 2570 2576 
2175 1 2163 
2176 17 2205 2237 2322 2411 
2178 3 2285 
2181 2 2475 
2179 1 2181 
2180 1 2181 
2182 1 2185 
2183 1 2185 
2184 3 2085 2185 2264 
2186 61 2174 2209 2264 2375 2547 
2192 5 2195 
2193 12 2195 2240 2398 
2194 3 2145 2195 2242 
2196 3 2085 
2197 4 2085 2470 
2198 3 2085 2091 2247 
2199 1 2085 
2200 2 2202 2504 
2201 1 2202 
2206 14 2233 2234 2340 2411 2499 2504 
2209 31 2120 2252 2338 2410 2504 2542 
2210 17 2066 2211 2246 2253 2544 
2215 15 2397 2456 2470 
2223 15 2398 2547 
2224 3 2102 2128 
2225 34 2071 2117 2128 2135 2145 2323 2328 2474 
2226 28 2128 2456 2504 2517 
2227 4 2071 2128 2375 
2234 14 2116 2285 
2228 1 2234 
2230 49 2117 2120 2135 2182 2231 2234 2240 2256 2375 2411 2484 2504 
2231 66 2117 2182 2234 2294 2332 2340 2366 2400 2426 2435 2490 2499 2504 2517 2570 2571 2575 2579 
2229 143 2116 2117 2129 2135 2209 2225 2231 2234 2237 2252 2289 2325 2328 2356 2371 2416 2474 2475 2504 2517 2550 2565 2570 2571 2575 2579 2580 
2232 12 2234 2425 2426 
2233 36 2117 2193 2234 2251 2332 2345 2385 2400 2475 2504 2575 
2236 75 2071 2116 2135 2145 2225 2231 2241 2246 2251 2256 2273 2323 2325 2356 2411 2474 2550 
2237 241 2091 2114 2134 2144 2145 2182 2209 2251 2252 2256 2257 2276 2289 2290 2297 2324 2328 2381 2398 2456 2470 2485 2510 2517 2535 2544 2550 2565 2576 
2238 1 2091 
2241 14 2117 2504 
2239 1 2241 
2240 108 2066 2071 2102 2117 2120 2160 2174 2209 2237 2241 2256 2285 2322 2325 2328 2341 2356 2362 2398 2409 2435 2499 2504 2535 2575 
2243 1 2242 
2246 8 2210 2323 2535 
2249 38 2071 2145 2281 2322 2338 2397 2400 
2250 3 2071 2246 
2251 25 2071 2231 2332 2435 
2252 22 2251 2253 2422 
2254 6 2504 
2255 31 2193 2290 2323 2333 2350 2385 2397 2400 2560 
2256 247 2066 2072 2076 2102 2117 2120 2134 2145 2174 2225 2240 2264 2294 2307 2322 2329 2340 2341 2375 2410 2411 2416 2435 2475 2501 2504 2516 2517 2535 2544 2547 2560 2579 
2257 49 2120 2135 2144 2145 2225 2246 2381 2397 2440 2544 2576 
2258 95 2066 2145 2246 2328 2411 2456 2508 2511 2565 2576 
2259 1 2246 
2264 58 2328 2381 2385 2433 
2267 1 2273 
2268 1 2273 
2269 2 2273 
2270 1 2273 
2274 48 2117 2135 2145 2182 2240 2307 2329 2332 2385 2411 2423 2425 2426 2435 2484 2490 2571 2575 2579 2580 
2276 32 2398 2433 
2277 8 2354 
2278 4 2276 
2281 2 2193 
2282 5 2285 2397 
2285 17 2135 2210 2231 2398 2485 
2287 4 2504 
2290 120 2114 2144 2209 2210 2252 2257 2289 2297 2324 2411 2485 2510 2535 2565 
2288 1 2290 
2289 14 2237 2290 2364 2504 
2297 164 2066 2072 2117 2134 2144 2145 2174 2193 2209 2210 2225 2240 2290 2328 2333 2338 2398 2440 2456 2474 2485 2504 2506 2508 2510 2535 2542 2547 2570 
2298 48 2129 2289 2328 2501 2504 2535 2547 2560 2575 
2299 67 2120 2251 2256 2322 2328 2398 2410 2485 2547 2560 2565 
2304 1 2305 
2308 1 2285 
2310 1 2285 
2311 1 2285 
2312 1 2285 
2313 1 2285 
2314 3 2285 
2315 1 2285 
2309 3 2285 
2316 3 2285 
2317 2 2285 
2318 2 2285 
2319 3 2285 2325 
2320 2 2285 
2321 3 2285 
2322 19 2182 2289 2350 2504 
2323 111 2066 2114 2174 2193 2210 2225 2240 2252 2297 2369 2398 2411 2416 2485 2516 2535 2565 2576 2580 
2324 3 2485 2535 
2326 252 2066 2114 2129 2134 2144 2145 2209 2210 2252 2257 2289 2290 2297 2307 2324 2325 2328 2329 2338 2339 2341 2348 2350 2356 2384 2398 2411 2416 2433 2485 2506 2508 2510 2516 2535 2542 2544 2565 2576 
2328 215 2066 2076 2117 2120 2134 2160 2174 2193 2209 2210 2240 2252 2257 2264 2297 2322 2324 2329 2332 2341 2345 2350 2385 2397 2400 2410 2411 2435 2470 2475 2479 2485 2504 2506 2508 2510 2517 2535 2544 2547 2565 2570 2579 
2330 2 2333 
1561 1 2333 
2331 2 2333 
2332 36 2116 2333 2411 2416 
2334 1 2339 
2335 1 2339 
2336 1 2339 
2337 1 2339 
2340 4 2341 
2342 5 2345 
2343 7 2345 
2344 1 2345 
2349 2 2350 
2272 31 2117 2120 2193 2225 2385 2398 2400 2576 
2361 1 2362 
2363 4 2193 
2364 14 2290 2440 
2365 77 2066 2174 2252 2256 2297 2328 2385 2411 2510 
2367 8 2475 2579 
2368 17 2508 2560 2565 
2338 6 2323 2504 2508 
2369 189 2160 2276 2354 2364 2398 2411 2552 
2370 2 2484 
2371 124 2117 2174 2225 2251 2256 2264 2323 2324 2354 2375 2400 2411 2416 2426 2470 2485 2504 2517 2547 2550 2560 2565 2579 
2372 7 2182 2470 2479 2517 
2375 49 2066 2120 2240 2256 2470 2479 2504 2565 2579 
2376 26 2066 2237 2240 2398 2474 2535 
2378 4 2400 2504 2571 
2381 71 2066 2117 2252 2297 2323 2398 2508 2516 2535 2570 
2379 45 2114 2134 2257 2328 2397 2411 2485 2516 2565 
2384 72 2237 2256 2328 2354 2371 2385 2398 2416 2511 2516 2565 
2387 66 2193 2354 2398 2470 
2388 1 2193 
2389 1 2193 
2390 2 2193 2506 
2392 1 2397 
2391 1 2397 
2394 1 2397 
2395 1 2397 
2396 1 2397 
2393 4 2332 2397 2484 
2398 62 2144 2209 2210 2297 2326 2400 2504 2506 2516 
2399 2 2400 
2403 2 2542 
2406 2 2356 
2410 34 2507 2576 
2306 4 2504 
2411 141 2066 2114 2120 2129 2144 2209 2210 2251 2252 2256 2290 2307 2325 2375 2433 2474 2510 2535 2544 2560 2576 
2412 3 2504 
2416 37 2120 2323 2375 2426 2580 
2113 7 2420 
2419 1 2420 
2424 1 2425 
2429 2 2323 
2427 11 2237 2240 2416 2470 
2435 35 2117 2174 2231 2240 2256 2340 2490 
2433 2 2435 
2434 2 2435 
2437 2 2470 
2373 2 2135 2470 
2438 1 2470 
2462 4 2182 2470 
2463 1 2470 
2439 1 2470 
2440 50 2237 2257 2470 
2441 1 2470 
2442 1 2470 
2443 1 2470 
2444 6 2237 2384 2470 
2445 1 2470 
2446 1 2470 
2094 1 2470 
2447 1 2470 
2448 1 2470 
2449 1 2470 
2450 1 2470 
2451 2 2470 
2452 42 2470 
2453 1 2470 
2454 1 2470 
2455 1 2470 
2456 31 2285 2440 2470 2504 
2465 1 2470 
2457 1 2470 
2466 1 2470 
2458 6 2237 2470 
2459 1 2470 
2460 1 2470 
2461 1 2470 
2471 1 2475 
2472 75 2076 2102 2116 2120 2174 2225 2237 2264 2322 2323 2375 2470 2475 2547 2550 2560 
2473 103 2102 2116 2117 2120 2135 2174 2225 2251 2256 2264 2322 2371 2375 2410 2416 2475 2547 2560 
2476 35 2225 2264 2323 2411 2416 2479 2550 
2477 1 2479 
2478 6 2120 2252 2479 2499 
2480 7 2369 
2482 3 2570 
2485 324 2066 2114 2116 2120 2135 2145 2174 2225 2237 2256 2257 2289 2297 2323 2325 2328 2364 2371 2375 2384 2398 2411 2433 2456 2484 2506 2508 2510 2511 2542 2547 2550 2560 2565 2576 
2487 1 2240 
2488 21 2102 2120 2144 2145 2240 2328 
2489 1 2490 
2491 1 2182 
2492 1 2182 
2493 6 2182 
2494 1 2182 
2495 1 2182 
2496 2 2182 
2497 38 2117 2120 2174 2225 2256 2297 2485 2499 2501 2510 
2500 3 2501 
2502 30 2174 2297 2323 2506 2542 2576 
2504 100 2066 2144 2252 2256 2297 2323 2328 2338 2354 2364 2381 2398 2508 2542 2544 2547 2576 
2506 46 2066 2145 2251 2323 2474 2535 
2507 69 2102 2116 2117 2120 2135 2225 2231 2264 2322 2324 2325 2356 2375 2410 2474 2504 2510 2576 
2508 13 2323 2470 2542 
2509 11 2340 
2510 68 2102 2117 2120 2134 2174 2231 2294 2328 2371 2410 2474 2485 2504 2542 2565 
2517 5 2117 2120 
2512 1 2517 
2514 1 2517 
2513 1 2517 
2515 1 2517 
2516 44 2517 2576 2579 
2518 4 2510 
2531 2 2256 
2535 47 2066 2145 2160 2240 2326 2354 2381 
2541 37 2144 2251 2256 2323 2398 2504 
2542 93 2066 2102 2120 2145 2174 2225 2231 2252 2264 2290 2297 2323 2328 2356 2398 2456 2504 2508 2576 
2543 1 2504 
2498 1 2504 
2545 7 2504 2508 
2546 34 2066 2102 2145 2174 2297 2322 2338 2340 2504 2542 2570 2576 2579 
2547 105 2209 2290 2297 2325 2328 2371 2398 2411 2440 2474 2485 2504 2542 2560 2576 
2548 12 2117 2144 2504 
2549 70 2251 2256 2323 2371 2474 2504 2510 2565 2576 
2550 26 2116 2174 2233 2264 2371 2501 2504 2579 
2552 5 2504 
2551 2 2504 
899 24 2120 2225 2410 
2555 12 2102 2120 2322 2410 
2566 32 2066 2102 2354 2535 
2557 77 2102 2120 2174 2264 2322 2323 2340 2411 2416 2470 2547 2560 
2567 5 2398 
2559 82 2066 2120 2225 2252 2256 2289 2290 2324 2356 2398 2411 2470 2508 2510 2542 2565 
2560 180 2066 2114 2129 2144 2210 2231 2252 2256 2323 2324 2340 2398 2411 2485 2508 2565 
2564 50 2066 2134 2237 2324 2456 2508 2576 
2565 893 2066 2102 2114 2116 2120 2133 2134 2135 2144 2145 2160 2174 2209 2210 2223 2225 2231 2237 2240 2251 2252 2256 2257 2258 2264 2289 2290 2297 2307 2322 2323 2324 2325 2328 2338 2354 2356 2364 2369 2371 2375 2381 2384 2386 2398 2410 2411 2416 2426 2433 2456 2470 2474 2485 2501 2506 2508 2510 2511 2516 2517 2535 2542 2544 2547 2550 2560 2576 
2569 5 2294 2570 
2572 7 2575 2579 
2573 1 2575 
2574 2 2575 
2576 146 2102 2144 2160 2174 2231 2251 2285 2324 2338 2354 2375 2381 2398 2411 2416 2470 2474 2507 2542 2579 
2577 2 2579 2580 
2578 12 2117 2323 2410 2579 
2587 12 2576 
2585 60 2066 2120 2160 2210 2252 2328 2338 2398 2535 2544 
2592 13 2117 2237 2375 2416 
2593 32 2102 2117 2294 2322 2328 2411 
2594 45 2066 2117 2120 2174 2256 2264 2322 2398 2410 2501 2544 2576 
2595 49 2117 2134 2174 2237 2264 2276 2328 2354 2398 2516 2560 
2596 13 2117 
2597 2 2117 
2598 7 2117 2251 
2474 142 2066 2116 2117 2120 2135 2145 2174 2210 2225 2229 2231 2240 2251 2256 2264 2294 2297 2322 2328 2340 2371 2375 2398 2410 2501 2506 2547 2550 2576 
2599 9 2117 
2605 64 2120 2144 2174 2251 2323 2381 2516 2542 2547 2576 
2608 14 2174 2264 2322 2366 2410 2470 2560 
2611 7 2323 2535 
2612 29 2323 2375 2398 2516 2565 
2613 25 2114 2237 2535 
2617 22 2102 2231 2323 2410 2535 
2618 53 2066 2120 2174 2209 2231 2240 2252 2256 2375 2410 2510 
2623 108 2209 2257 2324 2375 2398 2416 2501 2535 2565 
2619 46 2328 2371 2474 2485 2535 2547 2560 
2620 24 2120 2294 2550 2576 
2646 39 2120 2256 2366 2547 2560 
2647 18 2174 2264 2416 2470 2501 
2648 1 2365 
2651 269 2066 2144 2145 2174 2209 2225 2231 2240 2252 2256 2257 2289 2290 2322 2324 2328 2338 2375 2384 2398 2411 2416 2499 2506 2510 2517 2535 2542 2544 2565 2576 
2653 113 2066 2144 2206 2209 2237 2252 2257 2328 2354 2371 2398 2411 2485 2535 2544 2565 2576 
2655 49 2210 2326 2371 2560 
2657 44 2252 2257 2297 2324 2411 2485 2576 
2658 307 2114 2129 2144 2209 2240 2252 2257 2290 2297 2324 2326 2364 2411 2433 2485 2516 2517 2565 
2659 12 2066 
2665 6 2251 2256 2322 2410 
2662 2 2256 
2663 2 2076 
2671 1 2294 
2672 13 2076 2294 2366 
2673 1 2294 
2674 103 2114 2116 2209 2225 2231 2251 2252 2290 2297 2324 2356 2371 2474 2485 2535 2542 2550 2560 2565 2576 
2676 7 2366 
2677 40 2565 
2680 6 2076 
2683 13 2322 2323 
2699 74 2116 2210 2252 2325 2326 2565 
2700 168 2114 2134 2209 2210 2252 2257 2290 2297 2324 2325 2328 2338 2384 2411 2416 2485 2506 2510 2535 2542 2544 
2701 19 2174 2225 2264 2325 2356 2371 2398 2416 2542 2576 
2686 156 2116 2135 2225 2231 2237 2285 2290 2297 2325 2328 2338 2356 2416 2426 2485 2510 2542 2550 2565 2576 
2687 13 2338 
2702 80 2135 2225 2251 2323 2338 2381 2398 2516 2565 2576 
2703 61 2116 2135 2225 2231 2290 2297 2325 2338 2356 2398 2411 2416 2474 2542 2565 2576 
2688 618 2066 2114 2116 2134 2135 2144 2145 2209 2210 2225 2231 2237 2240 2251 2252 2256 2257 2258 2276 2289 2290 2297 2307 2324 2325 2326 2328 2338 2354 2356 2364 2369 2371 2381 2384 2386 2398 2411 2433 2440 2456 2474 2485 2490 2507 2508 2510 2516 2535 2542 2544 2550 2565 2576 
2704 75 2135 2225 2231 2237 2251 2256 2324 2325 2356 2371 2375 2411 2416 2516 2550 2576 
2660 164 2066 2114 2116 2135 2144 2145 2210 2231 2252 2323 2324 2325 2328 2356 2381 2398 2411 2474 2485 2506 2510 2516 2542 2550 2576 
2689 38 2257 2325 2398 2485 
2667 126 2276 2325 2398 2474 2507 
2690 26 2116 2225 2231 2325 2356 2550 
2691 44 2134 2324 2328 2398 2485 2508 2535 2565 2576 
2692 19 2135 2325 2338 2576 
2693 149 2066 2134 2209 2252 2289 2290 2297 2324 2328 2354 2371 2381 2411 2416 2426 2433 2485 2510 2516 2542 2550 2576 
2706 18 2325 2565 
2694 18 2398 2474 
2695 7 2325 
2696 64 2135 2144 2225 2237 2325 2328 2354 2356 2485 2576 
2697 45 2066 2134 2144 2231 2323 2326 2328 2411 2535 2544 2565 
2698 15 2144 2297 2325 2356 
2711 13 2144 2307 2506 
2719 21 2134 2252 2328 2544 
2727 33 2251 2289 2297 2328 2474 2485 2510 
2733 3 2206 2237 
2737 16 2135 2398 
2740 28 2102 2120 2410 2560 
2744 39 2416 2490 2535 
2747 79 2145 2257 2289 2290 2328 2411 2485 2510 2565 
2746 25 2066 2102 2256 2328 2340 2474 
2752 7 2398 
2757 5 2102 
2760 23 2066 2145 2258 2398 2516 
2765 29 2144 2257 2273 2511 2544 
2768 40 2120 2174 2264 2323 2375 2416 2542 2547 2560 
2774 46 2114 2323 2328 2474 2506 2535 
2775 35 2120 2174 2285 2297 2328 2410 2440 2576 
2778 22 2416 2433 
2780 3 2560 
2787 4 2517 
2788 4 2102 2410 
2789 3 2257 
2790 173 2114 2116 2120 2135 2144 2160 2174 2209 2231 2256 2297 2322 2324 2326 2398 2411 2440 2474 2510 2516 2535 2542 2544 2576 
2791 15 2297 2375 2411 2547 
2792 18 2120 2174 2264 2375 
2793 6 2576 
2796 8 2416 
2802 9 2354 2535 
2804 16 2209 2252 
2807 5 2535 
2808 2 2398 
2811 19 2066 2398 2433 
2544 11 2328 
2815 11 2102 2322 2323 
2822 43 2114 2174 2256 2322 2323 2354 2416 2535 
2654 104 2116 2144 2210 2252 2297 2307 2324 2371 2411 2416 2470 2485 2508 2510 2535 2550 2576 
2799 8 2565 
2830 6 2120 2323 2547 2560 
2834 5 2072 
2831 39 2256 2328 2381 2474 
2832 50 2323 
2833 7 2371 
2838 21 2290 2535 
2840 14 2174 2256 2264 2375 2470 2501 
2851 44 2356 2485 2506 2508 2535 
2855 16 2225 2264 
2856 5 2264 
2857 1 2264 
2858 3 2264 2516 
2859 139 2144 2145 2237 2264 2307 2328 2398 2485 2506 2508 2516 2517 2542 2565 
2860 5 2542 
2866 6 2470 
2862 4 2470 
2863 5 2470 
2871 282 2066 2116 2134 2135 2145 2210 2225 2231 2240 2251 2252 2256 2257 2290 2297 2323 2325 2328 2364 2369 2371 2381 2384 2386 2398 2411 2456 2470 2474 2485 2506 2516 2544 2550 2552 2560 
2872 87 2114 2135 2225 2323 2470 2506 2508 2535 2544 
2883 28 2277 2323 
2885 5 2323 
2467 4 2470 
2896 1 2470 
2568 4 2470 
2886 3 2470 
2887 1 2470 
2888 1 2470 
2464 1 2470 
2889 14 2398 2470 
2890 1 2470 
2891 1 2470 
2892 1 2470 
2893 1 2470 
2894 1 2470 
2895 1 2470 
2898 2 2174 2297 
2901 4 2174 
2899 1 2174 
2900 29 2066 2134 2174 
2903 8 2398 
2904 18 2323 2411 2565 
2907 6 2398 
2908 12 2535 2542 
2909 57 2135 2237 2384 2398 2485 2516 2535 
2912 33 2072 2135 2231 2251 2325 2356 2371 2416 2456 2474 2576 
2913 11 2066 2375 2398 2416 
2918 3 2375 
2923 35 2252 2256 2307 2328 2375 2411 2474 2485 2535 
2924 2 2375 
2925 19 2547 
2932 62 2145 2328 2485 2547 2565 
2935 36 2517 
2939 7 2411 
2940 123 2114 2135 2210 2240 2251 2273 2290 2297 2324 2325 2338 2433 2485 2510 2565 2576 
2941 11 2535 
2947 10 2485 2547 
2948 26 2251 2371 2547 2550 
2949 1 2547 
2950 13 2323 2547 2560 
2951 19 2145 2297 2547 2576 
2953 10 2338 2371 2485 
2958 47 2066 2134 2225 2256 2323 2328 2411 2474 2510 
2964 70 2066 2134 2210 2225 2237 2256 2384 
2967 238 2066 2114 2129 2134 2144 2145 2209 2210 2237 2240 2252 2256 2257 2290 2297 2325 2326 2328 2354 2356 2364 2371 2381 2384 2398 2411 2433 2456 2474 2485 2506 2516 2517 2565 2576 
2968 55 2135 2225 2251 2258 2297 2542 2576 
2972 357 2134 2144 2145 2237 2240 2273 2328 2364 2369 2381 2440 2507 2511 2517 2552 2565 2576 
2974 15 2565 
2978 6 2237 
2980 1 2560 
2986 3 2371 
2987 9 2371 
2988 55 2252 2257 2328 2485 2565 
2989 10 2371 2565 
2991 7 2066 
2994 3 2237 
2995 10 2323 2324 
2998 3 2323 
2999 7 2323 
3007 15 2251 2323 2398 
3000 43 2114 2144 2225 2323 2411 
3001 7 2323 2485 2542 
3002 5 2323 2364 
3008 1 2323 
3003 1 2323 
3009 51 2145 2252 2290 2297 2323 2328 2433 2508 2565 2576 
3004 3 2323 
3005 28 2066 2210 2256 2297 2323 2474 2576 
3006 31 2225 2256 2323 2325 2356 2371 
3010 123 2135 2160 2209 2251 2252 2257 2297 2324 2325 2326 2356 2411 2485 2510 2544 2565 
2707 103 2066 2225 2237 2251 2289 2325 2328 2338 2356 2364 2384 2398 2474 2516 2535 2565 
3015 44 2258 2328 2398 
3017 3 2256 
3018 19 2256 2565 
3020 52 2116 2135 2225 2231 2325 2328 2356 2371 2474 2576 
3021 7 2325 
3024 52 2066 2135 2225 2231 2307 2411 2485 2510 2542 
3025 4 2237 
3026 175 2066 2134 2135 2145 2209 2225 2237 2251 2252 2307 2324 2328 2338 2354 2371 2384 2411 2485 2508 2510 2516 2535 2544 2550 2565 
3027 39 2456 2576 
3028 189 2145 2209 2210 2231 2237 2252 2256 2257 2297 2326 2328 2371 2398 2426 2485 2510 2535 2550 2576 
3031 50 2206 2231 2371 2398 2485 2542 2565 2576 
3032 216 2066 2134 2135 2252 2257 2285 2289 2290 2326 2328 2354 2398 2411 2485 2508 2516 2550 2565 2576 
3033 45 2135 2251 2289 2290 2297 2328 2371 2474 2485 2550 
3034 38 2145 2231 2237 2328 2398 2440 
3035 13 2237 
2713 200 2066 2134 2144 2209 2210 2252 2257 2289 2290 2297 2307 2324 2325 2328 2338 2356 2384 2398 2411 2416 2474 2485 2506 2508 2510 2516 2535 2542 2544 2565 2576 
3037 7 2256 
3038 1 2256 
3039 14 2256 2328 2398 
3040 7 2256 
3041 14 2256 2371 2440 2542 2576 
3042 1 2256 
3043 1 2256 
3044 6 2256 2474 
3046 10 2251 2411 
3056 44 2114 2144 2209 2251 2290 2411 2416 2485 
3053 9 2474 
3055 52 2114 2209 2231 2257 
3057 48 2516 
3059 32 2237 2251 2328 2371 2474 2485 2506 
3047 12 2251 2411 
3060 4 2251 
2356 57 2114 2134 2210 2289 2324 2328 2510 2544 2565 
3062 42 2116 2135 2225 2231 2371 2474 2485 
3071 1 2251 
3072 25 2135 2251 2325 2356 2371 2550 
3073 34 2066 2251 2364 2485 2506 2510 
3074 1 2251 
3075 2 2251 
3076 1 2251 
3077 4 2411 
3078 1 2411 
3081 20 2066 2135 2565 
3084 62 2114 2160 2210 2398 2411 2485 
3087 8 2354 2371 
3088 37 2066 2225 2237 2398 2506 2508 
3090 12 2371 2485 
3092 81 2135 2225 2369 2433 2576 
3098 37 2116 2135 2225 2231 2371 
3095 37 2116 2135 2225 2231 2371 2565 
3096 3 2542 
3101 2 2072 
3107 10 2210 2297 2485 2535 
2842 124 2066 2135 2144 2209 2231 2252 2290 2297 2324 2328 2356 2398 2416 2474 2485 2508 2510 2542 2565 2576 
3108 8 2237 
3110 21 2328 2369 2381 
2003 63 2231 2307 2325 2338 2411 2508 2516 2565 
3115 5 2565 2576 
3120 8 2474 
3125 16 2325 2485 2576 
3127 15 2411 2576 
3144 88 2209 2237 2290 2307 2324 2338 2356 2371 2456 2485 2508 2510 2535 
3145 18 2145 2240 2328 
3147 6 2066 2225 
3148 26 2297 2328 2398 
3150 10 2066 
3159 9 2237 
3165 1 2550 
3166 1 2550 
3167 1 2550 
3168 79 2129 2289 2328 2398 2508 2576 
3172 13 2371 
3173 7 2371 
3174 1 2371 
3175 41 2257 2371 2411 2485 2508 2565 
3176 6 2371 
3180 24 2225 2290 2297 2324 2328 2510 2542 
3190 10 2354 2398 
3188 20 2328 2565 
3189 10 2066 2576 
3192 56 2072 2210 2297 2325 2485 2510 
3191 68 2277 2354 2398 
3196 22 2257 2485 
3199 13 2135 2237 2338 2485 
3200 8 2114 2411 2565 
3202 8 2576 
3208 6 2237 2384 
3209 41 2225 2237 2290 2576 
3212 1 2237 
3213 1 2237 
3215 1 2237 
3214 1 2237 
3216 2 2237 
3210 3 2237 
3217 1 2237 
532 1 2237 
3219 1 2237 
3220 1 2237 
3221 1 2237 
1509 1 2237 
3211 2 2237 
3218 1 2237 
3222 1 2237 
3223 1 2237 
3224 1 2237 
3225 13 2225 2328 2456 
3233 3 2285 
3238 28 2225 2342 2381 2511 2516 
3242 6 2576 
3252 37 2134 2209 2324 2338 2485 2510 2542 
3256 19 2066 2364 2398 2411 
3257 1 2116 
3258 95 2145 2328 2356 2398 2516 2535 2565 
3260 8 2576 
3262 9 2297 2565 
3274 69 2398 2516 2576 
3276 79 2072 2134 2210 2240 2297 2328 2416 2485 2510 2565 
3291 58 2240 2290 2326 2328 2356 2517 2565 
3296 2 2576 
3297 51 2114 2210 2338 2356 2565 
3301 15 2114 
3304 31 2257 2297 2338 2411 2485 2542 2565 
3305 5 2565 
3309 4 2474 
3310 18 2356 2474 
3311 1 2474 
3313 5 2328 
3315 13 2258 
3290 36 2237 2252 2290 2325 2485 2510 2535 
3316 3 2398 
3317 15 2134 2210 2328 2508 2535 
3321 18 2237 2325 
3322 1 2325 
3323 2 2325 
3325 6 2290 2356 
3326 18 2356 
3333 15 2290 2485 
3334 13 2398 
3338 3 2114 
3343 13 2209 2510 
3345 35 2145 2297 2398 2440 2542 
3349 9 2209 2252 
3350 55 2144 2145 2237 2398 
3352 273 2066 2114 2134 2144 2145 2240 2252 2257 2289 2297 2324 2326 2328 2338 2354 2369 2381 2384 2398 2411 2433 2485 2506 2510 2516 2517 2535 2544 2565 2576 
3353 1 2565 
3354 5 2565 
3306 7 2535 
3361 2 2338 
3366 63 2328 2364 2433 2507 2535 2565 2576 
3373 12 2328 
3375 43 2290 2328 2411 2485 2510 2542 2544 
3377 4 2297 
3378 41 2160 2297 2384 2398 2411 2456 2485 
3379 19 2209 2252 2290 2297 2576 
3380 42 2290 2297 2324 2328 2411 2485 2510 2576 
3381 180 2290 2297 2433 2511 2542 
3382 1 2297 
3383 2 2297 
3384 3 2297 2398 
3385 1 2297 
3388 15 2565 
3391 4 2508 
3392 33 2066 2324 2510 2544 2576 
3394 156 2066 2129 2144 2209 2237 2252 2257 2324 2326 2328 2381 2398 2411 2485 2508 2510 2565 2576 
3402 122 2237 2252 2324 2364 2369 2381 2398 2516 2517 
3404 89 2114 2257 2276 2290 2324 2485 
3390 60 2258 2338 2364 2398 2516 2576 
3422 3 2485 
3417 30 2134 2237 2257 2354 2411 2565 
3434 1 2338 
3433 9 2338 
3435 4 2384 
3436 1 2576 
3437 1 2576 
3440 1 2576 
3441 2 2576 
3443 20 2328 2456 2508 2565 2576 
3438 1 2576 
3444 2 2252 2576 
3445 21 2381 2398 2535 2576 
3439 88 2144 2206 2209 2210 2290 2324 2440 2510 2576 
3447 271 2237 2258 2285 2326 2328 2354 2364 2369 2456 2576 
3449 314 2144 2145 2237 2240 2258 2276 2354 2369 2381 2398 2456 2490 2507 2516 2517 2576 
3450 27 2144 2240 
3451 98 2066 2129 2144 2289 2326 2456 2506 2517 2565 
3452 131 2237 2240 2328 2354 2381 2456 2516 2535 2565 
3453 319 2144 2145 2237 2240 2258 2326 2354 2364 2369 2381 2398 2433 2440 2456 2516 2517 2565 2576 
3454 148 2129 2134 2144 2210 2237 2289 2328 2384 2398 2456 2506 2517 2535 2565 
3455 68 2144 2145 2326 2364 2516 2517 
3456 241 2144 2145 2240 2276 2289 2328 2354 2364 2369 2381 2386 2398 2433 2440 2456 2516 2565 2576 
3457 166 2066 2114 2129 2144 2160 2257 2289 2326 2364 2369 2381 2398 2485 2516 2565 
3458 69 2114 2257 2485 2508 2510 
3459 92 2276 2398 2440 2516 
3460 22 2326 
3461 101 2066 2144 2252 2277 2326 2398 2552 
3462 54 2144 2326 2354 2398 2456 
3466 17 2209 2535 
3468 3 2324 
3469 23 2535 
3470 21 2209 2252 
3472 15 2237 2285 2440 
3479 102 2066 2134 2237 2328 2364 2369 2499 2516 
3480 18 2506 
3481 17 2290 2324 2485 
3482 24 2209 2252 2257 2324 2485 2506 
3483 20 2144 2209 
3477 53 2209 2210 2252 2257 2411 2485 2508 2510 2535 2565 
3478 42 2511 
3488 16 2066 2328 2506 
3492 3 2285 
3495 3 2285 
3496 10 2144 2542 
3491 2 2285 
2524 7 2508 
3498 114 2237 2290 2326 2381 2398 2456 2490 2516 2535 
3499 3 2285 
3509 1 2542 
3512 9 2209 2328 2485 2510 
3518 6 2398 
3519 48 2134 2145 2237 2328 2398 2485 2516 2565 2576 
3521 29 2066 2328 2485 2535 
3522 71 2134 2328 2364 2384 2398 2565 
3523 28 2257 2324 2411 2485 2510 
3525 16 2114 2510 
3526 6 2411 2485 
3527 64 2114 2257 2411 2485 2508 2544 2565 
3386 12 2066 2398 
3531 1 2290 
3532 5 2290 
3539 2 2508 
3541 81 2066 2114 2145 2210 2307 2506 2508 2544 2565 
3542 5 2485 
3508 11 2328 2535 
3553 8 2252 
3555 14 2324 2328 
3556 14 2114 
3557 10 2257 
3560 16 2516 2565 
3562 40 2066 2210 2328 2506 
3567 18 2324 2384 2485 2565 
3568 147 2066 2134 2257 2328 2384 2398 2485 2506 2516 2576 
3569 42 2114 2210 2485 2508 2565 
3576 4 2252 
3577 1 2252 
3587 15 2324 
3586 156 2160 
3589 5 2510 
3528 13 2257 2411 2565 
3591 13 2517 
3593 26 2237 2354 
3594 2 2384 
3598 4 2354 
3601 52 2276 2324 2369 2398 
3597 13 2066 2328 2485 2565 
3603 12 2237 
3607 24 2145 2237 2328 2516 2535 
3611 22 2257 2324 2411 2485 2510 
3614 205 2066 2145 2257 2258 2276 2328 2364 2381 2507 2508 2516 2535 2576 
3615 144 2066 2144 2145 2237 2240 2252 2307 2328 2381 2398 2411 2508 2516 2535 2544 
3622 22 2257 2485 2510 2544 
3624 64 2210 2237 2240 2485 2516 2544 2565 
3630 32 2066 2240 2276 2398 
3631 91 2066 2145 2258 2328 2364 2369 2381 2398 2433 2517 2535 2544 
3633 48 2066 2114 2252 2384 2411 2508 2565 
3634 82 2240 2276 2398 2490 
3635 63 2066 2129 2289 2328 2535 
3636 11 2508 2576 
3641 212 2066 2134 2144 2145 2160 2210 2276 2307 2326 2328 2398 2433 2507 2516 2544 2565 2576 
3642 362 2160 2276 2277 2285 2398 2433 2440 2490 2507 2535 2576 
3643 44 2144 2276 2354 2398 
3645 40 2066 2210 2289 2328 
3646 9 2210 
3654 1 2324 
3653 2 2324 
3655 9 2324 
3658 39 2237 2257 2328 2485 2510 
3659 38 2066 2289 2307 2544 
3660 87 2066 2252 2289 2508 2516 2535 2544 2565 
3661 36 2066 2134 2210 2328 
3665 20 2223 2535 
3666 144 2134 2144 2210 2240 2252 2307 2326 2328 2369 2398 2456 2490 2506 2517 2535 2544 
3667 6 2066 
3673 5 2398 2510 
3678 17 2114 2565 
3682 75 2066 2114 2328 2433 2508 2565 
3683 6 2398 
3685 2 2237 
3686 3 2384 
3692 8 2398 
3688 4 2289 
3691 95 2289 2398 
3714 15 2066 2384 
3723 7 2508 
3724 93 2066 2134 2210 2289 2328 2508 2516 2544 2565 
3571 45 2328 2398 2485 
3725 4 2411 
3728 85 2066 2398 2506 2508 2516 
3729 11 2066 2328 
3735 3 2210 
3731 15 2411 
3746 1 2485 
3747 4 2485 
3748 30 2289 2354 2485 2516 
3749 4 2485 
3750 2 2485 
3751 11 2485 
3752 15 2328 2485 
3753 1 2485 
3754 6 2485 2565 
3720 11 2066 2210 
3761 2 2535 
3765 1 2411 
3766 9 2411 
3767 16 2066 2210 2411 2565 
3770 22 2210 2535 
3785 18 2398 2411 2565 
3786 99 2066 2252 2258 2273 2277 2354 2398 2535 2576 
3787 232 2129 2134 2145 2237 2252 2258 2326 2328 2354 2369 2398 2456 2506 2516 2517 2535 2565 
3792 27 2516 
3796 113 2144 2145 2237 2364 2381 2398 2516 2576 
3794 46 2129 2237 2354 2456 2565 
3798 23 2066 2210 2328 2508 2535 
3804 5 2066 2506 
3806 45 2134 2398 2565 
3812 53 2145 2506 
3813 94 2134 2258 2289 2381 2398 2516 2565 
3814 47 2210 2252 2506 
3815 20 2114 2210 2276 2506 2544 
3830 20 2240 2516 2565 
3834 1 2114 
3835 35 2114 2354 2398 2456 
3836 1 2114 
3837 1 2114 
3839 5 2328 2544 
3842 15 2508 
3843 18 2565 
3850 2 2565 
3851 2 2565 
3854 82 2066 2134 2237 2258 2328 2364 2398 2433 2516 
3871 5 2237 2384 
3869 5 2237 2384 
3872 15 2066 2210 2237 2328 2384 
3895 1 2307 
3897 9 2307 2565 
3896 1 2307 
3902 43 2144 2145 2326 2398 2517 
3904 1 2544 
3905 2 2289 2544 
3906 1 2544 
3907 1 2544 
3910 33 2535 
3912 17 2134 2508 
3916 42 2328 
3917 29 2237 2328 2440 2456 
3924 5 2210 2508 
3927 1 2508 
3928 2 2328 2508 
3929 2 2508 
3930 5 2398 2508 
3931 1 2508 
3932 4 2508 
3948 26 2134 2565 
3949 30 2210 2384 2506 
3956 85 2066 2145 2160 2276 2364 2398 2535 2576 
3959 2 2535 
3960 23 2398 2516 2535 
3961 16 2210 2252 2535 
3965 89 2134 2144 2328 2398 2499 2535 2576 
3969 90 2240 2328 2354 2433 2535 2565 
3971 7 2535 
3973 33 2134 2328 
3976 145 2144 2240 2276 2354 2364 2369 2398 2517 2535 2565 
3977 14 2066 2144 2398 
3979 3 2535 
3980 2 2328 
3981 1 2535 
3987 1 2535 
3982 20 2276 2398 2535 
3989 2 2535 
3983 4 2535 
3984 2 2535 
3990 1 2535 
3985 32 2066 2511 2535 
3986 1 2535 
4000 4 2210 
4001 28 2145 2289 
4006 2 2210 
4007 15 2134 2210 2433 
4013 21 2066 2369 2535 2565 
4016 2 2210 2384 
4015 2 2210 
4020 6 2328 
4027 6 2129 
4034 4 2072 
4036 147 2066 2134 2258 2364 2384 2440 2506 2516 2576 
4040 104 2144 2145 2237 2240 2277 2506 2535 2576 
4039 9 2384 
4041 68 2354 2381 
4042 21 2066 2384 
2981 44 2145 2328 
4044 89 2145 2237 2240 2364 2398 
4045 257 2144 2145 2237 2240 2276 2364 2381 2433 2440 2456 2507 2511 2516 2517 2565 
4046 89 2326 2342 2511 2517 2565 
4053 2 2384 2506 
4055 3 2506 
4056 23 2506 
4057 1 2506 
4059 4 2398 
4063 27 2144 
4077 77 2145 2237 2328 2354 2364 2381 2517 2565 
4065 131 2129 2134 2144 2289 2328 2565 
4068 6 2066 
4070 111 2258 2354 2364 2516 2565 2576 
4071 17 2507 
4072 29 2237 2240 2326 
4073 115 2134 2144 2276 2381 2386 2398 2516 2535 
4074 33 2066 2129 2328 2565 
4082 15 2398 
4099 155 2160 2240 2258 2326 2354 2369 2398 2516 2535 
4104 3 2354 
4116 12 2160 2398 
4120 3 2328 
4121 2 2328 
4076 86 2066 2134 2144 2160 2328 2381 2398 2433 2456 2516 2535 
4122 1 2328 
4123 25 2066 2134 2289 2328 
4124 50 2066 2072 2129 2134 2229 2289 2326 2328 2364 2499 2565 
4125 2 2328 
4126 2 2328 
4127 41 2066 2134 2144 2237 2240 2328 2369 2381 2398 
4128 9 2066 2328 
4129 2 2328 
4130 2 2328 
4131 1 2328 
4132 1 2328 
4133 2 2328 
4134 2 2328 
4135 2 2328 
4136 26 2134 2328 
4137 7 2328 
4138 64 2289 2328 2398 2516 2565 
4139 1 2328 
4140 12 2328 
4141 5 2328 
4142 37 2240 2328 2517 2565 
4143 1 2328 
4144 76 2066 2145 2160 2328 2354 2398 2490 
4145 2 2328 
4146 1 2328 
4147 2 2328 
4148 6 2289 2328 
4149 2 2328 
4150 16 2328 
4151 84 2144 2145 2328 2381 2516 
4152 43 2145 2328 2381 2433 2565 
4153 1 2328 
4154 1 2328 
4162 16 2134 
4155 5 2066 
3819 10 2134 
4187 9 2576 
4189 11 2066 
4190 2 2066 
4194 2 2066 
4191 20 2066 2134 2144 2398 
4192 7 2066 
4195 1 2066 
4199 8 2144 2433 
4201 2 2134 
3995 57 2276 2516 2535 
4211 65 2289 2326 2456 2516 2565 
4212 53 2145 2237 2289 2516 
4214 9 2129 
4219 112 2144 2145 2240 2354 2364 2369 2381 2433 2456 2516 2517 
4220 3 2240 
4222 41 2145 2240 2354 2381 2398 2433 2516 
4223 7 2240 2326 
4224 17 2240 2517 
4221 42 2240 2535 
4225 1 2240 
4234 3 2289 
4245 2 2516 
4250 2 2144 
4229 4 2134 
4255 9 2134 
4261 24 2289 2456 
4273 23 2398 2433 
4276 52 2258 2507 2516 
4292 4 2398 
4295 17 2369 2565 
4297 38 2276 2354 2398 2440 2535 
4313 5 2433 
4315 29 2289 2364 2381 2398 
4324 8 2565 
4325 3 2565 
4326 7 2433 2565 
4327 2 2565 
4328 1 2565 
4329 12 2516 2565 
4338 40 2354 2398 2535 
4335 32 2398 2535 
4347 55 2223 
4353 80 2258 2354 2398 2516 
4355 50 2364 
4364 39 2354 2433 
4363 22 2398 2516 
4377 11 2145 
4383 4 2223 
4379 5 2516 
4404 1 2289 
4412 2 2398 
4415 17 2237 
4416 11 2535 
4428 12 2364 2381 
4429 12 2386 2517 
4431 4 2144 
4437 70 2517 2565 
4440 6 2144 
4441 202 2354 2364 2517 
4442 18 2381 2516 
4443 7 2516 
4447 14 2456 
4448 36 2144 2145 2398 2433 
4459 4 2144 
4465 4 2433 
4468 18 2258 
4483 153 2276 2354 2364 2381 2386 
4486 20 2145 2552 
4488 50 2145 2440 2535 
4489 15 2535 
4500 2 2433 
4509 11 2364 2381 
4511 15 2326 
4523 1 2433 
4527 14 2342 2369 
4531 14 2398 
4534 19 2516 
4536 81 2258 2364 2381 2398 
4543 2 2398 
4547 45 2144 2145 
4550 100 2258 2354 2398 2516 
4557 16 2276 2507 
4563 11 2364 
4564 33 2145 2326 2398 2535 
4574 40 2354 2398 2516 
4582 5 2381 2398 
4587 27 2145 2535 
4588 11 2326 
4594 1 2144 
4595 3 2144 
4596 1 2144 
4597 1 2144 
4598 71 2160 2440 
4600 15 2237 
4487 31 2354 2369 2516 
4632 228 2223 2276 2285 2369 2490 2535 
4633 12 2456 2517 
4652 8 2516 
4653 114 2354 2386 2398 2516 2552 
4659 3 2237 
4661 19 2517 
4662 46 2398 2576 
4664 6 2145 2456 
4647 11 2145 2326 2565 
4665 9 2145 
4673 96 2440 2535 
4671 7 2398 2456 
4681 20 2223 2326 
4686 57 2354 2369 2381 2398 2516 
4687 23 2237 2285 2440 2456 
4688 59 2237 2326 2456 
2621 8 2160 
4717 62 2381 2456 2516 2565 
4718 46 2354 
4712 121 2364 2398 2535 2565 
4725 36 2381 2456 
4726 15 2369 
4733 4 2517 
4739 11 2456 
4756 34 2326 2354 2369 2398 2456 2576 
4757 6 2456 
4748 38 2326 2364 2398 
4764 53 2398 
4765 4 2354 
4774 13 2326 2456 
4781 27 2276 2456 2516 
4782 2 2456 
4792 62 2273 2565 
4798 4 2223 
4814 20 2364 
4813 46 2440 
4818 28 2237 2354 2364 2516 
4824 101 2276 2277 2342 2364 2398 2516 2576 
4829 78 2364 
4832 7 2237 
4857 1 2237 
4833 6 2237 2354 
4834 1 2237 
4835 1 2237 
4836 1 2237 
4837 2 2237 
4838 2 2237 
4839 1 2237 
4840 4 2237 
4858 1 2237 
4841 1 2237 
4842 2 2237 
4843 24 2237 2354 2398 2565 
4844 2 2237 
4859 30 2237 2381 2516 
4860 2 2237 
4845 1 2237 
4846 34 2237 2381 2398 
4847 1 2237 
4848 1 2237 
4849 2 2237 
4850 3 2237 
4861 1 2237 
4862 4 2237 
4851 3 2237 
4852 3 2237 
4863 1 2237 
4853 5 2237 
4854 2 2237 
4855 2 2237 
4856 3 2237 
4879 28 2565 
4894 79 2364 
4899 169 2276 2364 2369 2381 2398 2440 2516 2576 
4923 3 2160 
4929 9 2381 2516 
4934 6 2398 2433 
4943 31 2381 
4947 10 2364 
4948 214 2354 2364 2369 2381 2398 2576 
4964 60 2364 2369 2398 2516 
4966 25 2398 2576 
4967 361 2160 2258 2273 2276 2364 2381 2398 2433 2440 2490 2507 2511 2516 2565 2576 
4974 44 2576 
4976 23 2354 2364 
4980 16 2398 2516 
4981 53 2398 2440 
4982 43 2398 2516 
4977 3 2369 
4988 23 2276 2490 2516 
4993 4 2386 
5002 115 2276 2398 2511 2565 
5006 28 2342 2369 2516 
5008 27 2369 2516 
5012 14 2398 
5022 172 2160 2285 2433 2490 2535 
5020 139 2276 2354 2381 2398 2516 2565 
5039 7 2364 
5053 52 2511 
5061 13 2386 
5069 5 2364 
5067 2 2364 
5068 10 2364 
5079 271 2273 2276 2285 2369 2381 2398 2433 2440 2516 2535 2565 2576 
5081 5 2398 
5102 54 2565 
5109 1 2516 
5111 7 2381 2516 
5110 84 2354 2369 2381 2386 2516 
5112 1 2516 
4828 168 2273 2516 2565 
5118 13 2381 2386 
5119 18 2381 2398 
5121 9 2160 
5123 69 2160 2276 2398 2490 2535 
5125 54 2273 2386 2490 
5050 11 2354 
5140 51 2273 2369 2440 
5150 13 2398 2576 
5152 4 2369 
5160 12 2285 
5171 41 2258 
5173 122 2565 
5174 6 2398 
5175 35 2398 2516 2576 
4795 73 2276 2511 
5176 139 2258 2276 2398 2507 2516 2552 2576 
4310 278 2160 2258 2276 2285 2354 2398 2440 2490 2507 2516 2576 
5179 217 2160 2258 2276 2376 2398 2535 2565 2576 
5180 49 2258 2354 2507 2576 
5181 41 2398 2516 2552 
5184 68 2258 2276 2398 2516 2576 
5185 152 2160 2273 2277 2433 2535 
5187 31 2398 2490 
5188 211 2160 2258 2398 2433 2440 2511 2516 2535 
5189 312 2160 2258 2276 2277 2354 2398 2516 2535 2552 2576 
5190 80 2258 2398 2516 2576 
5198 6 2354 2398 
5199 22 2535 
5217 21 2369 
5246 44 2276 2354 
5250 14 2398 
5254 33 2160 2398 
5262 59 2490 
5263 75 2258 2277 2354 2398 2490 2507 2516 2576 
5283 2 2398 
5285 21 2398 2516 
5295 22 2398 
5296 16 2354 
5301 61 2276 2285 
5312 9 2398 2516 
5317 18 2398 
5321 32 2398 
5324 16 2354 
5342 30 2354 
5343 2 2354 
5344 3 2354 
5345 1 2354 
5346 1 2354 
5347 2 2354 
5348 1 2354 
5382 19 2258 2398 
5391 37 2258 2516 
5404 40 2398 2535 
5423 48 2376 2535 
5437 26 2490 2507 
5439 66 2273 
5445 63 2507 
5455 8 2398 
5457 44 2276 2277 2490 
5479 28 2490 2535 
5487 30 2535 
5462 19 2398 2552 
5499 3 2398 
5515 7 2398 
5524 389 2160 2273 2433 2440 2565 
5526 6 2398 
5531 243 2160 2273 2276 2285 2433 2440 2565 
5532 26 2285 2535 
5193 18 2440 
5543 137 2276 2507 2511 2535 2565 
5553 46 2258 2490 
5562 13 2277 
5577 8 2398 
5582 105 2160 2276 2433 
5584 12 2398 2440 
5591 27 2398 
5600 8 2258 2535 
5601 2 2398 
5604 7 2398 
5605 11 2398 
5606 28 2398 2576 
5607 1 2398 
5608 16 2398 2516 2535 
5612 66 2160 2276 2398 2440 2535 
5609 1 2398 
5610 2 2398 
5611 1 2398 
5613 1 2398 
5614 7 2398 
5615 3 2398 
5616 15 2398 
5617 22 2398 2565 
5624 28 2440 2507 
5630 36 2516 
5639 4 2258 
5644 21 2273 2516 
5655 139 2160 2276 2511 
5656 5 2276 
5647 8 2576 
5684 18 2258 2276 
5691 49 2490 
5696 50 2535 
5697 230 2160 2273 2433 2440 2490 2507 2565 
5714 44 2576 
5717 1 2576 
5739 45 2273 2440 2507 
5773 75 2511 2565 
5787 32 2276 
5796 191 2160 2276 2440 2535 2565 
5800 222 2565 
5802 385 2433 2440 2511 2565 
5806 83 2565 
5804 33 2276 
5809 21 2276 
5810 29 2440 2535 
5812 41 2535 
5814 144 2160 2276 2535 
5816 84 2160 2273 2285 2440 2535 2565 
5817 75 2160 2433 2511 2535 
5818 67 2285 
5819 61 2276 2440 2507 
5821 22 2160 2285 2440 2565 
5822 98 2160 2285 2440 
5824 41 2565 
5857 92 2276 2285 2535 
5864 1 2490 
5866 1 2490 
5868 3 2490 
4767 14 2535 2565 
5908 19 2535 
5871 50 2440 
5934 42 2276 2535 
5952 14 2440 
5998 81 2511 2565 
6006 68 2433 2440 2535 
6024 17 2160 2433 
6032 80 2565 
6038 6 2440 
6042 1 2276 
6043 39 2276 
6072 54 2223 
6082 18 2535 
6097 26 2160 
6146 9 2535 
6179 7 2440 
6196 2 2535 
6201 2 2535 
6207 4 2535 
6223 17 2285 2440 
6241 75 2565 
6245 8 2565 
6243 35 2160 
6271 11 2440 
6272 76 2160 2440 
6280 52 2565 
6286 3 2535 
6295 3 2565 
6299 78 2160 2535 2565 
6305 190 2160 2285 2433 2440 2511 
4406 1 2535 
5995 2 2535 
6355 1 2535 
6356 2 2535 
6359 81 2433 
6380 4 2223 
6381 3 2433 
6327 108 2285 
6414 21 2565 
6443 70 2160 2433 2565 
6458 28 2160 
6461 6 2565 
6483 28 2160 
6486 85 2511 
6488 22 2160 
6494 101 2160 
6500 8 2160 
6510 54 2160 
6519 1 2433 
6520 2 2433 
6521 1 2433 
6522 29 2160 2433 
6523 33 2433 
6524 8 2433 
6525 17 2433 2565 
6526 11 2160 2433 
6460 58 2440 
6538 21 2285 
6563 58 2440 2565 
6577 10 2160 2440 
6578 1 2285 
6579 1 2285 
6580 1 2285 
6586 1 2285 
6581 1 2285 
6582 1 2285 
6583 1 2285 
6587 1 2285 
6584 1 2285 
6588 1 2285 
6585 1 2285 
6596 177 2223 2565 
6608 18 2160 
6618 91 2565 
6619 104 2511 
6615 160 2160 2511 2565 
6616 18 2565 
6624 135 2511 2565 
6714 100 2565 
6717 4 2160 
6744 2 2160 
6753 4 2160 
4401 9 2223 
6781 8 2160 
6790 11 2565 
6793 1 2160 
6794 1 2160 
6795 2 2160 
6848 14 2565 
6855 14 2565 
6620 93 2511 2565 
6902 28 2511 
6913 44 2511 2565 
6906 49 2511 
6907 191 2223 2511 
6934 65 2565 
6976 41 2511 
6991 18 2565 
7011 3 2565 
7052 142 2565 
7047 161 2223 
7056 37 2565 
7057 118 2565 
7063 16 2565 
7064 3 2565 
7065 1 2565 
7080 70 2511 
7090 11 2565 
7126 3 2511 
7142 4 2511 
7172 2 2511 
7173 2 2511 
7228 7 2565 
7231 101 2565 
7280 89 2223 
7301 27 2223 
7362 8 2565 
7378 38 2565 
7391 52 2223 
7490 27 2223 
7564 31 2565 
7569 4 2565 
7580 19 2565 
7605 3 2565 
5910 1 2565 
7675 25 2223 
7743 13 2223 
7810 9 2223 
7818 23 2223 
7964 11 2223 
7980 15 2223 
8005 2 2223 
