11 743 4212 4231 4247 4256 4261 4263 4266 4269 4289 4290 4297 4299 4335 4384 4417 4422 4424 4463 4485 4510 4528 4531 4547 4578 4613 4661 4662 4706 4709 4719 
12 65 4233 
14 114 4247 
15 50 4561 4600 4645 4658 
20 187 4373 
24 309 4261 4276 4299 4310 4338 4349 4373 4463 4485 4510 4706 4709 4712 
36 227 4303 4483 4574 4578 4712 4717 
37 20 4310 4735 
42 89 4261 4709 
44 44 4687 
47 146 4256 4735 
53 39 4235 4335 4389 4666 4735 4764 
29 150 4666 
27 102 4335 4400 4448 4715 
66 44 4588 4687 
72 164 4276 4335 
86 122 4247 4338 4687 4719 
71 109 4735 4780 
87 195 4332 4338 4400 4453 4485 4510 4632 4687 4712 4715 4735 4748 
90 72 4335 4666 4735 
103 68 4536 4666 
68 275 4211 4212 4231 4247 4290 4310 4335 4338 4351 4373 4453 4485 4536 4574 4584 4587 4588 4604 4613 4631 
109 190 4361 4401 4441 4483 4536 4632 4687 4709 4712 4715 4717 4748 
110 95 4435 
122 213 4247 4263 4266 4289 4335 4365 4384 4400 4417 4422 4453 4463 4530 4531 4578 4662 4687 4712 4719 
127 132 4234 4269 4373 4424 4453 4735 
136 99 4335 4412 4530 4536 4713 4717 
138 72 4661 
147 58 4310 4365 4384 
154 61 4310 4531 
171 70 4689 
173 334 4310 4709 
178 63 4297 4483 4578 4646 4715 
182 79 4256 
166 93 4233 4463 
187 37 4384 
203 31 4276 4338 
216 8 4735 
231 50 4338 
265 31 4266 
270 14 4432 
291 35 4233 4261 4266 4466 4661 4662 4666 4719 4735 4776 4780 
302 13 4557 
306 244 4290 4299 4365 4661 
308 142 4233 4373 4687 
310 230 4471 4482 
311 321 4435 4534 4578 4650 4712 4735 
319 199 4297 4310 4335 4527 4551 4587 4632 
335 46 4234 4365 4551 4632 4709 
150 28 4373 4403 4536 
336 31 4289 
346 86 4266 4335 4424 4661 4666 4735 
351 11 4735 
371 117 4335 4338 4424 4661 4735 
395 42 4341 4709 
407 145 4335 4735 
325 25 4233 
425 79 4373 4530 
432 157 4261 4400 4551 4578 4587 4600 4653 4666 4687 4706 
434 6 4361 
447 15 4735 
449 9 4400 4402 4735 
456 5 4687 
457 732 4231 4233 4247 4256 4263 4269 4297 4315 4335 4361 4400 4401 4412 4441 4448 4482 4483 4488 4507 4510 4527 4530 4534 4536 4547 4574 4587 4600 4613 4621 4653 4666 4687 4689 4709 4712 4713 4715 4717 4735 4748 4764 
467 12 4247 
445 4 4547 
546 142 4424 4453 4463 4536 4578 4712 4719 
549 4 4256 
553 22 4712 
556 121 4276 4338 4735 
564 15 4735 
580 30 4653 4709 
583 26 4687 
582 34 4212 4261 4536 4562 4584 4605 4661 4662 4666 4728 4735 
601 9 4234 
600 214 4276 4289 4310 4338 4384 4441 4510 4709 
633 55 4211 4534 
634 150 4290 4297 4323 4400 4424 4748 
635 66 4261 
637 25 4335 4712 
643 46 4735 
645 16 4315 
663 158 4269 4400 4424 4480 4485 
667 19 4463 4600 4687 
665 7 4687 
689 47 4666 
690 3 4600 
695 118 4269 4365 4384 4480 4587 4639 4712 4735 
704 81 4661 
710 105 4735 
722 264 4266 4735 
737 232 4298 4335 4401 4432 4441 4632 4712 4713 
742 93 4234 4261 4384 4385 4386 4424 4605 
697 100 4212 4266 4574 4661 4666 4735 
749 66 4289 4335 4400 4666 4715 
759 77 4338 4653 4666 4777 
763 68 4297 4335 4712 
764 34 4269 
766 773 4212 4219 4247 4256 4261 4263 4266 4269 4289 4290 4297 4298 4299 4310 4315 4323 4335 4338 4341 4400 4422 4435 4448 4453 4463 4471 4480 4482 4485 4488 4500 4510 4527 4528 4529 4530 4531 4534 4547 4551 4557 4578 4583 4587 4588 4600 4604 4613 4631 4632 4646 4653 4661 4662 4666 4687 4689 4706 4709 4712 4713 4715 4717 4719 4735 4748 4764 4777 4780 
788 113 4453 4687 
784 224 4256 4263 4349 4373 4384 4424 
789 317 4212 4219 4266 4297 4315 4335 4338 4355 4400 4441 4448 4482 4527 4530 4551 4587 4600 4632 4687 4706 4712 4715 4717 
795 60 4289 4297 4384 4735 
798 16 4349 4351 4365 4373 4384 4417 4424 
805 90 4289 4384 
813 272 4256 4263 4269 4289 4290 4402 4578 4613 4653 4712 4735 
816 29 4289 4463 
825 165 4261 4310 4412 4417 4463 4530 4551 4578 4678 4687 4735 
841 61 4335 4645 
844 45 4453 4666 
854 99 4385 4712 4717 
856 91 4233 4361 4584 
852 39 4453 4687 
865 97 4247 4276 
879 122 4212 4261 4266 4290 4323 4335 4359 4385 4402 4448 4463 4485 4528 4531 4550 4578 4613 4639 4661 4662 4735 
896 26 4310 
908 9 4735 
787 12 4212 
947 27 4247 4297 4385 4400 4735 4777 
956 42 4338 
971 72 4365 
974 36 4373 4384 4735 
986 77 4365 
988 292 4256 4290 4384 4401 4432 4578 4735 
993 238 4256 4365 4424 
994 45 4384 
996 297 4234 4266 4289 4315 4323 4335 4384 4400 4424 4448 4510 4530 4574 4600 4661 4666 4712 4735 
1000 60 4527 
1006 138 4422 4510 
1004 12 4335 
1011 6 4365 
1012 7 4373 
1018 5 4335 4728 
1009 44 4263 
1024 41 4510 4706 4735 
1032 39 4712 
1037 86 4266 4335 4510 
1041 49 4453 4468 4587 
1042 41 4412 4653 
1043 21 4424 
1051 46 4453 
1055 196 4290 4530 4536 4735 
1062 156 4256 4263 4269 4531 
1063 29 4717 
1064 16 4212 
1074 95 4412 4507 4709 4712 4713 4717 
1075 74 4276 4448 4666 
1097 88 4247 4256 4310 4335 4530 4735 
1098 305 4401 4483 4632 4666 4764 
1111 60 4247 4310 4400 
1125 37 4578 4735 
1128 13 4424 
1127 62 4297 4587 4776 
1132 57 4424 4687 
1133 399 4212 4233 4235 4247 4254 4256 4261 4263 4266 4269 4289 4290 4297 4298 4299 4310 4311 4323 4331 4335 4349 4351 4355 4359 4365 4373 4384 4385 4400 4402 4403 4412 4417 4422 4424 4448 4463 4466 4468 4482 4485 4500 4510 4527 4528 4529 4531 4534 4551 4557 4558 4562 4574 4578 4584 4587 4588 4600 4620 4621 4631 4646 4648 4662 4666 4677 4706 4713 4719 4728 4735 4776 
1137 135 4256 4323 4335 4365 4653 4712 
1142 48 4400 4631 
1151 472 4212 4234 4247 4310 4335 4338 4384 4422 4435 4510 4530 4531 4534 4551 4653 4706 4712 
1166 599 4247 4256 4266 4276 4290 4297 4298 4299 4315 4335 4355 4361 4384 4412 4417 4463 4480 4483 4510 4527 4530 4536 4547 4666 4712 4717 4719 4735 4748 
1167 158 4365 4735 
1179 10 4463 4719 
1193 31 4463 
1200 107 4534 
1204 61 4335 4529 
1207 26 4748 
1210 218 4289 4290 4400 4424 
1211 79 4256 
1228 11 4299 4463 4735 
1236 103 4263 4365 4463 
1241 35 4536 4735 
1247 77 4299 4384 4534 4780 
1253 51 4234 4510 
1267 61 4600 
1278 69 4365 
1280 4 4341 
1286 65 4432 4529 4613 4646 4662 
1285 31 4463 4600 4687 
1291 34 4719 
1305 290 4233 4263 4266 4373 4529 4578 4588 
1319 181 4323 4528 
1335 62 4536 
1336 8 4687 
1353 30 4276 4338 
1356 20 4373 
1357 91 4256 
1375 4 4480 
1374 462 4233 4247 4269 4276 4310 4335 4338 4341 4361 4435 4448 4530 4534 4536 4600 4632 4653 4666 4712 4777 
1395 199 4261 4263 4600 4706 
1428 183 4349 4706 
1184 79 4212 4261 4613 4631 4648 4661 4719 4735 
1462 48 4233 4247 
1463 26 4219 4453 
1468 20 4212 4424 
1466 24 4247 
1470 156 4297 4335 4400 4645 4687 4712 4735 
1471 72 4263 4536 
1473 91 4266 4338 4706 4709 4719 
1492 157 4422 4715 4735 
1496 210 4261 4310 4400 4402 4411 4463 4709 4735 
1497 28 4735 
1500 48 4299 4735 
1506 41 4349 
1522 139 4234 4247 4256 4263 4400 4424 4453 4463 4510 4588 4735 
1537 68 4335 4528 4536 4551 4578 4735 
1542 244 4233 4247 4297 4310 4338 4422 4448 4483 4485 4527 4534 4547 4578 4587 4613 4645 4646 4661 4666 4712 4715 4717 4748 
1552 81 4254 4266 4335 4735 
1549 587 4211 4247 4256 4261 4263 4266 4272 4276 4289 4290 4299 4303 4310 4323 4335 4338 4349 4400 4448 4463 4468 4527 4528 4530 4536 4574 4578 4587 4600 4632 4646 4653 4661 4666 4712 4719 4776 
1550 42 4256 4290 4323 4349 4365 4373 4384 4424 4613 
1554 6 4310 
1566 46 4256 
1585 102 4269 
1594 114 4480 
1596 29 4256 
1608 355 4234 4247 4256 4290 4338 4361 4365 4384 4530 4531 4604 4712 
1612 68 4507 4666 4713 
1614 73 4335 4600 4706 4735 
1530 11 4632 
1621 80 4290 4578 
1622 50 4578 
1623 39 4335 4717 
1639 36 4748 
1644 48 4600 
1661 66 4269 4323 4402 4453 4482 4580 4687 
1667 55 4310 4341 4536 4547 
1647 19 4315 
1678 3 4654 
1680 4 4315 4373 
1687 6 4528 
1691 50 4247 4435 
1701 112 4276 4310 4338 4373 4483 4527 4551 4574 4578 4600 4709 4712 4715 4735 
1697 70 4349 4373 4530 4687 
1700 93 4231 4441 4453 4735 
1707 34 4578 
1717 96 4453 4735 
1719 10 4712 
1730 45 4384 4735 
1733 42 4335 4735 
1734 55 4310 4335 
1748 76 4351 4424 4463 4480 4500 4588 4605 
1762 47 4412 4441 4709 4712 4713 
1767 97 4247 4290 4453 
1769 67 4361 4712 
1796 38 4483 4536 4717 4748 
1799 48 4662 4735 
1811 43 4349 4536 4574 4632 
1803 19 4297 
1807 8 4247 4653 
1808 129 4256 4338 4453 4735 
1813 41 4531 4552 4578 
1814 105 4299 4422 4777 
1816 10 4335 
1823 49 4247 4315 4587 4600 4706 
1835 73 4247 4338 4424 4468 4632 
1838 57 4233 
1833 6 4247 
1847 47 4400 4712 4735 
1865 6 4666 
1874 9 4276 
1875 33 4269 4289 4735 
1891 36 4256 
1896 51 4266 4536 4547 
1915 33 4310 4587 
1922 204 4297 
1937 13 4276 
1946 4 4323 
1961 5 4247 
1964 13 4666 4719 
1972 181 4448 4600 4604 4712 4713 
1980 47 4335 4662 
1982 29 4536 
1985 56 4485 4735 
1986 17 4735 
1990 36 4233 4384 4709 4712 4735 
2001 39 4355 4361 4448 4666 
2009 63 4289 4687 
2010 27 4687 
2011 3 4687 
2033 22 4276 4338 4510 
698 11 4216 
2050 4 4335 
2065 50 4338 
2093 55 4709 
2102 45 4335 4351 
2109 47 4234 4247 4266 4338 4424 4463 4510 4536 4661 4666 4735 
2115 16 4574 
2117 23 4735 
2118 113 4297 4299 4400 4448 4463 4735 
2120 122 4261 4466 4536 4735 4780 
2129 44 4234 4290 4299 4335 4424 4463 4510 4528 4531 4547 4578 4735 
2134 14 4256 4289 4290 4299 4323 4365 4386 
2135 146 4234 4266 4335 4448 4463 4530 4534 4536 4604 4661 4712 4735 4748 4777 
2144 23 4218 4266 4349 4687 4735 
2145 145 4234 4266 4289 4335 4384 4400 4424 4485 4574 4587 4687 4735 
2171 16 4713 
2174 65 4231 4269 4687 
2186 61 4269 4338 4574 4604 
2210 17 4233 4735 
2215 15 4384 4735 
2217 11 4384 
2223 15 4401 
2226 28 4266 4661 
2229 143 4234 4256 4289 4290 4297 4323 4349 4365 4373 4384 4385 4402 4411 4417 4422 4424 
2237 241 4212 4234 4256 4261 4263 4266 4269 4276 4289 4290 4299 4335 4365 4384 4417 4422 4424 4448 4453 4463 4485 4510 4528 4551 4574 4578 4600 4613 4653 4661 4662 4666 4687 4719 4735 
2240 108 4256 4351 4471 4528 4536 
2246 8 4735 
2249 38 4361 
2256 247 4218 4231 4247 4335 4400 4677 4678 4735 4780 
2257 49 4719 
2258 95 4349 4510 4666 4712 4715 
2264 58 4234 4247 4261 4417 4510 4530 4706 4712 
2276 32 4298 4400 
2277 8 4335 
2290 120 4384 4402 
2297 164 4233 4263 4269 4299 4338 4400 4453 4510 4528 4578 4604 4687 4706 
2298 48 4231 4269 4289 4297 4349 4365 4417 4424 
2299 67 4448 4587 
2322 19 4349 
2323 111 4385 4400 4510 4531 4687 
2326 252 4233 4235 4247 4256 4263 4269 4290 4297 4298 4323 4349 4373 4384 4402 4411 4417 4424 4468 4480 4500 4578 4735 
2328 215 4247 4256 4269 4323 4483 4604 4709 4712 4717 
2364 14 4424 
2365 77 4510 4528 4530 4536 4719 4735 
2369 189 4219 4276 4297 4310 4315 4401 4432 4448 4507 4530 4536 4547 4587 4712 
2371 124 4256 4323 4361 4653 
2375 49 4289 4331 4365 4384 4500 4528 4712 
2381 71 4247 4269 4315 4335 4453 4547 4687 4735 
2379 45 4233 4247 4269 4480 4552 4557 
2384 72 4233 4247 4289 4536 4600 4687 
2387 66 4276 4315 4335 4400 4448 4574 4587 4600 4653 4712 
2398 62 4528 4578 4735 
2410 34 4310 4400 
2411 141 4218 4231 4233 4247 4299 4323 4386 4412 4500 4531 4547 
2427 11 4687 
2437 2 4687 
2440 50 4261 4400 4646 4687 4712 4735 
2444 6 4600 
2451 2 4687 
2452 42 4341 4361 4401 
2456 31 4531 4689 4735 
2475 2 4261 
2473 103 4528 4531 
2480 7 4315 4536 4735 
2481 8 4536 4632 
2485 324 4212 4247 4256 4266 4290 4338 4361 4384 4432 4485 4510 4536 4574 4578 4600 4613 4653 4666 4712 
2488 21 4646 
2493 6 4748 
2496 2 4261 
2504 100 4256 4263 4400 4485 
2506 46 4289 4412 4510 
2510 68 4256 
2516 44 4574 4706 
2535 47 4219 4233 4335 4480 
2542 93 4233 4247 4261 4338 4361 4463 4510 4604 4687 4735 
2547 105 4266 4297 4349 4402 4453 4662 4687 4706 4715 4719 4735 
2549 70 4482 4531 4536 4587 4777 
2566 32 4335 4712 
2557 77 4220 4298 4551 4613 
2559 82 4290 4365 4384 4453 4463 
2560 180 4233 4256 4289 4290 4298 4311 4323 4341 4365 4384 4507 4706 
2564 50 4247 4297 4338 4712 
2565 893 4212 4231 4233 4234 4247 4256 4261 4263 4266 4269 4289 4290 4297 4298 4299 4315 4331 4335 4341 4349 4355 4361 4365 4373 4384 4385 4386 4400 4401 4412 4417 4422 4424 4432 4435 4448 4453 4463 4468 4482 4485 4488 4500 4507 4510 4528 4530 4531 4536 4547 4551 4557 4558 4562 4578 4583 4587 4588 4600 4605 4613 4620 4631 4632 4646 4648 4653 4661 4662 4666 4706 4709 4713 4719 4735 4764 4777 4778 4780 
2576 146 4298 4536 4613 
2587 12 4349 4661 
2585 60 4448 4528 4574 4735 
2592 13 4587 4625 
2595 49 4276 4338 
2596 13 4536 4735 
2474 142 4261 4266 4510 4735 
2599 9 4400 
2605 64 4335 4483 4653 
2609 7 4482 4712 
2611 7 4261 
2612 29 4290 
2623 108 4254 4298 4315 4338 4385 4527 4529 4666 4687 4777 
2619 46 4712 
2645 7 4218 4289 4351 
2646 39 4422 
2651 269 4211 4231 4247 4254 4256 4261 4263 4266 4269 4290 4299 4365 4400 4422 4424 4448 4453 4463 4485 4530 4536 4547 4551 4578 4620 4646 4648 4662 4735 4778 4780 
2653 113 4256 4299 4510 4578 
2655 49 4687 4712 4735 
2657 44 4298 4299 4500 4717 
2658 307 4289 4297 4311 4315 4331 4335 4373 4386 4401 4402 4417 4424 4435 4453 4463 4471 4480 4482 4510 4529 4531 4588 4620 4632 4645 4650 4654 4713 4717 4735 
2674 103 4335 
2677 40 4536 4666 
2680 6 4530 
2683 13 4587 
2708 9 4719 4735 
2699 74 4212 4219 4266 4365 4466 4709 4735 
2700 168 4233 4256 4263 4269 4290 4323 4331 
2686 156 4276 4310 4335 4483 4621 4715 4717 4735 
2702 80 4247 4276 4310 4547 4574 
2688 618 4212 4219 4233 4247 4256 4261 4263 4266 4269 4276 4297 4298 4299 4310 4315 4335 4338 4355 4373 4384 4400 4417 4424 4448 4453 4463 4468 4480 4482 4485 4488 4500 4510 4527 4528 4529 4530 4531 4534 4536 4547 4551 4552 4557 4558 4574 4578 4583 4587 4588 4600 4604 4620 4645 4646 4650 4653 4661 4662 4677 4687 4689 4706 4709 4712 4713 4715 4717 4719 4764 
2704 75 4263 4574 4648 
2660 164 4261 4365 4373 4424 4463 4485 4510 4528 4574 4613 4712 4717 
2689 38 4247 4435 
2667 126 4247 4276 4310 4483 4600 4666 4687 4712 4715 
2691 44 4510 4527 
2693 149 4247 4263 4276 4290 4448 4547 4687 4709 4735 
2694 18 4735 
2696 64 4256 4261 4335 4411 4578 4653 4662 
2697 45 4247 4256 4290 
2719 21 4323 
2727 33 4256 4323 4400 4551 
2737 16 4510 
2744 39 4335 4574 4709 
2747 79 4233 4247 4365 4384 4402 4480 4485 4735 
2746 25 4528 
2760 23 4600 
2765 29 4600 4719 
2774 46 4261 4646 4735 
2775 35 4266 4384 4604 4689 4717 
2778 22 4510 
2790 173 4212 4400 4448 4466 4536 4558 4578 4778 
2793 6 4335 
2811 19 4218 4315 4335 4500 4583 4605 
2819 18 4536 4600 
2654 104 4233 
2831 39 4310 4531 4578 
2832 50 4234 4264 4289 4297 4299 4349 4351 4373 4384 4422 4424 4463 4468 4480 4485 4529 4588 4631 4713 4728 4735 4780 
2851 44 4335 4432 
2859 139 4234 4256 4290 4297 4331 4332 4335 4351 4365 4373 4384 4385 4386 4402 4412 4463 4468 4500 4510 4528 4531 4552 4557 4588 4613 4631 4648 4661 4677 4719 4728 4780 
2867 3 4536 
2871 282 4212 4256 4261 4263 4266 4269 4297 4298 4315 4335 4338 4400 4466 4468 4482 4510 4529 4534 4547 4551 4587 4588 4661 4662 4666 4706 4719 4777 4780 
2883 28 4211 4247 4310 4448 
2889 14 4653 4687 4712 
2900 29 4247 
2903 8 4735 
2907 6 4605 
2909 57 4310 4335 4528 4534 4587 4653 4712 4735 
2912 33 4233 4463 
2917 2 4735 
2923 35 4547 
2932 62 4231 4235 4254 4261 4266 4272 4323 4365 4373 4463 4661 4735 
2935 36 4298 4466 4588 4613 4661 4662 4719 4735 
2940 123 4218 4485 
2951 19 4297 4411 4463 4531 
2958 47 4256 4290 4299 4400 4528 4530 4735 
2964 70 4216 4247 4256 4263 4269 4289 4290 4424 4646 
2967 238 4212 4219 4220 4233 4234 4247 4256 4261 4263 4266 4269 4289 4290 4297 4335 4422 4453 4471 4485 4510 4551 4574 4578 4600 4613 4653 4661 4662 4666 4706 4719 4735 
2968 55 4234 4349 4735 
2972 357 4212 4219 4247 4261 4263 4266 4269 4297 4298 4299 4315 4331 4335 4338 4351 4361 4400 4411 4412 4422 4448 4453 4468 4482 4485 4500 4507 4527 4528 4529 4534 4536 4547 4551 4562 4578 4587 4600 4604 4613 4625 4631 4653 4661 4662 4666 4689 4706 4712 4717 4719 4735 4748 4780 
2983 28 4335 4432 
2988 55 4256 4310 4335 4483 4488 4600 4653 4687 4717 
2989 10 4256 
2995 10 4645 
3007 15 4219 
3000 43 4748 
3009 51 4338 4365 4373 4384 4400 4422 4510 4528 4529 4578 4666 
3010 123 4400 4712 4764 
2707 103 4289 4297 4335 4338 4365 4417 4422 4463 4534 
3015 44 4335 4338 4534 4536 
3024 52 4256 4578 4735 
3026 175 4234 4256 4261 4323 4335 4349 4384 4448 4453 4480 4510 4531 4536 4547 4578 4587 4600 4706 4712 
3027 39 4247 4310 4335 4536 4574 4712 
3028 189 4216 4218 4220 4231 4256 4297 4310 4331 4335 4384 4385 4403 4468 4485 4507 4510 4529 4550 4551 4552 4557 4578 4584 4631 4639 4648 4650 4677 4678 4684 4715 4777 4778 4779 4780 
3032 216 4233 4247 4266 4269 4289 4290 4297 4298 4299 4323 4373 4384 4386 4402 4417 4424 4432 4453 4463 4466 4471 4483 4510 4528 4530 4536 4588 4653 4661 4666 4712 4717 4780 
3033 45 4510 4735 
3034 38 4212 4453 4463 4510 4528 4531 4735 
3035 13 4600 
2713 200 4233 4234 4247 4256 4263 4269 4289 4297 4299 4323 4349 4365 4373 4384 4402 4412 4417 4422 4424 4453 4463 4485 4510 
3040 7 4689 
3041 14 4483 
3057 48 4247 4261 4266 4587 4600 4706 4709 
3059 32 4256 
2356 57 4269 4290 4528 
3072 25 4712 
3073 34 4706 
3081 20 4777 
3084 62 4735 
3086 8 4338 
3088 37 4432 4687 
3090 12 4341 4717 
3092 81 4276 4315 4400 4448 4468 4534 4536 4587 4712 4715 
3094 5 4600 
3103 5 4485 4552 
3106 5 4709 
3107 10 4365 
2842 124 4234 4256 4269 4349 4384 4453 4485 
3108 8 4485 
3109 9 4219 4400 4401 4402 4584 
3110 21 4587 4645 
2003 63 4531 
3137 4 4578 
3142 49 4335 4432 
3144 88 4212 4261 4373 4531 4578 
3145 18 4263 4297 4299 4735 
3148 26 4233 4263 4266 
3159 9 4247 
3168 79 4254 4290 4323 4365 4384 4386 4424 4463 4510 4613 4666 4735 
3172 13 4645 
3173 7 4256 
3175 41 4529 4653 4666 
3181 3 4600 
3190 10 4276 
3188 20 4234 4256 4424 4466 4528 
3189 10 4384 
3192 56 4256 4600 4646 
3191 68 4219 4247 4315 4400 4530 4587 4600 4666 4712 
3202 8 4373 
3208 6 4600 
3209 41 4315 4338 4482 4587 
3225 13 4256 
3227 19 4261 4536 
3238 28 4562 4712 
3249 3 4247 4263 
3258 95 4233 4338 4424 4453 4463 4480 4510 4531 
3274 69 4266 4448 4466 4483 4485 4547 4562 4574 4578 4717 4719 4735 
3276 79 4216 4233 4256 4269 4289 4290 4323 4613 4631 4661 
3284 20 4557 4712 
3291 58 4365 4385 4424 4531 4578 4712 4713 4735 
3297 51 4384 4401 
3309 4 4298 
3315 13 4587 4613 
3290 36 4212 4531 4587 
3321 18 4600 
3326 18 4662 4735 
3334 13 4290 4299 
3345 35 4709 
3346 5 4507 4735 
3350 55 4261 4299 4448 4485 4510 4528 4587 4653 4662 4706 
3352 273 4212 4233 4234 4247 4256 4263 4266 4269 4289 4290 4299 4315 4323 4335 4349 4355 4365 4373 4384 4400 4412 4417 4422 4424 4448 4471 4480 4482 4485 4510 4528 4531 4536 4547 4551 4587 4613 4666 4712 4717 4719 4735 
3306 7 4349 4453 
3366 63 4272 4298 4310 4331 4335 4365 4386 4448 4466 4500 4574 4712 4777 
3367 3 4263 
3373 12 4263 4269 4323 
3374 4 4534 
3375 43 4299 4385 4528 4536 
3378 41 4463 4510 4600 4735 
3381 180 4488 4536 4666 4709 4713 4764 
3388 15 4510 
3392 33 4583 
3393 10 4335 
3394 156 4256 4289 4290 4297 4299 4315 4373 4385 4386 4400 4402 4424 4528 4536 4578 4719 4735 
3402 122 4261 4266 4297 4299 4335 4349 4400 4453 4463 4480 4485 4547 4578 4600 4613 4661 4666 4719 4735 
3404 89 4289 4310 4448 4482 4527 4712 
3390 60 4335 4338 4530 4653 4706 
3406 4 4587 
3417 30 4310 4448 
3433 9 4212 4661 
3435 4 4510 
3443 20 4234 4531 
3445 21 4247 4335 4422 4712 
3439 88 4216 4220 4269 4351 4365 4402 4403 4510 4531 4536 4712 
3447 271 4212 4261 4266 4298 4310 4335 4355 4361 4400 4448 4483 4529 4530 4547 4551 4574 4587 4588 4653 4654 4661 4662 4666 4677 4678 4687 4712 4713 4715 4717 4735 4776 4777 4778 4780 
3448 3 4578 
3449 314 4212 4247 4261 4297 4299 4310 4315 4335 4338 4400 4422 4448 4453 4463 4466 4482 4483 4485 4527 4528 4530 4531 4534 4536 4547 4551 4574 4587 4600 4613 4631 4646 4653 4661 4662 4666 4687 4706 4712 4715 4717 4719 4735 4776 4777 
3450 27 4528 4531 4578 4613 4646 
3451 98 4212 4216 4231 4234 4235 4254 4263 4266 4269 4289 4297 4311 4323 4331 4332 4335 4349 4365 4373 4384 4385 4386 4402 4403 4417 4422 4466 4471 4557 4661 4662 4666 4684 4735 4776 4778 4780 
3452 131 4212 4266 4297 4298 4310 4349 4400 4402 4424 4480 4527 4528 4530 4534 4551 4588 4600 4653 4661 4706 4712 4719 
3453 319 4212 4219 4261 4266 4297 4298 4299 4310 4315 4335 4338 4355 4400 4417 4448 4463 4466 4468 4482 4485 4488 4528 4530 4531 4536 4547 4551 4574 4578 4587 4600 4613 4653 4661 4662 4677 4678 4706 4709 4712 4717 4719 4728 4735 4748 4776 
3454 148 4212 4261 4263 4269 4289 4290 4297 4299 4311 4331 4335 4384 4412 4424 4463 4485 4510 4528 4531 4551 4557 4578 4613 4661 4662 4666 4719 4735 
3455 68 4212 4297 4547 4551 4588 4646 4661 4666 4735 
3456 241 4256 4263 4269 4289 4290 4297 4299 4310 4338 4351 4361 4384 4385 4400 4402 4417 4422 4424 4448 4453 4463 4483 4485 4510 4531 4536 4557 4574 4578 4587 4588 4600 4605 4613 4653 4706 4709 4712 4715 4719 4735 
3457 166 4290 4298 4315 4323 4335 4417 4422 4466 4468 4510 4529 4536 4552 4557 4558 4562 4583 4648 4706 4719 4778 
3458 69 4338 4483 4547 4551 
3459 92 4310 4355 4400 4448 4574 4600 4653 4712 4764 
3460 22 4463 4662 
3461 101 4256 4266 4269 4297 4335 4529 4536 4578 4587 4613 4625 4631 4646 4648 4650 4658 4666 4677 4678 4713 4777 4778 4779 
3462 54 4212 4266 4338 4466 4510 4613 4712 4776 
3463 56 4212 4261 4266 4466 4485 4510 4528 4531 4551 4578 4613 4662 4706 4719 4735 
3466 17 4735 
3469 23 4335 4485 
3472 15 4534 4654 
3479 102 4233 4263 4269 4289 4299 4323 4332 4335 4351 4365 4385 4422 4480 4483 4485 4574 4600 4661 4662 
3480 18 4735 
3482 24 4290 
3478 42 4289 4338 4527 
3488 16 4365 
3496 10 4485 4531 
3498 114 4335 4448 4530 4534 4536 4587 4600 4653 4666 4712 4735 
3519 48 4247 4263 4400 4448 4587 4600 
3521 29 4384 4453 4482 4485 4735 
3522 71 4441 4510 4551 4552 4558 4584 4620 4631 4661 
3530 3 4349 
3538 2 4687 
3540 4 4349 
3541 81 4256 4417 4424 4578 
3508 11 4735 
3554 6 4373 
3557 10 4558 4562 
3560 16 4299 4402 4463 4481 4485 
3562 40 4256 
3563 3 4341 
3567 18 4335 
3568 147 4233 4235 4256 4261 4263 4265 4269 4289 4297 4299 4323 4335 4373 4417 4448 4483 4530 4536 4547 4551 4578 4605 4653 4662 4706 4712 4735 
3569 42 4653 
3587 15 4488 
3586 156 4218 4310 4401 4435 4441 4483 4632 4687 4709 4712 4748 
3591 13 4299 4480 4578 
3593 26 4247 
3600 12 4219 
3601 52 4216 4297 4310 4400 4530 4578 
3614 205 4233 4256 4290 4297 4298 4310 4315 4335 4338 4400 4422 4448 4482 4483 4500 4510 4527 4530 4534 4551 4574 4587 4600 4653 4654 4666 4712 4715 
3615 144 4233 4256 4263 4269 4289 4290 4299 4349 4365 4384 4417 4422 4424 4463 4480 4485 4531 4547 4578 4587 4666 
3624 64 4290 4299 4335 4359 4384 4422 4448 4485 4528 4529 4587 
3630 32 4299 4373 4510 4531 
3631 91 4231 4233 4290 4297 4335 4349 4424 4510 4550 4661 4735 
3633 48 4349 
3634 82 4212 4247 4323 4335 4361 4384 4448 4530 4574 4587 4646 4666 4712 
3635 63 4233 4247 4256 4265 4290 4297 4311 4331 4332 4373 4384 4386 4402 4403 4453 
3639 12 4261 4662 
3641 212 4247 4254 4269 4297 4298 4310 4335 4349 4400 4488 4536 4547 4587 4600 4632 4645 4653 4662 4687 4709 4712 4713 4764 
3642 362 4247 4276 4310 4338 4361 4483 4488 4527 4530 4534 4536 4574 4604 4689 4709 4712 4713 4715 4717 4748 4764 
3643 44 4297 4298 4310 4530 4578 4712 
3645 40 4263 4299 4365 4373 4403 4417 4422 4463 4510 4528 4531 
3658 39 4448 4666 
3659 38 4263 4289 4297 4411 4417 4424 
3660 87 4234 4247 4256 4289 4297 4299 4349 4365 4373 4384 4422 4424 4453 4463 4485 4510 4528 4531 
3661 36 4289 4359 4365 
3662 10 4335 
3665 20 4507 4536 
3666 144 4219 4256 4266 4272 4331 4384 4422 4448 4466 4530 4534 4536 4547 4600 4653 4661 4666 4712 4777 4780 
3673 5 4315 4547 
3682 75 4233 4247 4256 4269 4289 4323 4331 4351 4373 
3692 8 4338 
3691 95 4218 4233 4234 4310 4335 4359 4424 4448 4481 
3719 14 4290 4299 
3724 93 4233 4234 4247 4254 4256 4263 4269 4289 4299 4349 4373 4384 4412 4422 4424 4463 4480 4485 4510 
3571 45 4289 4310 4335 4463 
3725 4 4528 
3728 85 4220 4261 4289 4335 4349 4400 4417 4463 4480 4536 4587 4600 4709 4712 4719 4735 4777 
3731 15 4453 4480 
3743 10 4297 
3748 30 4256 4261 4299 4557 4653 4677 4712 
3751 11 4310 
3762 8 4323 4453 
3766 9 4646 4735 
3767 16 4384 4385 4403 4510 4529 
3775 12 4218 
3777 11 4297 4373 4384 4402 4413 4417 4424 
3782 3 4256 
3785 18 4666 
3786 99 4310 4335 4530 4536 4574 4666 4712 4777 
3787 232 4247 4263 4266 4290 4315 4335 4349 4361 4365 4384 4400 4483 4530 4536 4551 4578 4613 4661 4666 4712 4713 4715 4735 4776 4777 
3792 27 4335 4578 4717 
3796 113 4212 4261 4266 4297 4335 4482 4528 4531 4534 4547 4562 4574 4578 4587 4613 4653 4661 4666 4719 4735 4778 
3794 46 4247 4297 4335 4338 4361 4653 4712 
3798 23 4485 
3803 10 4212 4551 
3806 45 4263 4290 4299 4417 4463 
3812 53 4448 4468 4578 4587 4600 4735 
3813 94 4256 4263 4269 4323 4335 4349 4359 4384 4424 4463 4480 4534 4536 
3814 47 4269 4299 4386 4402 
3823 2 4735 
3830 20 4735 
3835 35 4266 4335 4466 4588 4661 4706 4712 
3843 18 4266 4335 4448 4620 
3845 8 4315 4712 
3854 82 4256 4297 4335 4485 4510 4530 4547 4578 4653 4706 4712 
3855 6 4335 
3869 5 4600 
3872 15 4269 4365 
3873 4 4712 
3876 3 4645 
3877 13 4266 
3881 2 4335 
3897 9 4335 4485 4551 
3902 43 4212 4220 4261 4266 4466 4613 4646 4648 4661 4662 4666 4677 4735 4776 4778 4780 
3910 33 4401 4735 
3912 17 4231 4247 4263 4269 4323 
3916 42 4335 4536 4653 4709 
3917 29 4263 4384 4422 4485 4500 4687 4706 4735 
3918 4 4335 
3919 15 4315 4547 4587 4687 4717 
3922 7 4661 4779 
3930 5 4719 
3945 2 4266 
3948 26 4233 4234 4247 4263 4297 
3955 3 4233 
3956 85 4219 4261 4290 4310 4323 4335 4365 4384 4402 4463 4468 4528 4531 4578 
3958 15 4269 4485 4531 4689 
3960 23 4453 
3962 4 4557 
3965 89 4269 4299 4578 4687 
3969 90 4261 4266 4323 4331 4480 4485 4536 4587 4645 4662 4666 4706 4712 4719 4780 
3973 33 4216 4256 4263 4269 4272 4289 4290 4303 4311 4331 
3976 145 4211 4212 4219 4220 4298 4335 4338 4401 4402 4500 4529 4536 4547 4551 4558 4562 4583 4584 4588 4621 4631 4650 4678 4684 4712 4717 4735 4776 4777 4780 
3977 14 4256 4578 
3980 2 4373 
3983 4 4534 
3985 32 4261 4335 4578 4661 
3991 7 4666 
3992 2 4463 
4001 28 4219 4220 4261 4365 4536 4662 4678 4719 
4007 15 4269 4290 
4008 7 4448 4780 
4013 21 4315 4712 
4020 6 4256 4263 
4027 6 4384 4402 
4036 147 4233 4335 4338 4341 4488 4530 4574 4600 4653 4712 
4037 15 4256 4402 
4040 104 4219 4266 4400 4401 4402 4529 4531 4578 4584 4678 4706 4735 4776 4778 4780 
4041 68 4266 4298 4335 4355 4530 4653 4687 4712 4715 4719 4780 
4042 21 4233 4247 
2981 44 4661 4662 
4044 89 4216 4218 4219 4261 4266 4297 4335 4466 4468 4485 4529 4531 4551 4552 4557 4562 4578 4583 4588 4605 4613 4631 4639 4646 4648 4650 4666 4677 4678 4713 4719 4728 4778 4779 4780 
4045 257 4212 4261 4266 4297 4299 4310 4315 4338 4417 4453 4463 4485 4500 4510 4521 4527 4528 4534 4536 4547 4551 4552 4574 4578 4588 4613 4646 4661 4666 4687 4689 4706 4712 4715 4717 4719 4748 
4046 89 4212 4298 4361 4558 4661 4666 4678 4706 
4051 1 4510 
4056 23 4234 4424 4453 4463 
4062 4 4578 
4063 27 4299 4310 4335 4689 4735 
4077 77 4247 4266 4297 4384 4400 4448 4463 4480 4528 4529 4547 4613 4666 4712 4735 
4065 131 4216 4218 4263 4269 4290 4299 4331 4365 4373 4402 4417 4422 4424 4453 4463 4468 4485 4510 4529 4531 4536 4551 4578 4604 4613 4620 4666 4713 
4066 5 4480 
4068 6 4323 4448 4528 
4070 111 4276 4297 4299 4335 4338 4400 4417 4422 4424 4448 4453 4463 4468 4480 4482 4530 4534 4536 4547 4587 4645 
4071 17 4483 
4072 29 4298 4335 4578 4588 4621 4735 
4073 115 4211 4256 4266 4297 4298 4310 4315 4323 4400 4448 4530 4547 4551 4687 4735 4776 
4074 33 4297 4323 4384 4402 4417 4424 4547 
4098 8 4218 4266 4269 4485 
4099 155 4233 4335 4355 4361 4466 4483 4530 4536 4547 4645 4661 4662 4666 4677 4712 4713 4715 4728 4776 4778 4780 
4111 16 4216 4256 4263 4269 4290 4297 4331 4422 4424 4453 
4119 6 4706 
4076 86 4212 4218 4233 4247 4256 4263 4266 4269 4290 4335 4480 4662 4719 4735 4776 
4123 25 4247 4256 4263 4269 4323 4402 4578 4735 
4124 50 4220 4247 4290 4323 4332 4365 4385 4424 
4127 41 4256 4298 4402 4424 4463 4528 4531 4578 
4128 9 4237 4256 
4136 26 4216 4233 4247 4256 4263 4269 4290 4323 
4137 7 4256 4289 4323 4402 
4138 64 4231 4234 4254 4256 4289 4290 4299 4335 4417 4422 4424 4453 4463 4466 4480 4485 4500 4530 4600 4653 4666 
4141 5 4299 
4142 37 4256 4289 4290 4299 4359 4402 4422 4424 4480 4558 4646 4713 4735 
4144 76 4218 4256 4289 4335 
4147 2 4463 
4148 6 4349 4403 4411 
4150 16 4531 4735 
4151 84 4234 4247 4400 4422 4463 4531 4558 4562 4578 4587 4600 4613 4662 4666 4712 
4152 43 4233 4234 4266 4297 4298 4335 4351 4424 4485 4531 4562 4613 4666 
4159 2 4220 
4162 16 4263 4269 4289 4290 4709 
4164 3 4341 
4169 9 4216 4265 
4175 8 4712 
4178 3 4351 
3819 10 4233 4235 4424 
4187 9 4531 
4189 11 4298 4315 4557 4666 
4194 2 4485 
4191 20 4400 4531 4557 4558 
4197 7 4412 4551 
4199 8 4233 4247 4463 
4201 2 4216 
4208 2 4247 
3995 57 4310 4335 4448 4482 4547 4574 4587 4645 4653 4712 4715 
4205 5 4297 4335 
4211 65 4212 4234 4261 4297 4335 4373 4385 4386 4402 4417 4471 4661 4662 4666 4706 4719 4735 4780 
4212 53 4448 4483 4529 4547 4551 4587 4631 4639 4666 4777 4780 
4213 3 4365 
4214 9 4234 4422 4424 
4217 1 4218 
4219 112 4212 4261 4266 4297 4335 4400 4401 4528 4529 4547 4578 4600 4613 4620 4661 4662 4678 4706 4713 4717 4719 4728 4735 4776 
4222 41 4335 4463 4510 4528 4536 4578 4646 4666 
4224 17 4266 4605 4661 4735 4776 
4221 42 4323 4483 4536 4547 4653 
4228 3 4231 
4232 3 4233 4485 4561 
4234 3 4233 4424 
4093 1 4235 
4236 1 4237 
4240 1 4247 
4243 1 4247 
4244 1 4247 
4241 1 4247 
4242 1 4247 
4245 2 4247 
4246 1 4247 
4252 5 4299 
4229 4 4263 4269 
4255 9 4263 4266 4297 
4259 1 4263 
4260 1 4263 
4261 24 4212 4263 4266 4531 4661 4662 4677 4709 4719 
4269 3 4335 4661 
4266 11 4269 4687 4735 
4267 1 4269 
4273 23 4256 4299 4349 4373 4384 4578 4613 4709 
4276 52 4247 4338 4400 4527 4547 4600 
4282 6 4256 4335 4588 
4283 1 4256 
4284 1 4256 
4285 2 4256 
4290 2 4531 
4291 4 4290 
4292 4 4290 
4295 17 4297 4299 4500 4536 
4296 1 4299 
4297 38 4299 4315 4400 4528 4712 4717 4735 
4298 9 4261 4299 
4307 3 4349 
4312 5 4578 4728 
4313 5 4510 
4315 29 4297 4373 4402 4654 4666 4735 
4316 8 4335 
4317 3 4402 
4320 2 4417 
4324 8 4384 4402 
4325 3 4384 4424 
4327 2 4528 
4329 12 4219 4463 4666 4712 4735 
4338 40 4600 4709 4712 
4335 32 4448 4485 4529 4578 4645 4653 4735 
4345 2 4349 
4346 1 4349 
4340 1 4349 
4342 10 4212 4349 4365 
4341 1 4349 
4343 7 4349 
4347 55 4349 4435 4507 4613 
4344 3 4349 4373 4384 
4348 1 4349 
4351 4 4510 4531 
4353 80 4310 4335 4338 4400 4448 4587 4600 4713 
4354 6 4335 
4355 50 4400 4448 4483 4530 4531 4600 4653 4654 4748 
4360 1 4365 
4361 6 4365 4666 
4364 39 4361 4365 4400 4432 4528 4578 
4362 1 4365 
4363 22 4365 4453 4463 4666 
4366 2 4687 
4368 1 4373 
4369 2 4373 4632 
4371 6 4219 4373 4557 
4370 1 4373 
4372 1 4373 
4375 3 4384 
4377 11 4384 4661 4719 
4378 1 4384 
4383 4 4384 4401 
4379 5 4384 4661 
4380 1 4384 
4381 1 4384 
4382 1 4384 
4393 1 4402 
4394 1 4402 
4399 1 4402 
4322 1 4402 
4395 3 4402 
4400 5 4219 4402 
4396 1 4402 
4397 1 4402 
4398 9 4400 4401 4402 
4412 2 4417 
4414 1 4417 
4415 17 4220 4335 4417 4557 4588 4706 
4416 11 4338 4417 
4422 15 4424 4453 
4423 1 4424 
4425 2 4297 
4426 5 4613 4666 
4428 12 4297 
4429 12 4335 4468 4485 4531 4557 4661 
4430 6 4620 4621 
4431 4 4261 
4433 24 4261 4529 4531 4551 4552 4557 4558 4562 4661 4662 4666 
4435 3 4666 
4437 70 4261 4266 4468 4536 4578 4613 4646 4661 4666 4719 
4438 6 4400 
4440 6 4613 
4441 202 4219 4297 4310 4315 4341 4400 4401 4435 4448 4482 4483 4547 4551 4574 4613 4620 4687 4689 4712 4715 4717 4719 4735 
4442 18 4266 4297 4600 4706 4717 
4443 7 4276 4735 
4446 2 4661 
4448 36 4355 4400 4529 4531 4536 4547 4578 4587 4648 4717 
4449 1 4453 
4451 9 4453 4510 
4452 1 4453 
4450 1 4453 
4455 22 4297 4529 4536 4539 4578 4631 
4458 2 4220 4463 
4459 4 4463 
4460 2 4463 4531 
4461 2 4463 
2047 1 4463 
4462 1 4463 
4464 1 4422 
4465 4 4422 4552 
4467 1 4234 
4468 18 4234 4448 4557 
4471 2 4712 
4470 1 4471 
4473 1 4480 
4474 2 4480 
4477 2 4261 4480 
4476 16 4480 4777 
4478 1 4480 
4475 1 4480 
4479 1 4480 
4485 12 4335 4661 4712 
4482 7 4485 4587 4712 
4483 153 4310 4485 4500 4547 4587 4653 4712 4715 4748 
4486 20 4536 4587 4631 
4488 50 4310 4400 4530 
4489 15 4661 
4492 2 4510 
4509 11 4297 
4511 15 4212 4266 4661 4719 4735 
4524 9 4335 4500 
4526 5 4528 4529 
4527 14 4528 4536 4645 4748 
4531 14 4219 4578 4583 4584 4588 4735 
4530 9 4531 4678 4780 
4533 3 4531 
4534 19 4531 4648 4712 
4535 5 4531 4578 
4536 81 4219 4297 4298 4335 4338 4529 4530 4531 4557 4578 4653 4666 
4540 1 4541 
4542 9 4544 
4543 2 4544 
4547 45 4298 4557 4613 4648 4666 4735 
4550 100 4247 4335 4355 4400 4448 4530 4600 4653 4666 4712 
4557 16 4310 4338 4527 
4553 3 4557 
4554 1 4557 
4555 1 4557 
4556 1 4557 
4560 3 4561 4661 
4564 33 4297 4315 4335 4448 4578 4613 4735 
4565 2 4578 
4566 3 4400 
4574 40 4247 4578 
4575 2 4578 4735 
4576 10 4448 4530 4536 4578 
4577 2 4578 
4581 3 4297 
4582 5 4583 4728 
4586 9 4335 4466 4778 4779 4780 
4587 27 4212 4261 4448 4483 4662 
4588 11 4261 4266 4661 4719 
4595 3 4468 
4598 71 4211 4401 4536 
4600 15 4400 
4603 1 4605 
4604 7 4605 4712 
4612 1 4613 
4618 4 4646 
4619 1 4620 
4487 31 4551 4587 4666 4735 
4632 228 4212 4261 4276 4297 4310 4315 4338 4355 4361 4412 4435 4482 4483 4534 4574 4588 4621 4653 4666 4715 
4633 12 4212 4261 4666 4706 
4636 1 4468 
4638 1 4639 
4645 1 4646 
4652 8 4530 4653 
4653 114 4315 4335 4355 4400 4448 4468 4482 4530 4536 4547 4574 4587 4600 4625 4631 4632 4645 4661 4748 4777 
4635 1 4220 
4661 19 4261 4335 4547 4662 4719 
4662 46 4361 4536 4666 4780 
4663 10 4335 4588 4661 
4664 6 4666 4706 4712 4735 
4666 24 4247 4687 
4672 2 4666 
4667 1 4666 
4673 96 4219 4483 4587 4604 4654 4666 4677 4687 4689 4712 4715 4717 4748 
4668 1 4666 
4669 13 4529 4666 
4670 1 4666 
4671 7 4625 4666 
4674 3 4666 
4681 20 4298 4588 
4682 14 4261 4298 4551 4661 
4686 57 4338 4441 4534 4587 4645 4653 4661 4717 
4687 23 4266 4335 4588 4661 4706 4735 
4688 59 4212 4261 4266 4335 4551 4661 4662 4706 4719 4735 4776 
4689 1 4661 
4693 2 4261 
4692 1 4261 
4694 1 4261 
4695 1 4261 
4696 1 4261 
4697 1 4261 
4698 1 4261 
4699 1 4261 
4700 1 4261 
4701 1 4261 
4702 1 4261 
4703 1 4261 
4704 1 4261 
4705 3 4261 4728 
4706 3 4261 4266 
4707 1 4261 
4708 1 4261 
4709 25 4261 4338 
4710 8 4261 4706 4735 
4711 1 4261 
4714 3 4719 
4715 11 4298 4341 4400 4719 
4716 1 4719 
2621 8 4719 
4717 62 4310 4448 4483 4536 4587 4666 4712 4719 4748 4764 
4718 46 4315 4482 4653 4719 
4712 121 4247 4310 4335 4361 4483 4534 4574 4717 4735 
4725 36 4547 4551 
4726 15 4219 4315 4448 4468 4587 4728 
4727 1 4728 
4733 4 4335 4735 
4736 1 4735 
4675 1 4735 
4742 2 4735 
4737 3 4735 
4738 1 4735 
4739 11 4335 4600 4706 4735 
4743 2 4735 
4745 2 4735 
4740 1 4735 
4744 2 4335 4735 
4746 18 4654 4735 
4741 3 4735 
4749 3 4706 
4755 1 4266 
4756 34 4266 4335 4588 4653 4776 
4757 6 4266 
4748 38 4298 4468 4500 4507 4527 4776 
4764 53 4488 4536 4547 4712 4717 
4765 4 4588 
4773 1 4776 
4774 13 4212 4776 
4778 1 4780 
4777 2 4778 
4781 27 4335 4574 
4796 4 4534 
4788 20 4551 4764 
4792 62 4400 4507 4653 4666 4706 4777 
4798 4 4212 
4799 2 4212 
4814 20 4777 
4813 46 4587 4632 4687 4689 4709 4713 4748 
4818 28 4219 
4823 1 4706 
4824 101 4310 4335 4338 4500 4534 4574 4600 4653 4706 4777 
4825 2 4706 
4829 78 4315 4400 4448 4482 4587 4600 4712 
4832 7 4361 
4838 2 4600 
4840 4 4600 
4843 24 4247 4335 4600 
4844 2 4600 
4859 30 4547 4551 4717 
4846 34 4335 4400 4448 4587 4600 4632 4653 
4849 2 4600 
4850 3 4600 
4862 4 4276 
4851 3 4600 
4853 5 4588 
4854 2 4600 
4879 28 4219 4341 
4881 4 4530 
4889 2 4588 
4890 1 4588 
4891 7 4335 4588 
4894 79 4310 4335 4448 4483 4600 4653 
4899 169 4219 4247 4297 4310 4315 4335 4361 4400 4448 4482 4483 4534 4547 4574 4587 4600 4654 4689 4717 4748 
4924 10 4536 
4910 2 4687 
4929 9 4219 4536 
4934 6 4335 
4935 1 4335 
4936 2 4335 
4937 17 4298 
4943 31 4297 
4948 214 4247 4297 4315 4335 4338 4400 4401 4432 4435 4448 4482 4547 4587 4600 4653 4666 4712 
4952 3 4600 
4960 8 4748 
4963 13 4547 
4964 60 4297 4310 4448 4574 4604 4653 4715 
4966 25 4297 4536 
4967 361 4247 4297 4310 4315 4335 4338 4355 4400 4448 4482 4483 4488 4500 4527 4530 4534 4536 4547 4574 4587 4600 4604 4625 4653 4666 4687 4689 4709 4712 4713 4715 4717 4748 4764 
4938 12 4600 
4970 8 4482 
4972 2 4298 
4973 8 4654 
4974 44 4310 4315 4574 4587 4653 
4976 23 4310 4482 4574 4587 
4980 16 4335 4777 
4981 53 4335 4587 4604 4712 
4982 43 4247 4335 4536 4653 4654 4712 
4988 23 4247 4310 4551 
4989 7 4298 
4993 4 4297 
4992 4 4632 
4864 4 4587 4632 
5002 115 4310 4315 4400 4448 4483 4536 4604 4632 4653 4709 4713 
5006 28 4219 4335 4536 4547 
5008 27 4587 
5009 14 4547 
5011 10 4687 
5012 14 4335 4666 
5013 7 4448 4587 
5017 9 4335 
5022 172 4441 4488 4507 4574 4604 4687 4689 4709 4748 
5020 139 4335 4400 4441 4482 4500 4530 4653 4666 4777 
5028 43 4361 4653 
5029 26 4400 4600 4653 4712 
5036 4 4654 
5037 18 4530 4536 4712 
5039 7 4297 
5048 6 4488 
5053 52 4335 4632 
5059 26 4666 
5060 3 4653 
5061 13 4527 
5064 1 4654 
5065 1 4654 
5068 10 4712 
5071 1 4297 
5079 271 4218 4219 4247 4310 4335 4338 4361 4400 4401 4448 4468 4483 4527 4530 4534 4536 4547 4574 4587 4625 4631 4653 4666 4687 4712 4715 4717 4748 4777 
5081 5 4247 
5096 14 4310 
5099 14 4276 4335 4587 
5106 33 4335 4400 
5102 54 4507 
5103 127 4361 4401 4435 4483 4536 4604 4666 4709 4717 
5111 7 4536 
5110 84 4400 4448 4483 4547 4645 4687 4712 4715 4717 
4828 168 4448 4482 4488 4530 4621 4666 4712 4717 4748 4764 
5119 18 4247 4547 
5121 9 4715 
5123 69 4310 4335 4338 4534 4536 4574 4712 
5125 54 4483 4507 4534 4687 
5050 11 4247 4587 4653 
5136 1 4536 
5139 11 4547 4645 
5140 51 4448 4482 4547 4574 4604 4689 4712 4717 4748 
5142 4 4448 4653 
5150 13 4400 4530 4536 4547 
5151 3 4645 
5152 4 4645 
5153 5 4645 
5154 3 4645 
5155 24 4315 4400 4448 4468 4482 4645 4712 
5162 5 4600 4666 
5166 48 4310 4361 4600 4604 4709 
5171 41 4310 4335 4483 4574 4653 4712 
5172 29 4310 4335 
5173 122 4247 4432 4536 4764 
5174 6 4653 4712 
5175 35 4247 4335 4530 4534 4536 4653 4666 
4795 73 4401 4432 4500 4536 4653 4666 
5176 139 4247 4276 4310 4335 4338 4400 4527 4530 4534 4536 4587 4600 4631 4653 4666 4712 4777 
5177 101 4310 4483 4536 4709 4712 4715 4717 
5178 19 4310 
4310 278 4247 4315 4338 4341 4400 4448 4483 4527 4530 4534 4536 4574 4587 4600 4632 4653 4666 4687 4709 4712 4715 4717 4748 4777 
5179 217 4247 4276 4310 4335 4338 4361 4483 4530 4534 4536 4600 4653 4666 4687 4712 4715 
5180 49 4527 4534 4536 4574 
5181 41 4247 4335 4574 4600 4631 4653 
5182 14 4534 
5184 68 4247 4315 4400 4448 4482 4587 4600 4653 4777 
5185 152 4335 4483 4488 4709 4712 4713 4715 4748 4764 
5187 31 4530 4536 4574 
5188 211 4247 4338 4483 4488 4530 4534 4536 4574 4600 4604 4653 4666 4689 4709 4712 4713 4717 4748 4764 4777 
5189 312 4247 4310 4335 4338 4341 4361 4400 4441 4448 4483 4500 4534 4574 4587 4600 4631 4653 4687 4712 4717 4777 
5190 80 4247 4335 4355 4400 4448 4587 4600 4653 4666 4712 
5191 10 4338 
5194 10 4483 4653 
5196 32 4315 
5199 22 4483 
5200 15 4432 4448 4587 4632 
5201 15 4335 
5203 15 4400 4587 4653 
5207 13 4631 
5215 8 4310 
5217 21 4335 4448 4536 4712 
5226 17 4310 
5243 19 4315 4400 4587 
5246 44 4361 4400 4687 4712 
5254 33 4361 4536 4713 4717 
5255 8 4448 4587 
5262 59 4211 4310 4527 4574 4625 4717 
5263 75 4335 4338 4448 4527 4530 4536 4587 4600 4666 4777 
5267 2 4335 
5275 2 4315 
5276 9 4315 4713 
5277 1 4315 
5278 1 4315 
5282 4 4400 
5285 21 4335 4448 4530 4536 4587 
5295 22 4400 4530 4536 4777 
5296 16 4400 4712 
5299 1 4587 
5300 1 4587 
5301 61 4310 4483 4527 4574 4653 4717 4748 
5312 9 4335 4653 
5313 12 4448 4600 
5314 1 4448 
5315 1 4448 
5316 24 4448 4574 4709 4712 4715 
5317 18 4448 4536 
5321 32 4335 
5342 30 4310 4632 
5344 3 4653 
4591 2 4712 
5264 7 4536 
5378 17 4401 4507 
5380 2 4400 
5381 4 4400 
5382 19 4400 4666 
5384 2 4400 
5385 1 4400 
5386 3 4400 
5387 1 4400 
5391 37 4530 4536 4687 4712 
5404 40 4276 4310 4335 4361 4536 
5399 8 4310 
5400 4 4600 
5423 48 4361 4483 4687 4715 
5419 9 4534 
5421 4 4500 4777 
5430 6 4712 4748 
5427 37 4310 4653 
5428 3 4712 
5437 26 4527 4574 
5439 66 4401 4441 4488 4687 4748 
5445 63 4361 
5446 26 4361 
5448 3 4687 
5452 17 4335 4530 4712 
5454 19 4335 4361 4530 4712 
5456 2 4712 
5455 8 4247 4712 
5457 44 4310 
5472 16 4574 
5474 8 4600 4653 
5478 9 4600 
5479 28 4276 4574 
5482 12 4600 4653 
5483 1 4600 
5484 22 4310 4600 4653 
5485 21 4310 4600 
5486 1 4600 
5487 30 4335 4435 4600 4666 
5488 1 4600 
5489 12 4600 
5490 1 4600 
5491 1 4600 
5462 19 4631 
5499 3 4666 
5511 3 4335 
5515 7 4666 
5524 389 4310 4341 4361 4432 4435 4483 4488 4507 4536 4604 4632 4666 4689 4709 4712 4713 4715 4717 4748 4764 
5527 2 4689 
5531 243 4310 4335 4341 4412 4441 4488 4530 4534 4536 4604 4632 4689 4709 4712 4713 4748 4764 
5528 6 4335 4500 4777 
5532 26 4276 4335 
5534 14 4653 
5193 18 4335 4712 4717 
5543 137 4310 4483 4488 4527 4715 4764 
5550 11 4310 4689 
5552 8 4338 4687 
5553 46 4335 4338 4653 
5562 13 4335 4530 
5571 1 4666 
5572 1 4666 
5573 1 4666 
5577 8 4335 
5582 105 4310 4536 4666 4709 4713 4717 4748 
5591 27 4335 4687 
5598 1 4247 
5599 1 4247 
5600 8 4247 4500 
5601 2 4247 
5602 1 4247 
5603 3 4247 4500 
5605 11 4536 
5606 28 4335 4534 4574 
5612 66 4276 4530 4536 4687 
5614 7 4335 
5616 15 4338 4712 
5623 2 4335 4653 
5622 2 4777 
5396 12 4500 4536 4625 4777 
5627 3 4777 
5624 28 4625 4717 
5626 4 4335 
5630 36 4653 4712 4748 
5639 4 4335 
5644 21 4276 4335 
5636 1 4777 
5645 1 4777 
5652 1 4500 
5653 1 4500 
5655 139 4310 4361 4507 4653 4712 4717 
5656 5 4653 
5657 2 4653 
5658 10 4335 4653 
5659 1 4653 
5660 2 4653 
5661 3 4530 4653 
5668 4 4335 
5647 8 4335 
5666 5 4335 
5667 5 4335 4507 
5669 1 4335 
5670 2 4335 
5671 3 4335 
5675 8 4530 4574 
5680 4 4530 
5684 18 4338 4483 
5691 49 4211 4483 4534 
5692 21 4338 4536 
5696 50 4604 4712 4715 
5697 230 4338 4401 4412 4483 4488 4527 4536 4574 4604 4666 4687 4689 4709 4712 4713 4717 4748 4764 
5708 7 4483 
5714 44 4687 4715 
5738 14 4536 
5739 45 4748 
5746 1 4338 
5750 4 4338 
5747 2 4338 
5748 1 4338 
5749 2 4338 
5753 4 4712 
5760 3 4310 
5768 13 4534 
5775 42 4435 4709 
5771 9 4632 
5772 15 4536 
5773 75 4361 
5783 23 4310 4527 4574 
5787 32 4276 4310 
5794 1 4625 
5796 191 4310 4361 4483 4488 4527 4536 4604 4689 4709 4712 4715 4717 4748 4764 
5798 12 4715 
5799 23 4715 
5800 222 4218 4310 4666 4712 4764 
5802 385 4341 4361 4401 4435 4483 4488 4507 4536 4604 4632 4666 4689 4709 4712 4713 4717 4748 4764 
5806 83 4361 
5804 33 4483 4574 4712 4715 
5808 6 4687 
5810 29 4604 4712 
5811 79 4361 4412 4488 4536 4713 4748 
5812 41 4687 
5814 144 4310 4401 4432 4536 4709 4712 
5816 84 4361 4536 4604 4666 4687 4689 4715 
5817 75 4361 4483 4632 4687 
5818 67 4401 4432 4483 4488 4536 4689 4713 4764 
5819 61 4310 4527 4689 
5821 22 4361 4709 4712 4748 
5822 98 4341 4361 
5823 12 4412 
5824 41 4536 
5836 11 4310 
3788 2 4574 
5855 8 4574 
5856 1 4574 
5857 92 4310 4361 4401 4432 4574 4604 4712 
5859 16 4401 
5862 24 4712 
5872 27 4341 4632 
5590 5 4687 
5915 52 4435 
5871 50 4310 4536 4712 
5920 10 4435 
5922 7 4432 
5932 33 4310 
5934 42 4604 
5935 11 4310 
5961 11 4310 4483 
5969 5 4435 
5981 6 4483 
5984 10 4310 
5998 81 4536 4604 4666 4712 4717 4748 
6006 68 4483 4709 4712 4748 
6020 25 4310 4435 
6024 17 4712 
6023 30 4715 
6032 80 4361 4432 4709 4764 
6038 6 4748 
6043 39 4310 4341 
6044 2 4310 
6045 7 4310 
6046 2 4310 
6047 4 4310 4488 4713 
6048 1 4310 
6049 3 4310 
6050 1 4310 
6051 1 4310 
6052 1 4310 
6053 1 4310 
6072 54 4507 
6082 18 4441 
6093 5 4536 
6094 11 4604 
6156 22 4632 4687 
6207 4 4687 
6212 3 4435 
6217 31 4709 4712 
6218 53 4401 4536 4712 
6220 18 4713 4717 
6221 31 4341 
6223 17 4717 
6241 75 4341 4507 4632 
6243 35 4483 4604 4712 
6248 10 4536 4717 
6270 88 4218 4361 4507 4687 
6271 11 4715 
6272 76 4361 4536 4666 4717 
6280 52 4361 
6286 3 4483 
6299 78 4361 4536 4713 
6305 190 4361 4412 4441 4507 4687 4709 4712 4713 4717 4764 
6320 23 4715 
6323 44 4483 4764 
6324 6 4712 
6325 5 4483 
6326 2 4483 
6346 17 4604 
6347 11 4709 
5995 2 4687 
6359 81 4488 4536 4604 4712 4713 4715 4764 
6360 35 4687 4715 
6377 17 4713 4764 
6380 4 4401 
6327 108 4441 4536 4689 4712 4713 
6383 3 4483 
6398 29 4507 4709 
6410 1 4687 
6411 1 4687 
6412 1 4687 
6413 1 4687 
6422 11 4712 
6443 70 4361 
6447 12 4712 
6458 28 4488 4709 
6461 6 4361 
6467 8 4712 4717 
6483 28 4441 
6486 85 4218 
6488 22 4713 4717 
6494 101 4709 
6501 17 4507 
6504 7 4604 
6510 54 4709 4713 
6517 2 4713 
6518 33 4748 
6522 29 4488 4536 4713 4764 
6523 33 4507 4536 
6525 17 4536 4713 
6460 58 4689 4717 
6541 1 4507 
6542 1 4507 
6545 5 4709 
6546 2 4709 
6550 9 4401 
6555 35 4361 4632 
5273 12 4536 4717 4764 
6560 43 4401 4435 4713 4717 
6561 3 4604 4717 
6123 24 4488 
6572 1 4689 
6573 1 4689 
6563 58 4361 4536 
6595 12 4712 
6596 177 4401 4432 4435 4507 4604 4712 
6605 10 4712 
6607 4 4712 
6608 18 4441 4709 
6618 91 4666 
6619 104 4218 4361 4536 4666 
6613 9 4666 
6615 160 4218 4361 4488 4536 4666 4713 4764 
6616 18 4536 
6624 135 4341 4361 4435 4632 
6627 50 4361 4412 4536 4632 4712 
6626 9 4712 
6649 26 4488 
6657 11 4712 
6658 5 4712 
6609 7 4536 
6665 29 4412 4441 
6695 2 4412 
6696 2 4412 
6712 11 4764 
6714 100 4361 4632 4713 
6736 33 4401 4488 4536 4764 
6764 1 4709 
6765 1 4709 
6766 22 4361 4401 4709 
6767 2 4709 
6772 77 4488 4507 
6781 8 4764 
6789 11 4361 
6790 11 4536 
6828 1 4713 
6829 4 4536 4713 
6837 1 4764 
6848 14 4361 
6620 93 4536 4666 
6867 5 4488 
6875 15 4432 
6900 31 4536 4632 
6913 44 4361 4536 4666 
6914 95 4361 4632 
6906 49 4361 
6907 191 4341 4361 4401 4432 4632 
6916 54 4507 
6918 29 4435 
6934 65 4361 
6941 57 4341 4507 
6945 18 4536 
6951 47 4401 4432 4507 
6959 5 4536 
6976 41 4361 
6984 7 4536 
6991 18 4361 4536 4666 
6993 81 4435 4632 
7011 3 4536 
7035 2 4536 
7036 2 4536 
7037 1 4536 
7052 142 4341 4361 4435 4632 
7053 31 4401 
7047 161 4401 4432 4435 4507 
7055 98 4341 4632 
7049 27 4435 
7057 118 4341 4401 4632 
7079 1 4666 
7080 70 4666 
6946 68 4341 4632 
7086 123 4401 4432 4632 
7092 93 4341 4507 4632 
7117 7 4632 
7121 7 4361 
7188 14 4361 
7198 8 4401 
7229 7 4341 
7231 101 4341 4435 4632 
7236 23 4632 
7238 9 4432 
7239 21 4632 
7241 21 4432 
7280 89 4401 4432 4507 
7171 9 4632 
7327 6 4361 
7342 1 4361 
7345 1 4361 
7343 12 4361 
7344 3 4361 
7379 7 4632 
7386 25 4401 
7391 52 4401 
7441 3 4341 
7449 39 4507 
7490 27 4507 
7518 3 4632 
7376 4 4435 
7563 1 4341 
7564 31 4341 
7578 28 4435 
7665 6 4432 
7682 36 4507 
7685 13 4401 
7733 45 4401 4432 
7743 13 4507 
7744 50 4401 4432 
7766 13 4435 
7772 20 4432 
7835 3 4435 
7856 7 4432 4435 
7877 6 4507 
7884 5 4401 
7900 27 4507 
7901 30 4401 4432 
7902 21 4432 
7906 10 4401 
8005 2 4401 
8046 16 4401 4432 
8047 20 4401 4432 
8085 16 4401 4432 
8107 13 4432 
8126 1 4507 
8211 11 4401 4432 
8222 6 4401 
8050 9 4432 
8227 1 4401 
8241 2 4432 
8242 1 4432 
8243 6 4432 
