30 5 1412 
25 90 1131 
6 302 1032 1035 1043 1055 1062 1125 1144 1152 1156 1160 1167 1168 1218 1220 1221 1222 1234 1241 1248 1253 1261 1297 1321 1326 1377 1389 1390 1394 1396 1428 1439 1441 1442 1446 1453 1464 1465 1468 1471 1472 1476 1478 1484 1485 1487 1489 1490 1497 1501 1506 1507 1513 1514 1518 1524 1525 1531 1532 1533 1538 
7 24 1190 1193 1425 1471 
8 182 1092 
9 81 1049 1103 1384 1525 
11 743 1031 1032 1034 1035 1049 1055 1061 1062 1075 1080 1092 1097 1103 1111 1124 1127 1128 1137 1144 1151 1154 1156 1160 1164 1165 1167 1168 1185 1186 1190 1191 1193 1196 1199 1200 1201 1203 1211 1218 1220 1221 1222 1230 1239 1241 1243 1248 1250 1253 1259 1260 1261 1279 1282 1284 1285 1286 1296 1297 1305 1307 1310 1319 1321 1322 1326 1330 1353 1360 1372 1374 1375 1377 1378 1382 1384 1385 1389 1390 1394 1396 1402 1407 1411 1412 1413 1418 1420 1425 1428 1435 1437 1439 1441 1442 1444 1446 1453 1464 1465 1468 1471 1476 1482 1484 1485 1486 1487 1489 1490 1492 1496 1497 1501 1506 1507 1513 1514 1518 1520 1521 1524 1525 1531 1532 1533 1534 1538 1542 
12 65 1160 1241 1297 1464 
14 114 1031 1053 1080 1123 1164 1259 1307 1385 1496 
15 50 1297 
16 15 1186 1374 1412 
17 45 1190 1218 1513 
20 187 1034 1044 1055 1062 1075 1156 1164 1167 1190 1211 1218 1307 1321 1352 1374 1389 1396 1402 1501 1513 
21 76 1049 1190 1297 1476 
22 2 1407 
23 74 1039 1053 1061 1123 1478 1538 
24 309 1034 1043 1053 1075 1080 1100 1111 1123 1125 1156 1164 1165 1186 1193 1200 1234 1250 1267 1284 1285 1297 1310 1315 1330 1353 1357 1360 1416 1419 1439 1442 1473 1482 1497 1501 1538 1542 
28 133 1077 1160 1186 1190 1201 1286 1428 
33 24 1144 1241 
36 227 1038 1075 1111 1123 1125 1127 1131 1166 1186 1190 1193 1196 1222 1234 1296 1297 1307 1310 1353 1357 1372 1377 1378 1402 1413 1416 1468 1489 1506 1513 1518 1524 1538 
35 65 1075 1127 1193 1203 1297 1330 1377 1389 1413 1418 1439 1446 1465 1468 1476 1484 
41 30 1259 1282 
42 89 1053 1075 1123 1127 1200 1234 1353 1464 1465 1476 1497 
44 44 1111 1186 
45 8 1441 1507 1513 
46 59 1279 1425 1542 
47 146 1111 1186 1211 1236 1248 1284 1285 1286 1297 1300 1307 1378 1420 1453 1514 
48 21 1211 
49 15 1031 1123 1211 
29 150 1053 1061 1080 1131 1297 1307 
55 64 1080 1123 1432 
56 24 1077 1211 
58 38 1186 
59 94 1034 1125 1131 1152 1201 1230 1315 1357 1396 1416 1464 1476 1484 
60 9 1374 1521 
27 102 1092 
66 44 1075 1131 1193 1267 
72 164 1031 1035 1053 1062 1123 1131 1156 1193 1211 1279 1310 1319 1352 1378 1394 1396 1538 
75 31 1077 1186 1243 1248 
78 41 1192 1211 1464 1513 1514 
79 53 1053 
77 25 1185 1193 1372 
81 18 1157 1218 
83 8 1384 1385 
86 122 1131 1186 1234 1248 1297 1305 1432 1514 1525 
71 109 1034 1248 1297 1357 1453 1465 1497 1513 1518 
87 195 1053 1055 1092 1123 1131 1193 1199 1248 1279 1297 1307 1330 1352 1382 1411 1413 1484 
89 29 1031 1192 1270 1425 
90 72 1124 1128 1131 1234 1305 1468 
94 80 1053 1123 1186 1201 1243 
99 24 1498 
31 15 1402 
102 5 1232 1437 
104 30 1077 1100 1103 1192 
106 9 1211 
68 275 1157 1159 1239 1352 1374 1437 1498 
109 190 1074 1151 1164 1199 1234 1261 1297 1425 1468 1521 1538 
110 95 1092 1191 1492 
111 29 1075 1413 
120 8 1186 
122 213 1159 1166 1239 1247 1291 1297 1385 1393 1419 1453 
113 89 1186 1248 1297 1413 1453 1490 1513 
126 25 1156 1186 1297 
127 132 1100 1157 1159 1267 1297 1385 1425 1464 
128 80 1164 1166 1193 1199 1234 1322 1416 1428 1476 1485 1496 1524 1538 
132 29 1100 1151 1374 
136 99 1211 1234 1493 
138 72 1125 1186 1190 1192 1193 1375 1413 
139 37 1507 
143 94 1032 1062 1075 1211 1279 1297 1330 1413 1439 1476 1506 
147 58 1137 1185 1315 1357 1378 1407 1453 
145 18 1080 1248 1297 1321 1377 1484 1485 
151 74 1123 1125 1128 1140 1141 1248 1416 1471 1489 1520 
152 21 1077 
154 61 1053 1123 1211 1279 1297 1413 1464 1514 
157 44 1053 1055 1114 1123 1156 1166 1297 1487 
158 7 1439 
161 32 1127 1131 1201 1232 1240 1418 1425 1435 1484 
163 9 1284 1285 1286 
171 70 1035 1043 1062 1125 1140 1152 1154 1156 1186 1190 1192 1193 1196 1211 1218 1220 1240 1241 1259 1286 1297 1330 1382 1389 1394 1402 1413 1464 1476 1484 1487 1501 1524 1532 
172 123 1166 1211 1243 1267 1297 1357 1374 1384 
173 334 1031 1032 1034 1035 1053 1055 1061 1075 1103 1111 1123 1124 1127 1137 1151 1167 1168 1186 1190 1193 1196 1199 1200 1201 1211 1218 1222 1230 1234 1236 1243 1248 1253 1267 1279 1285 1286 1296 1297 1319 1322 1353 1357 1360 1372 1375 1377 1378 1389 1394 1396 1402 1407 1412 1413 1428 1439 1444 1446 1464 1465 1468 1471 1476 1482 1489 1490 1496 1501 1506 1514 1518 1520 1524 1525 1531 1534 1537 1542 
74 69 1053 1111 1123 1186 1190 1284 1297 1330 
176 39 1043 1123 1131 1156 1160 1167 1186 1190 1201 1218 1222 1234 1375 1413 1428 1464 1465 1468 1476 1520 1531 1537 
177 19 1186 1514 
178 63 1185 1482 
180 54 1031 1100 1166 1203 1218 1222 1284 1425 1464 1476 1542 
182 79 1043 1092 1127 1128 1131 1151 1156 1167 1186 1297 1305 1357 1374 1396 1416 1464 1473 1484 1525 
166 93 1157 1211 1248 1279 1297 1307 1484 1493 
194 5 1497 
187 37 1151 1211 
197 11 1075 1080 1111 1353 
199 17 1186 1407 1412 1471 1520 
191 13 1164 1165 
201 21 1043 1123 1186 
203 31 1075 1111 
204 12 1151 1165 
205 12 1285 
209 10 1123 1186 1190 
125 29 1167 1218 1286 
216 8 1418 1453 
215 100 1103 1124 1141 1156 1186 1193 1199 1261 1297 1322 1374 1375 1482 1487 1492 1496 1514 1521 
222 4 1151 
226 25 1151 1152 1192 1322 1497 
240 5 1151 1152 
227 5 1497 
228 6 1484 
231 50 1080 1193 1396 1473 
232 23 1297 
237 41 1034 1315 1374 
254 25 1186 1190 1200 1287 
255 86 1123 1166 1286 1482 1487 1538 
256 10 1402 
258 6 1062 1360 
260 6 1360 
259 56 1075 1111 1203 1330 1372 1375 1382 1402 1473 
263 22 1123 
265 31 1131 
266 13 1285 
269 30 1123 1151 1248 1322 
270 14 1284 1285 1378 
276 7 1218 1250 
275 56 1211 1357 
241 8 1186 
280 76 1043 1053 1123 1151 1186 1200 1250 1297 1464 
282 39 1201 1464 1471 1496 1501 
291 35 1297 
292 6 1201 
293 3 1497 
295 5 1442 1444 
296 10 1123 
290 71 1131 1164 1165 1193 1201 1211 1230 1248 1284 1297 1305 1378 1396 1411 1468 1482 1484 1514 
249 15 1196 1248 1485 
304 79 1053 1123 1131 1140 1154 1164 1165 1248 1284 1297 1319 1326 1428 1439 1446 1464 1468 1476 1478 1514 1534 
306 244 1032 1039 1043 1141 1157 1166 1167 1199 1200 1234 1236 1253 1277 1286 1297 1378 1385 1394 1413 1418 1428 1464 1468 1473 1476 1490 1492 1501 1506 1518 1524 1537 1538 
308 142 1034 1038 1039 1055 1062 1127 1131 1156 1157 1167 1193 1218 1248 1253 1279 1297 1307 1389 1402 1413 1418 1464 1468 1476 1484 1506 1513 1525 1538 
320 7 1080 1186 
310 230 1032 1039 1061 1103 1111 1123 1125 1128 1131 1140 1164 1166 1167 1191 1193 1196 1200 1201 1211 1218 1222 1236 1240 1250 1260 1261 1267 1285 1297 1319 1375 1378 1407 1411 1413 1428 1464 1476 1487 1501 1514 1518 1520 1538 
311 321 1031 1034 1038 1053 1055 1097 1114 1123 1125 1128 1151 1152 1160 1164 1166 1167 1186 1193 1199 1200 1201 1211 1222 1230 1234 1236 1241 1243 1261 1277 1279 1284 1285 1286 1297 1319 1322 1326 1330 1353 1357 1374 1375 1377 1385 1413 1418 1419 1425 1428 1453 1464 1465 1476 1482 1484 1487 1490 1492 1496 1497 1514 1521 1525 1534 1538 
312 227 1035 1039 1043 1061 1062 1123 1125 1127 1128 1141 1144 1152 1156 1164 1165 1168 1186 1190 1193 1196 1201 1203 1211 1218 1220 1221 1222 1234 1241 1248 1259 1279 1286 1296 1297 1319 1330 1375 1382 1413 1418 1425 1439 1446 1453 1464 1468 1471 1489 1492 1520 
313 54 1151 1211 1297 1330 1377 1482 1497 1538 
315 77 1038 1123 1127 1156 1166 1186 1201 1259 1296 1321 1382 1413 
305 7 1282 
317 140 1032 1039 1053 1055 1062 1075 1123 1125 1128 1167 1190 1193 1201 1234 1277 1279 1286 1296 1297 1377 1394 1413 1428 1476 1482 1490 1496 1506 1518 1520 1524 1538 
318 3 1080 
319 199 1035 1038 1103 1152 1164 1167 1186 1199 1200 1211 1267 1296 1382 1413 1464 1471 1478 1482 1514 1537 
324 14 1413 
327 8 1053 
251 8 1261 
335 46 1259 1282 1385 1513 
150 28 1319 1385 1412 
336 31 1196 1201 1385 
339 80 1053 1080 1186 1296 1321 1330 1485 1506 1525 
340 30 1413 1428 1464 
341 47 1080 1123 1140 1152 1160 1186 1201 1222 1266 1297 1385 
343 4 1261 
348 21 1128 1156 1418 1419 
346 86 1157 1166 1297 1453 
356 18 1043 1186 1375 1428 
352 9 1077 
193 21 1186 1211 1297 
363 3 1305 
364 14 1267 1418 
371 117 1031 1032 1044 1053 1157 1186 1196 1201 1211 1222 1260 1261 1297 1310 1322 1396 1428 1446 1468 1485 1487 
376 37 1043 1127 1167 1193 1234 1330 1402 1482 1518 
387 11 1053 1123 1201 
101 16 1077 1478 
383 45 1166 
395 42 1357 1384 1389 1418 1506 
399 6 1513 
400 12 1044 
403 20 1166 1211 1521 
404 5 1521 
405 19 1053 1277 
407 145 1049 1111 1141 1164 1199 1201 1230 1236 1248 1284 1285 1297 1322 1407 1413 1425 1471 1482 1489 1492 1496 1497 1525 1534 
415 4 1330 
325 25 1031 1211 1360 
417 9 1297 
427 6 1384 
423 7 1384 
425 79 1165 1493 
429 5 1049 
432 157 1031 1039 1044 1049 1055 1103 1186 1201 1250 1285 1296 1305 1378 1402 1407 1446 1464 1524 1531 1542 
412 21 1151 
439 8 1192 
447 15 1049 1384 
455 4 1092 
457 732 1055 1061 1062 1080 1103 1111 1151 1157 1159 1167 1193 1199 1200 1201 1211 1222 1230 1234 1241 1247 1260 1282 1284 1285 1286 1297 1310 1319 1322 1352 1353 1357 1374 1377 1378 1385 1390 1394 1396 1413 1416 1418 1420 1482 1484 1487 1490 1492 1493 1496 1497 1507 1514 1520 1524 1531 1533 1534 1537 1538 
458 4 1053 
465 17 1307 1453 
467 12 1151 1186 
164 8 1097 1234 
499 14 1080 1186 1193 1218 
536 5 1211 
545 24 1296 1297 1330 1402 1420 
546 142 1034 1151 1164 1165 1166 1211 1230 1261 1284 1297 1307 1357 1407 1482 
218 2 1077 
560 8 1080 
553 22 1186 1211 1239 1315 
554 6 1103 
556 121 1035 1044 1053 1075 1111 1123 1144 1164 1186 1190 1193 1315 1330 1353 1442 1473 1497 1542 
572 5 1111 
579 4 1127 1186 
582 34 1185 
585 3 1307 
586 13 1080 1201 
587 18 1286 1425 1439 
588 22 1035 1193 1330 1425 1439 1492 
590 8 1062 1375 
601 9 1152 1413 1468 1476 
600 214 1049 1053 1075 1080 1100 1103 1111 1165 1186 1193 1297 1310 1315 1330 1352 1353 1374 1377 1407 1471 1473 1476 1484 1497 1514 1521 
604 8 1377 
626 31 1141 1167 1186 1193 1330 1425 1464 1468 
628 1 1154 
633 55 1425 
634 150 1044 1061 1157 1164 1186 1190 1193 1196 1200 1201 1218 1253 1261 1284 1285 1286 1296 1297 1319 1321 1330 1357 1378 1382 1385 1389 1390 1403 1476 1486 1514 1537 
646 17 1385 1412 1425 1484 
635 66 1035 1131 1160 1166 1186 1193 1200 1211 1296 1321 1357 1437 1453 
636 11 1201 1524 
647 32 1031 1053 1123 1186 1193 1218 1297 1330 1378 1390 1497 
640 4 1186 
643 46 1053 1123 1151 1259 1279 1413 1534 
644 27 1125 1360 1372 1524 
645 16 1186 
649 40 1186 1453 
650 98 1053 1144 1156 1186 1192 1211 1267 1286 1296 1297 1375 1382 1413 1418 1419 1453 1507 
658 6 1186 1190 
659 14 1193 1297 
661 2 1186 
664 13 1374 1489 1513 
663 158 1043 1053 1123 1125 1128 1140 1166 1167 1193 1211 1222 1234 1241 1261 1266 1270 1287 1319 1360 1374 1394 1496 1498 1525 1538 
667 19 1111 1193 
639 31 1201 1222 1277 1286 1382 1453 1484 
674 16 1222 
686 83 1032 1035 1038 1039 1043 1062 1080 1128 1144 1152 1160 1165 1196 1203 1221 1261 1277 1282 1297 1372 1375 1389 1402 1413 1418 1420 1476 1489 1514 1518 1524 1533 1534 1538 
688 5 1196 
689 47 1039 1186 1297 1307 1413 
691 24 1043 1186 1199 1201 1203 1236 1243 1487 
695 118 1123 1151 1166 1211 1222 1322 1374 1385 1411 1497 1521 
699 8 1222 
704 81 1034 1097 1125 1166 1201 1222 1241 1297 1396 1413 1453 1471 1501 1514 
705 28 1062 1127 1201 1222 1270 1282 1413 
706 95 1053 1080 1111 1123 1186 1190 1192 1193 1211 1248 1279 1296 1297 1321 1322 1330 1374 1411 1435 1442 1471 1478 1486 1489 1496 1501 1514 1520 
707 123 1038 1039 1053 1055 1061 1062 1075 1123 1131 1167 1190 1192 1193 1201 1203 1211 1234 1248 1253 1261 1297 1319 1330 1372 1375 1377 1389 1402 1428 1471 1476 1484 1486 1489 1490 1496 1497 1506 1514 1518 1521 1525 1532 1537 1538 1542 
708 51 1031 1039 1092 1114 1128 1140 1141 1154 1156 1270 1297 
710 105 1038 1043 1044 1053 1055 1062 1092 1100 1123 1127 1141 1152 1193 1199 1201 1211 1230 1234 1261 1267 1277 1279 1286 1297 1319 1360 1377 1413 1428 1439 1496 1514 1525 
696 6 1125 
712 19 1193 1253 1428 1496 1525 
715 23 1062 1075 1193 1221 1282 1286 1296 1321 1330 
722 264 1049 1053 1127 1154 1157 1164 1166 1167 1186 1201 1211 1218 1232 1234 1236 1250 1261 1267 1277 1291 1297 1307 1321 1357 1374 1378 1385 1402 1420 1441 1442 1453 1473 1485 1525 1534 1537 
725 6 1053 
727 32 1186 1199 1211 1497 
730 34 1031 1035 1131 1140 1186 1192 1435 1506 
733 8 1151 1464 
737 232 1403 1493 
742 93 1038 1039 1053 1165 1167 1200 1201 1241 1310 1385 1394 1413 1425 1476 
697 100 1032 1039 1062 1092 1125 1128 1141 1190 1236 1253 1259 1413 1473 1476 1513 
749 66 1039 1186 1239 1310 1407 1425 
321 27 1053 1123 1190 
759 77 1053 1075 1080 1123 1140 1186 1193 1211 1230 1315 1375 1416 1425 1534 
761 8 1484 
763 68 1049 1211 1267 1360 1407 1464 1520 
764 34 1154 1211 1492 
766 773 1031 1035 1049 1100 1114 1125 1157 1159 1164 1166 1167 1185 1186 1191 1201 1211 1239 1243 1247 1250 1267 1286 1291 1305 1307 1310 1352 1357 1360 1378 1384 1385 1393 1403 1416 1419 1428 1437 1473 1492 1496 1514 1538 
762 50 1053 1123 1186 1191 1211 1222 1453 1476 
769 146 1031 1034 1043 1044 1049 1053 1080 1111 1123 1127 1131 1137 1144 1166 1167 1186 1190 1193 1196 1201 1211 1218 1222 1248 1253 1297 1315 1319 1378 1396 1413 1418 1428 1432 1453 1465 1473 1476 
788 113 1039 1053 1123 1131 1140 1156 1157 1166 1186 1240 1385 1411 1453 1492 
781 8 1261 1514 
784 224 1031 1053 1080 1114 1151 1160 1164 1165 1166 1186 1193 1199 1200 1211 1222 1241 1248 1259 1261 1297 1360 1384 1385 1411 1420 1453 1464 1465 1485 1513 1514 1525 1534 
789 317 1053 1061 1080 1123 1151 1154 1156 1159 1165 1167 1186 1193 1199 1200 1201 1218 1220 1222 1241 1243 1247 1248 1266 1277 1297 1310 1319 1321 1322 1352 1360 1374 1384 1385 1390 1394 1396 1413 1428 1453 1468 1473 1476 1497 1506 1521 1525 1542 
791 41 1053 1123 1193 1201 1260 1270 1279 1297 1428 1468 1506 
795 60 1034 1053 1123 1167 1211 1360 1413 1420 1501 1524 
796 6 1031 
803 6 1420 1437 
805 90 1055 1097 1103 1125 1144 1164 1167 1193 1201 1203 1222 1230 1307 1322 1374 1377 1385 1390 1396 1402 1413 1425 1453 1468 1476 1496 1497 1501 1506 1514 1542 
808 4 1043 
810 34 1140 1186 1191 1199 1218 1297 1322 1514 
811 3 1531 
813 272 1031 1035 1049 1055 1097 1137 1157 1166 1167 1186 1193 1211 1230 1239 1248 1250 1253 1267 1279 1284 1285 1291 1296 1297 1315 1319 1357 1360 1374 1378 1384 1385 1413 1419 1428 1437 1444 1471 1476 1482 1492 1496 1521 1525 1534 1542 
816 29 1193 1218 1453 1497 
822 11 1137 1315 
820 16 1123 1186 1506 1514 
334 41 1201 1203 1218 1286 1307 1413 
823 15 1131 
824 2 1186 
826 249 1049 1055 1061 1124 1151 1154 1165 1167 1168 1199 1211 1230 1253 1267 1279 1297 1319 1322 1357 1374 1377 1416 1428 1437 1441 1444 1471 1482 1484 1487 1490 1492 1496 1497 1506 1507 1513 1514 1518 1520 1521 1531 1532 1533 1534 1537 1538 
825 165 1166 1307 1310 
831 12 1111 1413 
836 26 1428 1442 1525 
838 36 1124 1199 1322 
841 61 1154 1291 1315 1521 
844 45 1043 1044 1053 1125 1160 1186 1218 1286 1468 
842 30 1124 1144 1166 1284 1286 
851 2 1484 
854 99 1127 1211 1297 1319 1384 1385 1389 1416 1420 1437 1532 1538 
856 91 1305 1307 1374 1453 1521 
852 39 1053 1211 1248 1297 1471 
853 16 1412 1464 
859 13 1211 1297 1492 
861 16 1038 1253 1496 
865 97 1053 1080 1092 1144 1156 1186 1211 1222 1315 1473 1497 1525 
869 11 1190 1191 1192 1196 
870 38 1234 1248 1279 1319 1322 1428 1487 1514 1520 
871 59 1055 1062 1167 1168 1193 1211 1222 1241 1286 1287 1377 1439 1446 1453 1465 1468 1471 1484 1490 1506 1513 1518 1524 1532 1538 
879 122 1151 1166 1297 1305 1382 1453 
882 7 1053 
883 3 1043 
885 7 1144 
469 10 1186 
896 26 1053 1123 1125 
900 5 1193 1323 
902 2 1385 
904 119 1031 1097 1103 1127 1151 1154 1160 1165 1199 1211 1222 1243 1261 1296 1319 1322 1326 1330 1374 1375 1390 1442 1453 1465 1471 1478 1485 1486 1487 1490 1496 1513 1525 1542 
908 9 1297 
911 27 1039 1044 1053 1080 1123 1131 1160 
912 9 1053 1123 
914 7 1131 
916 4 1186 
918 17 1075 1261 1525 
920 10 1297 1490 
921 6 1439 1484 
787 12 1160 1211 
928 21 1211 1236 1267 1297 1439 1514 
926 6 1131 1141 
935 22 1284 1285 1286 1534 
937 46 1031 1053 1061 1123 1127 1151 1152 1156 1191 1222 1240 1260 1277 1284 1378 1413 1453 
941 80 1034 1062 1127 1151 1193 1199 1201 1222 1230 1234 1253 1260 1279 1286 1297 1319 1330 1375 1411 1413 1425 1428 1439 1482 1484 1489 1492 1496 1514 1521 1538 
943 30 1035 1164 1167 1193 1234 1425 1518 1538 
946 110 1031 1035 1049 1062 1125 1140 1166 1186 1191 1192 1193 1211 1218 1250 1253 1259 1297 1357 1360 1396 1407 1412 1413 1418 1521 
948 29 1156 1199 1323 1419 1453 1482 1534 
949 8 1407 
954 34 1131 1186 1218 1261 1277 1411 1453 1485 1486 
956 42 1031 1039 1053 1123 1131 1190 
959 12 1186 1297 
960 22 1034 1125 1160 1322 
961 16 1031 1049 
962 3 1186 
964 4 1382 1453 
933 18 1080 1103 1186 1490 1514 
968 5 1384 
969 2 1389 
970 11 1144 1156 1297 1518 
971 72 1061 1123 1131 1152 1159 1167 1191 1193 1199 1211 1241 1260 1261 1277 1284 1321 1389 1428 1441 1496 1501 1514 1525 1538 
973 2 1232 
974 36 1166 1297 1385 
978 65 1031 1062 1080 1114 1125 1156 1165 1191 1192 1193 1222 1234 1279 1296 1297 1374 1425 1432 1439 1482 1484 1496 1514 
981 16 1053 1123 1164 1193 1377 1497 
982 47 1035 1043 1053 1123 1125 1144 1152 1154 1156 1186 1190 1191 1192 1220 1222 1241 1453 
984 7 1261 
985 6 1193 
986 77 1035 1062 1140 1151 1166 1186 1191 1192 1201 1203 1211 1240 1241 1266 1270 1277 1286 1287 1297 1307 1453 1464 1482 1484 1532 
988 292 1049 1100 1157 1166 1185 1186 1250 1267 1291 1297 1305 1307 1357 1393 1416 1437 1453 1492 
993 238 1031 1035 1061 1097 1103 1111 1125 1151 1164 1165 1166 1167 1168 1190 1200 1201 1203 1211 1222 1230 1234 1236 1239 1243 1261 1279 1284 1285 1286 1297 1319 1330 1374 1377 1378 1382 1393 1394 1407 1413 1416 1420 1425 1428 1437 1444 1464 1471 1476 1482 1489 1492 1496 1501 1506 1514 1520 1533 1534 1537 1538 1542 
994 45 1039 1160 1193 1259 1297 1393 
996 297 1035 1049 1061 1100 1166 1185 1186 1203 1211 1234 1243 1247 1250 1267 1291 1296 1297 1353 1357 1375 1378 1384 1389 1393 1394 1402 1412 1413 1416 1419 1435 1444 1453 1471 1472 1473 1521 1542 
998 30 1053 1123 1152 1186 1248 1322 1442 1476 1489 
1005 5 1234 1497 
1000 60 1103 1154 1253 1428 1501 1525 
1006 138 1032 1034 1039 1043 1075 1080 1141 1144 1156 1167 1200 1203 1220 1221 1222 1234 1248 1286 1297 1326 1330 1375 1389 1394 1396 1402 1412 1413 1418 1432 1441 1444 1453 1465 1468 1487 1496 1506 1514 1518 1524 1534 1538 
1003 18 1230 1319 1374 
1011 6 1031 
1012 7 1218 
1013 23 1044 1053 1080 1140 1144 1154 1186 1260 1382 1396 
1009 44 1043 1125 1164 1165 1203 1402 1412 1425 1439 1442 1464 1486 1514 
1022 14 1053 1055 1123 1131 1156 1167 1377 1484 
1023 9 1167 1201 1492 
1024 41 1279 1291 1305 1307 
1027 6 1039 
1028 7 1053 1123 1186 
1029 135 1032 1038 1039 1044 1053 1055 1061 1062 1075 1080 1092 1103 1114 1123 1128 1131 1144 1154 1160 1186 1190 1193 1196 1201 1211 1218 1220 1222 1261 1279 1297 1319 1321 1330 1372 1375 1377 1382 1394 1396 1402 1413 1418 1420 1428 1439 1441 1446 1453 1464 1468 1471 1476 1484 1485 1486 1487 1490 1496 1497 1506 1507 1513 1520 1524 1531 1533 1537 1538 
1031 19 1154 1186 1297 1492 
1032 39 1039 1243 1267 1357 1413 1482 1506 1520 
1033 6 1053 1123 
1034 33 1043 1062 1141 1164 1186 1201 1218 1253 1297 1319 1322 1482 1484 
1035 12 1190 
1039 6 1482 
1037 86 1039 1144 1167 1297 1353 1374 1378 1437 1514 1520 
1038 6 1039 
1040 1 1038 
1041 49 1038 1199 1319 1514 
1042 41 1043 1100 1137 1267 1297 1384 1396 1407 
1043 21 1186 1396 1465 
1044 9 1049 1218 1465 
1046 24 1156 1167 1193 1222 1234 1319 1321 1326 1394 1425 1428 1476 1486 1537 
1049 3 1044 1465 
1050 44 1053 1123 1154 1193 1199 1203 1284 1357 1378 1407 1441 
1052 4 1053 1123 
1051 46 1053 1123 1164 1186 1384 1385 1416 1420 
1055 196 1034 1075 1092 1157 1193 1201 1211 1236 1247 1248 1261 1279 1297 1322 1360 1375 1382 1411 1428 1437 1439 1468 1471 1476 1478 1482 1484 1489 1493 1496 1514 1531 1538 
1061 2 1390 
1062 156 1035 1125 1152 1164 1185 1190 1193 1201 1203 1221 1230 1243 1250 1259 1266 1267 1282 1286 1291 1296 1330 1357 1374 1416 1418 1419 1425 1444 1492 1521 1534 
1063 29 1167 1465 
1064 16 1200 1201 1476 
1065 7 1186 1218 
1066 5 1044 1131 
1070 1 1044 
1071 1 1044 
1072 1 1044 
872 29 1044 1164 1166 1279 1413 1489 
1074 95 1222 1321 1352 
1075 74 1080 1111 1127 1140 1157 1165 1203 1330 1353 1372 1375 1418 1420 1425 1473 1476 1525 1537 
1084 5 1080 
1078 5 1075 1193 
1082 4 1506 
1086 8 1151 1152 1464 
1089 8 1152 
1093 2 1080 
1094 2 1080 
1095 10 1080 1103 1542 
1096 1 1080 
1097 88 1049 1080 1193 1201 1211 1239 1247 1297 1393 1428 1437 1521 
1098 305 1049 1080 1103 1166 1186 1291 1315 1357 1378 1407 1419 1492 1514 1521 1542 
1103 9 1080 1211 
1099 8 1080 1103 1297 1542 
1104 1 1080 
1100 2 1080 
1105 3 1080 
1106 2 1080 
1101 1 1080 
1107 1 1080 
1108 1 1080 
1109 1 1080 
1110 1 1080 
1111 60 1075 1080 1193 1196 1241 1243 1247 1330 1353 1542 
1112 1 1080 
1113 6 1075 1080 
1102 15 1080 1103 1411 
1114 39 1062 1140 1144 1160 1192 1193 1201 1211 1220 1221 1222 1261 1270 1286 1321 1322 1330 1394 1413 
1115 1 1432 
1120 1 1123 
1124 20 1031 1492 
1125 37 1140 1154 1211 1287 1492 
1128 13 1140 1279 1476 1525 
1127 62 1049 1128 1165 1166 1199 1297 1319 1357 1384 1416 1482 1489 1496 1507 1525 
1129 62 1031 1074 1131 1156 1167 1211 1234 1241 1248 1261 1286 1297 1321 1377 1407 1420 1428 1478 1489 1497 1514 1537 1538 
1130 1 1131 
1132 57 1193 1396 1413 
1133 399 1055 1140 1156 1157 1159 1165 1185 1186 1190 1211 1222 1239 1240 1248 1266 1282 1296 1297 1305 1310 1360 1385 1464 1476 1484 1490 
1134 3 1297 
1135 115 1049 1097 1140 1152 1164 1199 1201 1203 1211 1234 1253 1267 1279 1284 1286 1322 1330 1357 1378 1413 1416 1418 1428 1439 1464 1468 1476 1490 1492 1496 1501 1534 
1137 135 1049 1103 1127 1140 1200 1203 1221 1230 1261 1284 1286 1297 1357 1372 1374 1375 1378 1394 1407 1413 1416 1418 1428 1435 1437 1441 1464 1465 1514 1521 1524 1534 
1139 2 1043 
1141 2 1193 
1142 48 1043 1097 1166 1167 1186 1201 1248 1297 1322 1357 1476 1525 
1143 14 1043 1186 1307 1416 
1144 7 1125 1190 1196 1218 
1068 3 1125 1322 1534 
1145 2 1125 1186 
1150 8 1152 1319 1484 
1151 472 1032 1035 1049 1061 1097 1103 1111 1137 1152 1164 1166 1185 1186 1191 1200 1201 1211 1230 1234 1236 1239 1243 1248 1250 1279 1284 1285 1297 1319 1322 1323 1352 1353 1357 1374 1378 1393 1407 1416 1428 1437 1444 1464 1473 1482 1485 1487 1492 1496 1521 1537 1542 
1155 1 1156 
1157 2 1156 
1158 1 1156 
922 149 1031 1034 1035 1055 1062 1103 1111 1137 1151 1154 1156 1160 1164 1165 1167 1186 1193 1200 1201 1203 1211 1220 1222 1230 1234 1236 1241 1243 1248 1253 1261 1266 1279 1284 1286 1296 1297 1319 1321 1322 1330 1377 1413 1425 1428 1439 1441 1482 1484 1486 1490 1496 1497 1501 1506 1514 1520 1525 1538 
1159 2 1165 
1160 24 1167 1193 1201 1330 1372 1382 1394 1396 1413 1425 1476 
1164 39 1211 1261 1266 1513 1514 
1165 13 1261 
1166 599 1031 1049 1061 1097 1140 1151 1157 1159 1164 1165 1185 1186 1199 1200 1211 1230 1243 1250 1284 1285 1291 1297 1305 1307 1315 1322 1323 1352 1357 1374 1378 1384 1385 1393 1411 1416 1419 1437 1453 1473 1482 1492 1521 
1167 158 1035 1151 1160 1164 1186 1190 1192 1193 1200 1201 1211 1220 1230 1234 1241 1253 1261 1270 1277 1286 1321 1322 1330 1357 1411 1413 1428 1453 1471 1476 1478 1482 1484 1487 1489 1492 1496 1497 1498 1501 1514 1538 
1177 1 1186 
1168 5 1186 
1178 1 1186 
1179 10 1186 1464 
1169 29 1061 1186 
1170 2 1186 1190 
1180 1 1186 
1171 1 1186 
1090 2 1186 
1172 1 1186 
1173 1 1186 
1174 1 1186 
1175 1 1186 
1182 7 1186 1222 1240 
1183 9 1186 1389 
1185 43 1151 1167 1186 1199 1321 1322 1525 
1176 1 1186 
1190 4 1496 
1187 3 1035 1190 1191 
1188 2 1190 1453 
1189 1 1190 
1193 31 1031 1062 1192 1259 1260 1261 1297 1323 1518 
1194 1 1196 
1195 5 1196 1218 
1197 3 1201 1222 
1200 107 1166 1167 1267 1393 1413 1416 1419 1453 
1201 35 1193 1200 1222 1253 1259 1260 1261 1319 1322 1394 1396 1413 1425 1428 1476 1482 1487 1489 1496 1497 1514 
1202 66 1032 1111 1151 1186 1200 1201 1250 1253 1284 1291 1297 1353 1407 1428 1482 1489 1492 1514 1525 1531 
1203 22 1165 1199 1291 1307 1326 1357 
1204 61 1199 1201 1220 1222 1234 1259 1261 1267 1286 1305 1330 1372 1375 1394 1402 
1207 26 1062 1193 1211 1277 1489 
1210 218 1034 1035 1049 1061 1103 1111 1127 1137 1164 1166 1185 1186 1193 1203 1222 1230 1243 1284 1286 1297 1319 1330 1352 1353 1357 1374 1377 1378 1384 1389 1393 1394 1396 1402 1407 1412 1413 1416 1418 1420 1425 1492 1514 1534 
1211 79 1031 1151 1193 1253 1261 1267 1279 1286 1372 1375 1413 1435 1471 1496 1514 1521 
1212 4 1211 
1215 65 1035 1186 1211 1297 1357 1492 1521 1534 
1219 1 1220 
1221 77 1035 1137 1164 1193 1203 1222 1236 1253 1259 1282 1284 1296 1321 1375 1378 1390 1394 1396 1413 1425 1439 1492 1518 1524 1538 
1230 33 1062 1164 1167 1234 1243 1286 1297 1437 1514 
1233 14 1151 1321 1326 1439 1441 1485 1490 
1234 16 1167 1193 1277 1297 1428 1464 1538 
1235 20 1127 1193 1203 1326 1330 1389 1412 1413 1418 1420 1425 1464 
1236 103 1035 1103 1164 1166 1167 1168 1199 1201 1203 1211 1221 1230 1234 1253 1261 1279 1291 1297 1319 1357 1378 1390 1394 1425 1428 1439 1453 1471 1478 1482 1484 1489 1492 1496 1514 1518 1520 1521 1525 1538 
1237 6 1193 1232 1260 1439 
1243 5 1201 
1241 35 1201 1234 1261 1286 1297 1319 1330 1484 1514 
1242 11 1199 1201 1241 1261 1286 1322 1496 
1245 10 1062 1221 1241 1259 1286 
1246 8 1266 1286 1484 
1247 77 1049 1097 1166 1167 1201 1253 1297 1319 1357 1374 1385 1407 1428 1441 1453 1468 1482 1484 1514 
1248 21 1160 1221 1236 1241 1266 1297 1402 1412 1425 1428 1484 1525 
1253 51 1164 1199 1297 1382 1411 1428 1501 1513 
1252 2 1241 
1254 1 1062 
1255 1 1062 
1256 1 1062 
1257 1 1062 
1258 1 1062 
1259 45 1062 1075 1166 1193 1221 1296 1297 1372 1389 1394 1413 
1261 8 1165 1514 
1260 2 1241 1261 
1262 2 1444 
1264 1 1241 
1267 61 1103 1211 1250 1259 1285 1319 1357 1496 1514 1521 1534 
1268 1 1259 
1269 1 1259 
1271 2 1282 
1272 1 1277 
1273 1 1277 
1274 1 1277 
1275 1 1277 
1278 69 1127 1167 1193 1201 1203 1211 1230 1234 1253 1277 1279 1286 1287 1297 1319 1321 1326 1382 1412 1413 1418 1420 1425 1428 1435 1437 1439 1441 1446 1464 1468 1471 1476 1484 1485 1486 1490 1496 1532 1538 
1276 1 1277 
1279 124 1032 1055 1075 1154 1166 1167 1185 1201 1211 1234 1236 1248 1253 1267 1277 1286 1297 1319 1321 1326 1357 1377 1425 1428 1441 1446 1453 1464 1468 1471 1472 1484 1485 1489 1490 1496 1506 1507 1513 1518 1520 1524 1525 1531 1538 
1280 4 1277 
1282 8 1154 1384 
1281 10 1031 1282 1464 1489 
1286 65 1193 1230 1284 1285 1394 1403 1413 1420 
1284 20 1151 1285 1286 1534 
1285 31 1286 1305 1378 
1290 16 1167 1234 1297 1330 1377 1439 1497 1518 
1291 34 1193 1203 1261 1330 1357 1375 1377 1402 1497 1506 
1292 7 1193 1402 
1293 33 1031 1165 1167 1297 1319 1330 1377 1464 1484 1485 1486 1507 1513 1531 1532 1542 
1296 9 1035 1315 
1297 76 1166 1186 1193 1211 1234 1248 1261 1330 1439 1464 1484 1514 
1299 5 1442 1485 1525 
1301 3 1203 1307 
1305 290 1100 1127 1154 1157 1166 1167 1201 1211 1234 1239 1291 1296 1297 1315 1321 1330 1357 1389 1393 1403 1413 1416 1419 1453 1486 1490 1498 
1306 20 1203 1234 1253 1307 1476 1484 1514 
1308 4 1413 1425 
1311 2 1372 
1314 1 1296 
1315 6 1296 
1316 7 1296 
1317 1 1296 
1318 2 1296 
1319 181 1035 1103 1127 1151 1154 1164 1165 1166 1200 1201 1203 1211 1236 1253 1261 1267 1279 1296 1322 1326 1357 1374 1382 1402 1418 1420 1428 1439 1446 1453 1465 1468 1482 1487 1492 1496 1521 1531 1537 1538 
1322 12 1267 1418 1497 
1326 6 1322 1439 
1331 6 1193 
1333 2 1111 
1334 1 1193 
1335 62 1097 1127 1151 1193 1250 1253 1285 1297 1322 1326 1374 1384 1412 1420 1425 1428 1442 1453 1521 
1336 8 1193 
1337 1 1193 
1338 3 1193 1407 1412 
1339 5 1193 
1340 3 1193 
1341 2 1193 
1342 4 1193 
1343 2 1193 
1344 2 1193 1260 
1345 1 1193 
1346 3 1193 1412 
1350 117 1035 1103 1124 1151 1164 1165 1167 1199 1201 1211 1230 1248 1253 1261 1279 1285 1297 1319 1322 1389 1411 1428 1482 1487 1489 1490 1492 1496 1506 1514 1520 1533 1534 1538 
1352 121 1103 1111 1124 1164 1199 1200 1201 1211 1230 1234 1236 1248 1253 1261 1284 1285 1297 1319 1396 1411 1420 1428 1453 1478 1482 1487 1489 1496 1497 1514 1531 1534 
1353 30 1075 1111 1473 
1354 8 1297 1372 1411 
1355 3 1412 
1356 20 1322 1493 
1357 91 1032 1127 1164 1166 1167 1201 1203 1230 1234 1236 1253 1279 1291 1319 1322 1352 1377 1428 1439 1468 1471 1476 1482 1496 1497 1513 1514 1518 1525 1538 
1358 18 1307 1497 
1365 7 1075 
1366 1 1075 
1367 40 1100 1157 1186 1297 1402 1538 
1368 33 1186 1261 1542 
1373 4 1248 1375 1435 
1374 462 1034 1049 1103 1111 1127 1151 1165 1166 1167 1191 1199 1247 1253 1267 1285 1297 1322 1353 1375 1384 1393 1403 1411 1419 1464 1473 1506 1521 1534 
1382 17 1100 1211 1297 1453 
1376 1 1382 
1377 33 1034 1164 1168 1234 1253 1279 1297 1382 1396 1402 1484 1490 1496 1514 1518 
1378 14 1284 1382 1453 
1379 1 1382 
1380 63 1031 1127 1140 1167 1201 1203 1234 1253 1297 1319 1374 1377 1382 1402 1407 1413 1418 1420 1425 1439 1453 1464 1468 1471 1476 1487 1492 1513 1518 1538 
1381 52 1164 1253 1297 1315 1378 1382 1453 1482 1514 
1383 4 1384 1389 
1384 37 1049 1154 1374 1389 1416 
1385 35 1389 
1386 61 1127 1164 1203 1211 1236 1248 1253 1353 1389 1413 1420 1425 1428 1444 1482 1489 1496 1518 1525 1534 
1387 1 1389 
1388 2 1384 1389 
1394 9 1167 1390 1437 1464 1472 1496 
1390 32 1186 1211 1297 1377 1394 1420 
1391 1 1394 
1392 2 1394 1525 
1393 4 1394 
1395 199 1031 1035 1049 1111 1164 1168 1186 1200 1201 1236 1243 1248 1250 1253 1267 1284 1285 1291 1297 1319 1322 1353 1357 1378 1384 1390 1396 1407 1419 1428 1444 1453 1471 1482 1492 1501 1514 1534 1538 
1397 1 1402 
1398 1 1402 
1399 1 1402 
1400 3 1402 
1401 3 1402 
1403 3 1199 1412 
1404 1 1412 
1405 1 1412 
1411 1 1412 
1406 2 1411 1412 
1407 3 1412 
1408 1 1412 
1409 1 1412 
1410 1 1412 
1416 13 1127 1384 
1420 12 1322 1525 
1419 41 1049 1111 1291 1323 1384 1420 1521 
1421 2 1411 1425 
1422 1 1425 
1423 8 1425 
1424 52 1164 1167 1201 1234 1236 1291 1297 1357 1377 1416 1425 1428 1464 1478 1482 1484 1485 
1426 1 1203 
1427 2 1203 1307 
1428 183 1034 1103 1111 1124 1137 1151 1157 1164 1199 1200 1203 1211 1248 1279 1284 1291 1297 1319 1322 1326 1357 1374 1378 1390 1407 1444 1471 1482 1489 1496 1514 1520 1521 1534 
1429 3 1203 1319 
1430 2 1203 1307 
1431 1 1203 
1433 1 1428 
1434 2 1435 1439 
1184 79 1166 1167 1186 1211 1284 1319 1357 1374 1496 1497 1538 
1438 1 1326 
1439 9 1234 1236 1319 1484 1518 1538 
1441 41 1031 1103 1186 1199 1201 1253 1261 1297 1428 1486 1514 1525 
1446 3 1442 1444 
1442 20 1234 1297 1319 1428 1444 1446 1487 1496 1525 1538 
1443 3 1319 1446 
1444 2 1442 1446 
1445 1 1446 
1447 7 1234 1428 1439 1490 
1448 1 1319 
1449 1 1319 
1450 1 1319 
1451 3 1319 1322 
1452 1 1453 
1454 1 1464 
1455 1 1464 
1456 1 1464 
1457 5 1464 
1458 1 1464 
1459 1 1464 
1460 1 1464 
1461 1 1464 
1462 48 1165 1186 1261 1377 1411 1428 1464 1497 
1463 26 1035 1279 1284 1464 1484 
1465 8 1049 1186 1357 
1468 20 1201 1385 1471 1476 
1466 24 1055 1211 1319 1377 1428 1468 1476 1538 
1467 11 1230 1261 1441 1468 1497 
1470 156 1151 1164 1166 1167 1211 1234 1243 1247 1261 1297 1310 1319 1374 1385 1428 1471 1476 1482 1484 1487 1492 1496 1501 
1471 72 1034 1167 1199 1211 1234 1248 1253 1279 1297 1322 1489 1490 1501 1514 1532 
1473 91 1111 1164 1166 1211 1279 1284 1357 1374 1419 1428 1487 
1480 44 1103 1165 1230 1253 1284 1407 1484 1492 1514 1534 
1481 1 1484 
1482 26 1034 1035 1151 1164 1200 1297 1484 1496 1514 
1483 52 1055 1167 1211 1234 1261 1279 1297 1377 1411 1428 1484 1487 1490 1496 1497 1507 1514 1525 1537 1538 
1488 1 1297 
1487 117 1034 1124 1165 1168 1199 1201 1211 1248 1253 1279 1297 1319 1322 1428 1442 1471 1489 1501 1520 1525 1534 
1489 64 1103 1140 1164 1167 1201 1234 1236 1253 1279 1297 1307 1374 1428 1482 1487 1490 1514 1520 1538 
1492 157 1032 1034 1035 1055 1103 1151 1164 1167 1168 1199 1200 1201 1211 1230 1236 1253 1279 1284 1297 1319 1377 1407 1428 1487 1489 1496 1506 1518 1520 1525 1534 1537 1538 
1493 1 1167 
1494 1 1167 
1495 10 1164 1167 1201 1482 1514 
1496 210 1035 1097 1103 1151 1164 1166 1167 1186 1199 1200 1201 1211 1230 1248 1253 1261 1267 1279 1297 1307 1319 1322 1353 1357 1360 1377 1393 1416 1428 1482 1487 1492 1501 1514 1521 
1497 28 1167 1201 1234 1297 1322 1531 1538 
1498 6 1167 
1499 12 1167 1497 
1500 48 1097 1151 1167 1199 1297 1315 1497 1538 
1501 38 1103 1167 1261 1322 1437 1471 1496 1514 
1506 41 1032 1297 1385 1489 1497 1520 1524 1531 
1502 2 1234 1506 
1503 3 1506 
1504 6 1506 1513 1533 
1505 4 1506 
1511 1 1377 
1510 16 1032 1234 1377 1441 1497 1513 1518 1524 1531 1538 
1512 1 1513 
1515 1 1441 
1516 1 1441 
1517 1 1441 
1519 1 1032 
1520 3 1032 1253 
1521 99 1049 1097 1111 1151 1166 1199 1201 1211 1230 1261 1267 1279 1319 1323 1374 1411 1419 1482 1487 1492 1496 1514 
1522 139 1103 1151 1211 1261 1297 1374 1385 1514 1521 1534 
1523 1 1524 
1525 35 1103 1199 1248 1253 1261 1279 1322 1428 1442 1487 1489 1514 1520 
1526 4 1279 1411 
1528 1 1531 
1538 81 1103 1124 1165 1199 1201 1236 1248 1253 1297 1319 1322 1428 1482 1487 1489 1492 1496 1514 1534 
1534 2 1538 
1535 2 1538 
1536 1 1538 
1537 68 1151 1164 1211 1234 1291 1357 1407 1492 1514 1538 
1542 244 1035 1103 1111 1159 1185 1234 1319 1353 1385 1473 1492 
1552 81 1049 1239 1284 1285 1291 1297 1411 1482 1489 1497 1534 
1553 20 1154 1428 1482 1497 1514 1525 
1547 28 1097 1374 1482 1492 1497 
1548 4 1497 
1549 587 1031 1034 1035 1049 1061 1097 1100 1103 1111 1137 1140 1151 1154 1157 1164 1165 1166 1186 1199 1201 1211 1230 1243 1247 1248 1261 1267 1279 1284 1285 1291 1297 1307 1315 1319 1322 1352 1353 1357 1360 1374 1378 1385 1390 1407 1411 1416 1419 1428 1441 1453 1471 1473 1482 1487 1489 1492 1496 1497 1501 1510 1514 1521 1534 
1550 42 1031 1157 1385 1497 
1551 1 1497 
1555 79 1034 1097 1164 1165 1230 1234 1236 1261 1297 1319 1428 1482 1487 1489 1492 1496 1514 
1560 3 1049 
1565 8 1211 
1566 46 1097 1315 1378 1453 
1568 1 1277 
1574 1 1537 
1575 1 1537 
1582 13 1199 1211 1253 1279 1428 1521 
1583 87 1097 1111 1154 1166 1211 1236 1374 1411 1428 1437 1482 1492 1542 
1587 5 1248 
1585 102 1031 1035 1097 1151 1164 1165 1211 1243 1248 1279 1284 1297 1378 1384 1482 1492 1520 
1589 13 1201 1236 1261 1428 
1592 30 1186 1384 1416 1489 
1594 114 1034 1103 1124 1164 1168 1211 1230 1236 1248 1253 1279 1297 1319 1374 1428 1442 1471 1482 1487 1489 1496 1514 1534 
1596 29 1199 1201 1319 
1599 3 1489 
1603 16 1243 
1571 24 1031 1035 1200 1279 1297 1357 1482 1510 1514 
1601 4 1428 
1604 4 1253 
1605 10 1168 1199 1253 1442 1520 1525 
1608 355 1031 1034 1035 1049 1061 1097 1103 1111 1124 1137 1140 1151 1165 1168 1186 1199 1201 1211 1230 1243 1248 1250 1253 1261 1267 1279 1284 1291 1297 1307 1319 1322 1353 1357 1374 1378 1384 1390 1393 1407 1416 1419 1428 1442 1444 1453 1471 1482 1489 1492 1514 1520 1521 1525 1534 1542 
1609 1 1201 
1610 12 1201 1211 1236 1253 1297 1428 1496 
1612 68 1211 
1613 15 1236 1496 1520 
1614 73 1211 1236 1267 1279 1322 1357 1374 1442 1514 1525 
1615 162 1034 1103 1124 1137 1151 1164 1168 1199 1200 1211 1230 1248 1253 1279 1285 1297 1319 1322 1407 1411 1428 1442 1471 1482 1487 1489 1496 1501 1514 1520 1525 1534 
1530 11 1428 
1619 4 1297 1428 1487 
1620 1 1428 
1621 80 1031 1035 1049 1111 1211 1353 1378 1428 1444 1492 1514 1521 
1622 50 1034 1279 1297 1357 1428 1482 1487 1492 1496 1514 
1623 39 1049 1357 1428 1487 
1625 2 1525 
1627 1 1525 
1626 2 1525 
1628 12 1297 1471 1514 1542 
1630 2 1279 
1631 6 1165 1168 
1632 3 1471 
1638 3 1103 
1639 36 1186 1284 1378 1473 
1641 2 1035 1489 
1642 1 1489 
1643 1 1489 
1644 48 1049 1186 1297 1384 1489 1521 
1646 5 1199 
1655 1 1520 
1656 1 1520 
1661 66 1211 1297 1305 
1662 6 1124 
1564 27 1353 1390 1496 
1665 1 1471 
1666 1 1471 
1667 55 1049 
1668 5 1186 
1670 18 1124 1374 1390 
1647 19 1211 1279 
1674 8 1250 1279 
1675 2 1279 
1676 1 1279 
1677 2 1199 1279 
1678 3 1211 
1681 2 1442 
1682 1 1442 
1684 9 1416 
1686 1 1501 
1687 6 1501 
1689 2 1031 
1692 3 1514 
1691 50 1049 1191 1416 1492 
1701 112 1031 1035 1186 1360 1416 1473 
1697 70 1164 1186 1247 1385 
1700 93 1151 1297 1353 1385 1482 1496 1521 
1711 9 1151 1211 
1705 47 1297 1419 1542 
1707 34 1186 1211 1267 1285 1297 1384 
1709 6 1031 1297 
1712 1 1319 
1713 1 1319 
1714 5 1319 
1717 96 1164 1166 1185 1211 1261 1284 1297 1322 1357 1482 
1719 10 1031 1496 
1720 14 1285 1378 1453 
1722 14 1378 1403 
1688 25 1285 1378 1453 
1729 19 1124 1200 1353 
1732 18 1416 1487 1492 
1730 45 1166 1211 
1733 42 1247 1352 1482 1514 
1734 55 1151 1211 1322 1357 1378 1453 1521 
1735 1 1322 
1736 1 1199 
1737 9 1199 
1740 1 1199 
1738 3 1199 
1739 1 1199 
1741 9 1199 1419 1496 
1746 7 1378 
1742 6 1411 
1744 8 1297 
1748 76 1307 1453 1521 
1749 68 1097 1297 
1754 23 1185 1211 1496 
1756 89 1061 1103 1186 1200 1230 1250 1261 1297 1315 1353 1390 1411 1492 1514 1534 
1757 16 1137 
1762 47 1493 1496 
1765 4 1407 1487 
1766 27 1250 1297 1374 1496 
1767 97 1097 1151 1164 1165 1200 1473 1496 1534 
1769 67 1151 1164 1211 1261 1284 1416 
1772 141 1031 1103 1111 1137 1151 1164 1186 1243 1261 1297 1374 1378 1407 1492 1496 1514 1521 
1759 5 1411 1514 
1778 8 1164 
1751 35 1103 
1783 57 1035 1103 1353 1411 1416 1492 1542 
1784 1 1103 
1785 1 1103 
1792 31 1034 1261 1284 1374 1521 
1795 44 1157 1166 1357 1416 1453 
1799 48 1357 
1800 20 1111 1151 1186 1493 
1811 43 1031 1097 1267 1297 1352 1393 1473 
1803 19 1164 
1808 129 1049 1097 1111 1164 1230 1284 1285 1353 1378 1384 1385 1407 1419 1482 1492 1514 1521 
1812 4 1261 
1813 41 1261 
1814 105 1261 1291 1315 1357 1393 1416 
1816 10 1151 1482 
1820 90 1097 1166 1211 1267 1291 1297 1357 1374 1419 1492 1514 1521 
1821 7 1514 
1822 11 1164 1230 1514 
1823 49 1035 1353 1444 1498 1514 
347 8 1165 
1835 73 1035 1186 1200 1211 1315 1374 1407 1416 1492 
1836 16 1151 1165 1211 1297 
1837 28 1137 1315 1407 1542 
1838 57 1137 1239 1285 1407 
1830 3 1542 
1831 3 1542 
1849 1 1211 
1847 47 1411 
1848 16 1211 
1855 12 1111 
1857 8 1230 
1865 6 1411 
1866 1 1411 
1867 2 1411 
1868 22 1378 1411 1444 
1875 33 1166 1393 
1872 5 1297 
1876 3 1111 
1885 44 1097 1297 1357 1482 1534 
1886 4 1211 
1888 36 1031 1243 
1891 36 1049 1097 1186 1211 1230 1250 1384 
1894 1 1534 
1895 1 1534 
1896 51 1035 1211 1297 1315 1374 1390 1498 1534 
1899 6 1165 1230 1284 
1908 9 1137 1164 1315 
1918 20 1211 1297 1492 1542 
1919 112 1061 1151 1200 1211 1243 1284 1353 1374 1378 1390 1419 1482 1521 1542 
1921 1 1230 
1922 204 1097 1154 1230 1267 1291 1353 1357 1393 1416 1419 1493 1521 
1923 2 1111 
1925 22 1111 1542 
1928 7 1111 
1931 15 1186 1353 1542 
1937 13 1473 
1940 5 1186 
1946 4 1157 1165 
1947 15 1165 
1948 14 1165 1186 
1962 31 1151 1164 1200 1284 1407 1482 
1966 18 1285 1378 
1965 9 1284 1285 1378 
1967 31 1267 1285 1416 
1972 181 1159 1166 1211 1239 1247 1267 1291 1297 1307 1315 1357 1416 
1975 1 1284 
1976 6 1284 1285 
1977 34 1031 1035 1111 1243 1284 1353 1378 1482 
1978 1 1284 
1952 3 1482 
1980 47 1482 1492 
1982 29 1211 1250 1267 
1985 56 1166 1357 1390 1482 1492 
1990 36 1074 1239 1352 1385 
1991 66 1049 1267 1291 1374 1384 1419 1482 1521 
1992 16 1384 1492 
1994 1 1151 
1995 3 1151 
1996 1 1151 
1997 88 1031 1035 1061 1097 1111 1137 1151 1186 1285 1297 1353 1378 1407 1482 1492 1542 
1794 26 1166 1393 1482 
2000 1 1482 
2001 39 1159 1482 1492 
2009 63 1166 1211 1267 1357 
2014 10 1267 
2016 13 1315 
2033 22 1473 
2038 5 1031 
2052 14 1097 1186 
2053 1 1200 
2062 121 1031 1035 1061 1111 1166 1243 1267 1285 1297 1353 1378 1444 1492 1542 
2063 21 1186 1285 1378 
2065 50 1111 1166 1297 1315 1323 
2069 17 1049 1250 1323 
2071 7 1378 
2072 121 1031 1035 1049 1097 1137 1186 1250 1285 1291 1297 1374 1378 1384 1390 1419 1444 1492 1521 1542 
2085 28 1049 1111 1250 1419 1521 
2091 8 1307 
2093 55 1049 1097 1186 1250 1315 1374 1416 
2099 22 1297 1353 
2102 45 1166 1211 1243 1291 1416 1473 1492 
2104 2 1407 
2103 2 1035 
2105 11 1111 
2109 47 1186 1211 1453 
2108 4 1186 
2110 3 1407 
2111 4 1407 
2114 39 1291 
2115 16 1186 1211 1285 1310 
2116 20 1166 
2117 23 1049 
2118 113 1049 1097 1239 1285 1492 
2121 1 1111 
2120 122 1049 1140 1166 1353 1492 
2133 129 1031 1035 1049 1097 1186 1211 1243 1250 1291 1297 1374 1384 1390 1419 1492 1521 
2135 146 1247 1267 1297 1419 1453 1473 
2138 1 1285 
2142 2 1186 
2145 145 1166 
2156 41 1035 1061 1140 1353 1492 
2159 18 1140 1444 
2160 26 1297 1416 
2169 32 1031 1035 1211 1374 1390 1521 
2171 16 1297 
2172 29 1111 1250 1384 
2174 65 1154 1353 1374 
2176 17 1211 
2186 61 1111 1291 1315 1403 1419 
2187 1 1111 
2188 3 1111 
2189 1 1111 
2190 1 1111 
2191 1 1111 
2192 5 1315 
2193 12 1031 1211 1297 1492 
2206 14 1097 1154 1374 
2209 31 1166 1357 1416 
2210 17 1061 1140 
2215 15 1211 1444 
2218 1 1444 
2219 1 1444 
2225 34 1049 1492 
2226 28 1166 1374 
2234 14 1267 
2230 49 1297 1419 
2231 66 1186 1250 1492 
2229 143 1097 1157 1166 1186 1250 1267 1357 1385 1393 1416 1437 
2233 36 1035 1097 1186 1250 1492 
2236 75 1061 1267 1291 1357 1393 1416 
2237 241 1166 1185 1291 1297 1305 1315 1357 1416 
2241 14 1097 1186 1353 1492 
2240 108 1031 1074 1186 1243 1297 1307 1393 1492 
2242 3 1140 
2041 6 1140 1378 
2249 38 1353 1403 
2251 25 1061 1542 
2255 31 1031 1243 1291 1390 1492 
2256 247 1049 1100 1291 1297 1374 1384 1419 1521 
2257 49 1166 
2258 95 1166 1297 
2264 58 1049 1186 1353 1357 1403 1473 
2274 48 1250 1267 1437 1492 
2282 5 1542 
2283 1 1542 
2286 6 1035 1297 1492 
2285 17 1393 
2287 4 1492 
2290 120 1100 1157 1166 1297 1307 1385 
2289 14 1385 
2297 164 1166 1267 1297 1307 1315 1357 1374 1384 1416 
2298 48 1211 1385 
2299 67 1390 
2300 1 1390 
2301 1 1390 
2302 1 1390 
2314 3 1297 
2322 19 1031 1297 
2323 111 1157 1243 1297 1307 1385 1492 
2326 252 1031 1100 1140 1157 1166 1239 1297 1307 1310 1385 1453 
2328 215 1035 1049 1097 1166 1186 1211 1239 1297 1384 1492 1521 
2332 36 1049 1250 
2342 5 1211 
2343 7 1250 
2351 1 1031 
2352 2 1031 
2354 1 1031 
2353 1 1031 
2272 31 1031 1166 1211 1297 1492 1521 
2357 12 1035 1267 1492 1521 
2363 4 1035 1315 1393 
2364 14 1035 
2365 77 1035 1297 1357 1453 1521 
2366 7 1097 1374 
2367 8 1097 
2368 17 1097 
2369 189 1352 1493 
2371 124 1166 1186 1211 1250 1267 1291 1297 1315 1357 1416 1437 1453 1492 
2375 49 1049 1157 1185 1186 1250 1384 1419 1521 
2376 26 1374 
2381 71 1297 1385 
2379 45 1307 
2382 1 1297 
2384 72 1166 1315 1385 1416 
2398 62 1250 
2401 1 1323 
2402 2 1100 1323 
2410 34 1492 
2306 4 1049 1492 
2411 141 1140 1166 1297 1385 1419 1453 1492 
2412 3 1492 
2413 2 1492 
2416 37 1211 1291 
2113 7 1154 
2435 35 1211 1297 1374 
2462 4 1250 
2472 75 1049 1154 1267 1315 1357 1393 1416 1419 1437 1521 
2473 103 1049 1267 1291 1315 1374 1384 1393 1419 1521 
2476 35 1291 1357 1416 
2482 3 1250 
2485 324 1166 1185 1239 1267 1291 1307 1315 1357 1360 1393 1403 1453 1473 
2488 21 1166 
2497 38 1166 1211 
2502 30 1186 
2504 100 1185 1453 
2506 46 1186 
2507 69 1297 1352 1357 1393 1416 
2508 13 1374 
2509 11 1374 1384 
2510 68 1166 1186 1250 1267 1297 1416 1437 
2517 5 1310 
2518 4 1186 
2519 1 1186 
2355 1 1186 
2520 1 1186 
2530 1 1186 
2531 2 1186 
2521 1 1186 
2522 1 1186 
2523 5 1186 
2534 1 1186 
2526 1 1186 
2527 2 1186 
2528 1 1186 
2535 47 1186 1453 
2536 1 1186 
2537 1 1186 
2538 1 1186 
2529 1 1186 
2540 1 1186 
1181 1 1186 
2541 37 1211 1297 
2542 93 1100 1267 1297 1307 1453 
2546 34 1357 1416 1419 
2547 105 1357 1437 
2549 70 1211 1357 
2550 26 1357 1416 1437 
2551 2 1211 
2566 32 1374 
2557 77 1154 1310 1315 1419 
2567 5 1211 
2559 82 1166 1211 1291 1297 1385 
2560 180 1157 1211 1239 1291 1297 1305 1307 1360 
2564 50 1315 1352 1473 
2565 893 1100 1154 1157 1166 1185 1191 1211 1239 1247 1267 1291 1297 1305 1307 1310 1315 1357 1360 1374 1384 1385 1393 1403 1416 1419 1437 1493 1498 
2569 5 1049 1374 
2576 146 1159 1166 1211 1297 1315 1357 1416 
2593 32 1049 1374 1521 
2594 45 1166 1297 
2595 49 1297 1357 
2474 142 1049 1267 1291 1307 1357 1374 1384 1393 1416 1419 
2605 64 1166 1297 
2608 14 1419 
2612 29 1291 1297 
2618 53 1166 1267 
2623 108 1297 1453 
2619 46 1357 1416 
2626 3 1374 
2646 39 1049 1291 1437 
2647 18 1291 1521 
2651 269 1140 1166 1185 1297 1305 1360 1385 1416 1437 1453 
2653 113 1166 1267 1297 1307 1453 
2655 49 1159 1211 1307 1315 
2657 44 1297 1352 
2658 307 1100 1157 1166 1185 1305 1385 1498 
2672 13 1049 1374 1384 1419 1521 
2674 103 1166 1267 1291 1297 1305 1357 1393 1416 
2676 7 1154 1374 
2683 13 1357 
2699 74 1416 
2700 168 1100 1157 1166 1239 1297 1453 
2686 156 1159 1166 1267 1297 1357 1393 1416 1437 
2702 80 1385 1437 
2703 61 1393 
2688 618 1100 1159 1166 1185 1239 1247 1267 1297 1305 1310 1352 1357 1360 1385 1393 1416 1437 1453 1473 
2704 75 1157 1267 1393 1437 
2660 164 1140 1157 1166 1267 1360 1393 
2689 38 1297 
2667 126 1159 
2690 26 1267 1357 
2691 44 1297 1357 
2692 19 1393 
2693 149 1166 1239 1310 1416 
2696 64 1185 1267 1393 
2697 45 1297 
2711 13 1166 
2715 2 1384 
2716 1 1384 
2717 1 1384 
2718 1 1384 
2719 21 1049 
2721 2 1049 
2722 1 1049 
2723 1 1049 
2724 10 1049 
2725 1 1049 
2727 33 1211 1357 1521 
2728 3 1154 1521 
2730 2 1374 
2736 1 1374 
2737 16 1374 
2738 3 1374 
2739 1 1374 
2740 28 1154 1374 
2744 39 1154 
2747 79 1100 1297 
2760 23 1385 
2768 40 1291 1419 
2774 46 1297 1310 1403 1416 
2778 22 1211 
2789 3 1211 
2790 173 1166 1297 1357 1453 
2791 15 1166 1297 
2792 18 1419 
2796 8 1211 
2815 11 1291 
2822 43 1211 1291 
2654 104 1267 1291 1297 1357 1416 1453 
2831 39 1166 
2832 50 1360 
2833 7 1419 
2838 21 1211 1297 1419 
2839 5 1419 
2840 14 1419 
2845 3 1211 
2855 16 1360 
2859 139 1157 1239 1307 1453 
2866 6 1211 
2871 282 1157 1211 1239 1267 1297 1307 1310 1315 1357 1360 1385 1393 1416 1453 
2872 87 1211 1297 1307 1393 1437 1453 
2875 6 1393 
2880 2 1453 
2883 28 1211 1416 
2885 5 1315 
2900 29 1267 1297 
2904 18 1211 1357 1416 
2909 57 1310 
2912 33 1357 1393 1416 
2913 11 1305 
2919 2 1211 
2923 35 1211 1297 
2925 19 1211 
2932 62 1157 1211 1297 
2933 6 1211 
2939 7 1211 
2938 1 1211 
2940 123 1157 1166 1211 1352 
2941 11 1211 
2936 8 1211 
2947 10 1291 
2948 26 1357 1416 1437 
2950 13 1315 
2951 19 1185 1385 
2958 47 1267 
2964 70 1140 1239 1267 1305 1307 1360 1385 1437 
2967 238 1157 1166 1239 1297 1305 1307 1310 1315 
2968 55 1166 1357 1416 
2972 357 1159 1239 1247 1305 1310 1360 
2983 28 1493 
2985 4 1315 
2986 3 1315 
2987 9 1315 1357 
2988 55 1191 1315 1473 1493 
2989 10 1315 
3000 43 1166 
3009 51 1385 
3005 28 1307 1357 
3006 31 1267 1291 
3010 123 1166 1291 1297 1307 
2707 103 1239 1357 1385 1437 1473 
3015 44 1473 
3017 3 1291 
3018 19 1357 
3020 52 1267 1357 1393 1416 
3021 7 1473 
3024 52 1166 1291 1297 1307 1453 
3026 175 1157 1247 1297 1307 1357 1385 1437 
3027 39 1310 
3028 189 1166 1393 
3031 50 1166 1267 1297 
3032 216 1140 1157 1166 1239 1297 1385 1453 
3033 45 1166 1357 1393 
3034 38 1157 1297 1360 
3035 13 1352 1385 
2713 200 1100 1157 1166 1239 1297 1307 1385 1453 
3037 7 1166 
3039 14 1297 
3040 7 1498 
3041 14 1416 
3056 44 1393 1493 
3053 9 1297 
3055 52 1297 
3057 48 1166 1357 1473 
3059 32 1437 1453 
2356 57 1166 
3062 42 1267 1393 1416 1437 
3072 25 1357 1393 1416 
3073 34 1310 1498 
3081 20 1157 
3084 62 1297 
3088 37 1100 1157 1297 
3089 4 1437 
3098 37 1393 1416 
3095 37 1267 1357 1393 1437 
3106 5 1357 1403 
3107 10 1357 1453 
2842 124 1157 1166 1357 1385 1453 
3108 8 1267 1357 1416 
3110 21 1297 
2003 63 1267 1297 
3144 88 1157 1166 1453 
3148 26 1166 1473 
3156 1 1416 
3168 79 1185 1307 1453 
3172 13 1385 
3175 41 1453 
3180 24 1267 
3188 20 1297 
3189 10 1297 
3192 56 1305 1307 1453 
3191 68 1247 
3197 4 1267 
3199 13 1267 
3206 1 1437 
3207 1 1437 
3209 41 1267 1385 
3225 13 1267 
3226 1 1267 
3227 19 1267 
3228 1 1267 
3252 37 1297 
3258 95 1157 1166 1297 
3275 14 1166 1297 
3276 79 1140 1157 1307 
3291 58 1166 
3301 15 1297 
3309 4 1297 
3310 18 1191 
3315 13 1247 
3290 36 1385 
3340 4 1297 
3343 13 1297 
3350 55 1360 
3352 273 1140 1166 1185 1239 1247 1297 1307 1310 1385 1453 
3306 7 1297 
3366 63 1140 
3373 12 1157 
3378 41 1297 1385 
3380 42 1157 1166 
3381 180 1403 
3388 15 1159 
3392 33 1239 1297 
3394 156 1297 1305 
3402 122 1157 1185 1305 1310 
3404 89 1159 1297 
3390 60 1360 1473 
3439 88 1166 1239 1352 1385 
3447 271 1305 1310 
3449 314 1159 1185 1247 1310 1360 1473 
3450 27 1185 
3451 98 1140 1185 1360 1385 
3452 131 1305 1310 1360 1403 1473 
3453 319 1185 1247 1305 1310 1360 1385 1473 
3454 148 1185 1239 1305 1307 1310 1385 
3455 68 1185 1305 1310 
3456 241 1305 1310 1352 1360 1385 1498 
3457 166 1157 1191 1297 1305 1360 1385 1498 
3458 69 1473 
3461 101 1185 1247 
3462 54 1157 1185 1305 1352 1473 
3463 56 1185 1360 
3466 17 1166 1352 
3469 23 1166 
3470 21 1166 
3472 15 1305 
3479 102 1157 1166 1307 
3481 17 1297 
3482 24 1100 1297 
3483 20 1247 
3478 42 1159 1239 1297 1473 
3488 16 1157 1473 
3498 114 1385 1473 
3518 6 1297 
3523 28 1100 1297 
3525 16 1297 
3527 64 1297 1403 1453 
3386 12 1166 
3541 81 1239 1453 
3508 11 1166 1297 
3560 16 1297 
3562 40 1166 1297 
3568 147 1185 1239 1307 1453 
3569 42 1297 1453 
3587 15 1166 
3528 13 1166 1297 
3593 26 1403 
3600 12 1166 
3602 1 1166 
3603 12 1166 1305 1310 
3611 22 1297 
3614 205 1100 1157 1159 1247 1297 1310 1473 
3615 144 1297 1307 1453 
3620 1 1157 
3621 1 1157 
3622 22 1157 
3624 64 1247 1473 
3625 4 1239 
3630 32 1297 
3631 91 1307 
3634 82 1159 
3635 63 1157 1453 
3636 11 1453 
3641 212 1060 1307 1385 
3642 362 1159 1239 1352 1473 1493 
3643 44 1385 1473 
3645 40 1239 
3647 13 1453 
3658 39 1239 
3659 38 1385 
3660 87 1157 1307 1385 1453 
3661 36 1453 
3665 20 1385 
3666 144 1159 1185 1247 1453 
3677 2 1305 
3682 75 1140 1157 1239 1307 1453 
3692 8 1473 
3688 4 1385 
3691 95 1140 1191 1307 1473 
3714 15 1239 
3723 7 1297 
3724 93 1140 1239 1297 1307 1385 1453 
3722 2 1297 
3733 1 1297 
3571 45 1297 1403 1453 
3725 4 1297 
3726 3 1297 
3727 1 1297 
3728 85 1297 1307 1385 1453 1473 
3729 11 1297 1307 
3735 3 1297 
3730 1 1297 
3731 15 1297 
3742 3 1100 
3743 10 1100 1385 
3767 16 1385 
3770 22 1403 
3777 11 1385 
3786 99 1159 1453 
3787 232 1185 1305 1310 1360 
3798 23 1239 
3803 10 1060 
3806 45 1473 
3812 53 1307 
3813 94 1307 
3814 47 1239 1307 
3842 15 1453 
3854 82 1352 1473 
3855 6 1157 
3872 15 1307 
3877 13 1310 
3923 1 1453 
3924 5 1453 
3925 7 1453 
3949 30 1239 
3956 85 1157 1307 
3960 23 1473 
3969 90 1305 1385 1403 
3973 33 1140 
3976 145 1305 1310 
3985 32 1239 1498 
4001 28 1385 
4036 147 1159 1239 1247 1305 1307 1310 
4037 15 1385 
4040 104 1403 
4041 68 1247 
4042 21 1239 
4044 89 1305 1360 
4045 257 1159 1305 1310 1352 1360 1403 1473 
4046 89 1403 
4056 23 1157 1385 
4077 77 1247 1305 
4078 2 1239 
4065 131 1185 1239 1305 1310 
4070 111 1159 1305 1385 
4071 17 1473 
4073 115 1239 1307 
4074 33 1157 1385 
4082 15 1385 
4089 3 1307 
4090 1 1307 
4091 1 1307 
4092 1 1307 
4099 155 1385 
4111 16 1140 
4119 6 1239 
4120 3 1239 
4076 86 1159 1239 
4123 25 1157 1239 
4124 50 1157 1239 
4128 9 1239 
4136 26 1157 
4138 64 1239 
4144 76 1157 1305 1352 1385 
4151 84 1185 
4155 5 1239 
4169 9 1239 
4187 9 1310 1360 
4200 5 1498 
4211 65 1385 
4219 112 1305 
4222 41 1305 
4223 7 1157 
4255 9 1305 
4261 24 1385 
4266 11 1157 1473 
4273 23 1157 
4276 52 1247 1473 
4304 1 1157 
4305 1 1157 
4308 7 1157 
4306 1 1157 
4307 3 1157 
4313 5 1385 
4315 29 1385 
4324 8 1185 1385 
4338 40 1473 
4335 32 1074 
4353 80 1247 
4364 39 1185 
4408 1 1385 
4405 1 1385 
4415 17 1305 1360 
4433 24 1185 
4437 70 1185 
4441 202 1191 1247 
4442 18 1360 
4451 9 1352 1473 
4483 153 1305 1498 
4488 50 1352 1498 
4550 100 1247 
4574 40 1305 1310 
4581 3 1185 
4632 228 1159 1385 1473 1498 
4653 114 1385 
4663 10 1305 
4665 9 1360 
4673 96 1352 
4681 20 1305 1498 
4682 14 1310 
4686 57 1159 1305 1385 
4688 59 1305 1310 1360 
4709 25 1473 
4712 121 1310 1352 
4725 36 1305 1310 
4739 11 1473 
4756 34 1305 
4748 38 1305 1310 
4760 7 1305 
4781 27 1352 1385 
4814 20 1360 
4813 46 1310 1352 
4816 1 1360 
4817 1 1360 
4818 28 1305 
4824 101 1473 
4829 78 1247 
4840 4 1385 
4843 24 1473 
4859 30 1310 
4853 5 1305 1352 
4891 7 1305 
4893 5 1305 
4894 79 1305 
4932 2 1305 
4937 17 1305 1310 
4948 214 1191 1310 1385 1473 1498 
4963 13 1310 
4966 25 1385 
4967 361 1074 1159 1247 1352 1403 1473 
4978 1 1310 
4979 1 1310 
4980 16 1310 
4981 53 1310 1385 
4982 43 1310 1385 
4977 3 1310 
4983 4 1310 
5002 115 1403 
5006 28 1385 
5022 172 1074 1493 
5020 139 1247 1385 
5079 271 1074 1247 1352 1473 
5090 3 1403 
5106 33 1403 
5102 54 1403 
5103 127 1498 
5104 3 1473 
5110 84 1247 
4828 168 1385 
5123 69 1159 
5125 54 1385 
5139 11 1385 
5140 51 1352 1493 
5162 5 1352 
5166 48 1352 
4795 73 1403 1498 
5176 139 1159 1247 1473 
4310 278 1159 1191 1352 1403 1473 
5179 217 1473 
5180 49 1473 
5181 41 1352 
5184 68 1247 
5185 152 1352 
5187 31 1473 
5188 211 1352 1473 
5189 312 1247 1498 
5191 10 1473 
5195 4 1385 
5233 24 1385 
5232 2 1385 
5238 3 1385 
5243 19 1247 1385 
5246 44 1352 
5250 14 1247 
5261 2 1385 
5262 59 1159 1473 
5263 75 1159 1473 
4407 1 1385 
5265 1 1385 
5276 9 1498 
5313 12 1473 
5384 2 1247 
5391 37 1247 
5427 37 1159 
5431 1 1247 
5432 4 1247 
5472 16 1473 
5485 21 1159 1473 
5489 12 1473 
5524 389 1191 1403 1498 
5531 243 1159 1352 1403 1473 
5532 26 1352 
5543 137 1159 
5552 8 1473 
5600 8 1473 
5606 28 1473 
5616 15 1403 1473 
5624 28 1159 
5650 2 1191 
5697 230 1352 
5714 44 1352 1473 
5763 4 1473 
5764 1 1473 
5765 1 1473 
5775 42 1191 
5772 15 1493 
5787 32 1159 
5796 191 1074 1159 1498 
5800 222 1191 1403 1498 
5802 385 1352 1403 1498 
5811 79 1403 
5814 144 1403 
5817 75 1074 
5819 61 1074 1493 
5821 22 1352 
5839 41 1352 
5857 92 1403 
5859 16 1493 
5862 24 1352 
5915 52 1191 
5920 10 1191 
5934 42 1352 
5998 81 1352 
6005 1 1159 
6003 1 1159 
6006 68 1159 1498 
6004 6 1159 
6007 6 1159 
6032 80 1403 
6072 54 1498 
6217 31 1352 
6241 75 1403 
6272 76 1403 
6280 52 1403 
6299 78 1493 
6305 190 1493 
6344 2 1352 
6359 81 1352 
6327 108 1403 
6447 12 1352 
6458 28 1352 
6467 8 1352 
6486 85 1403 
6518 33 1403 
6522 29 1493 
6460 58 1498 
6550 9 1498 
6563 58 1493 
6596 177 1191 1498 
6598 6 1403 
6605 10 1352 
6607 4 1352 
6619 104 1403 
6615 160 1403 
6624 135 1191 1403 1498 
6665 29 1498 
6702 10 1403 
6714 100 1403 
6751 2 1493 
6726 12 1493 
6758 10 1498 
6620 93 1403 
6906 49 1403 
6907 191 1191 1403 1498 
6916 54 1403 
6924 16 1498 
6951 47 1498 
6971 6 1403 
6993 81 1191 
7052 142 1191 1403 
7045 36 1498 
7047 161 1191 1498 
7055 98 1498 
7049 27 1191 
7057 118 1498 
7086 123 1403 1498 
7092 93 1191 1403 
7104 15 1403 
6994 19 1403 
7188 14 1403 
7222 1 1403 
5143 16 1403 
7240 1 1403 
7241 21 1403 
7578 28 1498 
7614 39 1191 
7650 2 1498 
7675 25 1498 
7682 36 1191 
7766 13 1191 
7768 11 1498 
7774 35 1498 
7882 11 1498 
7902 21 1498 
7980 15 1498 
