3 23 8283 
25 90 8282 8284 
4 29 8282 
6 302 8282 8290 
7 24 8283 8287 
8 182 8284 
11 743 8286 8287 8290 8291 8293 
12 65 8287 8291 
14 114 8285 8287 
15 50 7871 8287 8292 
20 187 7726 8288 
23 74 8288 
28 133 8282 8284 8285 
36 227 7908 8174 8282 
26 95 8282 
42 89 8287 
44 44 8295 
46 59 8287 
47 146 8212 8282 8294 
29 150 8294 
56 24 8287 8290 
58 38 8237 
66 44 7961 
72 164 8042 8128 8295 
75 31 8284 8285 
78 41 8287 
79 53 8284 8287 
81 18 8287 
83 8 8287 
86 122 8291 
71 109 7809 7921 
87 195 8141 8174 8212 8287 
90 72 8287 
94 80 8282 
99 24 7803 8132 8237 
31 15 8285 8286 8287 
104 30 8287 
68 275 7795 7839 8051 8178 8287 8293 8295 
107 4 8287 
108 2 8283 
109 190 7757 7763 7788 7809 7810 7908 7924 7961 8042 8237 8291 8297 
110 95 7855 7862 8285 8287 8288 
121 9 8283 8285 
122 213 8293 8294 
113 89 7809 7839 8285 8287 8292 
124 3 8283 
127 132 8178 8293 8294 
128 80 8290 8291 8292 
139 37 8288 
147 58 8295 
151 74 8288 
152 21 8287 
154 61 8282 
155 28 7921 7927 
172 123 8291 8293 
173 334 7809 7813 8290 8291 
74 69 8290 
178 63 8288 
166 93 7924 7961 8079 8083 8132 8134 8141 8163 8198 8294 
187 37 8291 
199 17 7795 
192 19 8283 8287 
125 29 8283 8287 
215 100 8283 8290 8291 
237 41 8121 
259 56 8141 8294 
280 76 8083 
296 10 8282 
302 13 8283 
306 244 8288 8290 8294 
311 321 7809 7833 7839 7855 8083 8290 8295 
313 54 8290 8292 
317 140 8288 
319 199 7910 8037 8121 8163 8288 
335 46 7795 
336 31 8287 
339 80 7961 
341 47 8290 
346 86 8293 
352 9 8287 
364 14 8287 
366 14 8287 
367 5 8287 
371 117 7795 7809 
372 4 8287 
101 16 8287 
395 42 7795 7890 8163 
400 12 8284 
407 145 8290 8293 
425 79 8291 8293 8295 
426 41 8282 8284 8287 
432 157 7813 7862 7961 
440 8 8284 
447 15 7992 
454 9 8287 
457 732 7757 7791 7810 7833 7835 7860 7910 7924 7946 7957 7961 7965 7979 8037 8044 8050 8051 8121 8134 8141 8174 8198 8209 8212 8219 8224 8226 8249 8290 8291 8292 8293 8295 
462 4 8287 
463 6 8287 
465 17 8283 8284 8294 
472 1 8284 
486 1 8286 
489 5 8287 
494 3 8287 
502 4 8287 
511 3 8293 
527 1 8287 
528 1 8287 
531 1 8287 
530 7 8287 
529 1 8287 
546 142 8290 8291 8292 
553 22 7910 
580 30 7946 7961 7992 8037 
600 214 7912 8042 8174 8212 8219 
620 14 8289 
634 150 8288 
646 17 7862 
663 158 7809 
686 83 8288 8290 
695 118 7809 8292 
705 28 8289 
706 95 8291 
710 105 8289 8292 
722 264 8292 
737 232 7730 7778 7799 7803 7819 7839 7874 7921 7924 7927 7961 7965 8051 8134 8141 8163 8168 8192 8198 8204 8212 8297 
742 93 7795 7803 7809 
697 100 7809 8044 
749 66 7778 7992 
759 77 8293 
763 68 7813 7862 
764 34 8290 
766 773 7726 7757 7763 7778 7788 7795 7809 7813 7855 7860 7862 7871 7879 7882 7890 7908 7910 7912 7927 7946 7961 7965 7979 8037 8042 8073 8293 8294 
762 50 7809 
769 146 8141 8178 8294 
788 113 8295 
784 224 8209 8290 8291 8292 8293 
789 317 8290 8291 8295 
791 41 7899 7910 
805 90 7862 
813 272 8293 8294 
826 249 8290 
825 165 7809 7839 8246 8293 
854 99 7890 8174 8192 
856 91 7803 
865 97 8292 8293 
896 26 7961 
904 119 8291 
907 9 8291 
787 12 8290 
937 46 8288 
941 80 8291 
950 9 7979 
954 34 8291 
961 16 8290 8291 
967 16 8037 8042 8044 
968 5 7890 8174 
974 36 8294 
983 1 8288 
986 77 8290 8291 
988 292 7810 7835 7908 7910 8037 8042 8051 8073 8083 8121 8122 8124 8128 8130 8134 8141 8163 8168 8174 8178 8192 8198 8209 8212 8219 8224 8237 8293 
993 238 7961 8290 
996 297 8290 8291 8292 8293 
1029 135 8289 
1037 86 8290 
1043 21 8290 
1050 44 8290 
1051 46 7778 7890 8174 8192 
1055 196 7726 7910 8294 
1062 156 8291 
1063 29 7908 
1067 2 8290 
1098 305 7726 7763 7810 7819 7833 7839 7874 7879 7924 8002 8050 8141 8168 8246 8290 8291 
1133 399 7833 7890 7910 8002 8051 8134 8290 8294 8295 
1142 48 7839 
1151 472 7763 7788 7795 7809 7813 7835 7855 7862 7871 7879 7882 7890 7910 7912 7927 7946 7961 8290 8291 8292 
922 149 8290 
1164 39 7809 
1166 599 7726 7803 7809 7839 7908 7946 7992 8083 8122 8134 8290 8291 8292 8293 8294 8295 8297 
1167 158 8292 8293 
1179 10 8192 
1185 43 8293 
1200 107 7879 8293 
1202 66 8290 8291 
1207 26 8295 
1210 218 8292 
1211 79 8290 8294 
1215 65 7835 
1243 5 8290 
1247 77 8249 
1253 51 8290 
1259 45 8293 
1285 31 7839 
1297 76 8293 
1305 290 8292 8293 
1319 181 8290 8291 
1350 117 8290 8291 
1352 121 8290 
1365 7 7795 
1374 462 7726 7757 7763 7788 7795 7803 7809 7813 7839 7855 7860 7862 7871 7879 7882 7890 7908 7910 7912 7979 7992 8002 8037 8083 8121 8122 8128 8163 8168 8174 8192 8198 8290 8292 8293 8294 8297 
1380 63 8292 
1384 37 8293 
1385 35 7890 7992 8002 
1395 199 8293 
1419 41 8293 
1428 183 8290 
1184 79 8290 8292 
1441 41 8290 8291 
1462 48 8293 
1470 156 8292 8295 
1471 72 7855 
1473 91 7890 8002 
1480 44 8290 
1487 117 8290 8293 
1489 64 8291 
1492 157 8290 
1496 210 7839 7890 8290 8291 8294 
1497 28 8292 
1506 41 8134 
1521 99 8291 
1538 81 8290 
1539 5 7855 7912 
1542 244 7757 7763 7795 7809 7855 7862 7927 7946 8290 
1547 28 8290 
1549 587 8293 
1555 79 8290 8292 
1565 8 7862 
1566 46 8290 
1576 1 8288 
1581 1 8292 
1587 5 8294 
1585 102 8291 8297 
1594 114 8290 
1608 355 7882 8291 8293 8294 
1612 68 7726 7763 7788 7791 7803 7810 8037 8042 8044 8050 8134 8149 8198 8212 8219 8224 8235 8237 8249 
1613 15 7839 8148 8290 
1615 162 8290 
1530 11 8141 8178 
1621 80 8121 8290 
1623 39 8290 
1628 12 8290 
1644 48 7839 8290 
1661 66 7924 8293 
1658 9 7871 
1564 27 8290 
1667 55 7795 8019 8134 8198 
1670 18 8290 
1691 50 7862 7871 
1701 112 7763 7795 7855 7946 
1700 93 8290 
1717 96 8083 8292 8294 8295 
1720 14 7860 
1688 25 8174 
1729 19 8290 
1730 45 8294 
1734 55 7961 
1746 7 8291 
1748 76 7809 7890 7946 8249 8275 8291 
1749 68 8290 8293 
1757 16 8290 
1762 47 8002 8297 
1766 27 8290 
1767 97 8293 
1772 141 8290 8291 8292 8293 
1783 57 8290 
1789 11 7833 7871 
1792 31 8290 
1796 38 8297 
1799 48 7809 7908 
1800 20 8291 
1811 43 7910 
1803 19 8290 
1808 129 8290 8291 8293 
1814 105 8186 8192 8219 8224 8237 8293 8294 
1816 10 8290 
1820 90 8292 
1821 7 8291 
1835 73 8141 8294 
1838 57 8290 8293 8294 
1832 6 8293 
1857 8 8290 8291 
1888 36 8290 8291 
1891 36 8293 
1896 51 8237 8290 8293 
1915 33 8295 
1919 112 8291 
1922 204 8292 8293 
1931 15 8212 
1962 31 8290 
1966 18 7961 8149 
1967 31 8290 
1972 181 8293 8294 
1977 34 8291 
1982 29 7839 7961 
1985 56 8290 
1990 36 8294 
1997 88 8290 
2001 39 8042 8121 8290 
2010 27 7726 7795 7803 7946 7992 
2052 14 8291 
2062 121 8290 8291 
2065 50 8290 
2072 121 8290 8291 
2093 55 7979 
2099 22 8290 
2105 11 8290 
2110 3 7890 
2118 113 8290 
2120 122 7839 7994 8225 8290 
2129 44 8293 8294 
2133 129 8290 8291 
2135 146 7908 
2139 3 8290 
2144 23 8294 
2145 145 7757 7924 8290 8293 8297 
2156 41 8290 8291 
2159 18 8290 
2160 26 8290 
2161 3 8290 
2169 32 8290 8291 8292 
2174 65 8291 
2192 5 7803 
2196 3 7890 
2223 15 8033 8148 8294 
2225 34 8168 
2226 28 7890 7924 7961 8168 8291 
2234 14 8293 
2236 75 8291 
2237 241 8293 
2240 108 7992 8083 8168 8290 8291 8293 8294 
2250 3 8291 
2251 25 8291 
2256 247 8291 8293 8294 
2258 95 7810 7946 8083 8198 8294 
2260 1 8291 
2261 1 8291 
2262 1 8291 
2153 4 8291 
2276 32 7839 
2277 8 8175 8291 
2278 4 8291 
2282 5 8290 
2290 120 8293 
2297 164 8209 8293 
2299 67 8083 8174 8178 8192 8294 
2314 3 8293 
2309 3 8293 
2316 3 8293 
2317 2 8293 
2318 2 8293 
2319 3 8293 
2320 2 8293 
2321 3 8293 
2323 111 8294 8295 
2326 252 8293 8294 
2328 215 8291 8293 8294 
2332 36 8293 
2357 12 8290 
2365 77 8002 
2369 189 7810 7839 7855 7860 7862 7871 7908 7924 7928 8002 8083 8212 8224 8295 
2376 26 8246 
2381 71 7961 8292 8294 
2384 72 7946 8293 
2398 62 8293 
2410 34 7839 7910 
2411 141 8293 8294 
2416 37 8291 
2440 50 7908 7927 
2452 42 7924 8044 8174 
2456 31 7912 
2472 75 8291 8293 
2473 103 8291 
2478 6 8292 
2485 324 7795 7809 7833 7855 7862 7890 7927 7961 7965 8163 8174 8192 8212 8295 
2502 30 8141 8178 
2504 100 7839 7908 7924 8174 8296 
2506 46 7778 7860 7979 
2516 44 8128 8295 
2523 5 7890 
2535 47 8293 
2541 37 8293 
2542 93 8294 
2547 105 8293 8294 8295 
2549 70 7803 
2550 26 8291 
899 24 8292 
2555 12 8292 
2566 32 8292 
2557 77 8290 8292 
2567 5 8292 
2559 82 8292 8294 
2560 180 7726 7778 7788 7795 7803 7809 7813 7965 8293 
2565 893 7726 7757 7763 7778 7788 7791 7795 7799 7803 7809 7810 7813 7819 7833 7835 7839 7855 7857 7860 7862 7871 7879 7882 7890 7908 7910 7912 7921 7924 7927 7928 7946 7961 7965 7979 7992 7994 7996 8037 8042 8044 8051 8068 8073 8083 8121 8122 8124 8128 8130 8132 8134 8141 8148 8163 8168 8169 8174 8178 8192 8198 8209 8212 8219 8224 8237 8249 8292 8293 8294 
2576 146 7757 7763 7809 7871 7882 7910 8293 8295 
2585 60 8293 8294 
2593 32 8292 
2474 142 8294 
2612 29 8293 
2618 53 8293 8294 
2623 108 8293 
2619 46 7809 
2646 39 8293 
2651 269 8293 8294 
2653 113 8294 
2655 49 8293 
2658 307 7726 7778 7810 7813 7835 7855 7860 7862 7871 7879 7882 7890 7899 7910 7912 7927 7946 7961 7965 7979 8024 8037 8042 8044 8134 8163 8168 8169 8178 8209 8212 8219 8237 
2674 103 8293 8295 
2700 168 8294 
2686 156 8293 8295 
2703 61 8293 
2688 618 8293 8294 8295 
2660 164 7809 7855 8141 
2689 38 7874 7910 7961 
2691 44 8293 
2692 19 8293 
2693 149 8293 8295 
2706 18 8293 
2694 18 7862 
2695 7 8294 
2719 21 8293 
2728 3 8291 
2755 1 8291 
2765 29 7965 
2774 46 7795 
2790 173 8293 
2791 15 8293 
2822 43 8292 
2654 104 8294 
2831 39 7908 7910 7912 
2835 1 8292 
2851 44 7871 7912 8212 
2859 139 8293 8294 
2871 282 8293 8294 
2872 87 8293 8294 
2467 4 8293 
2907 6 7809 
2909 57 8294 
2925 19 8178 
2941 11 8141 
2936 8 8186 
2948 26 8293 
2964 70 8293 8294 
2967 238 8293 8294 
2968 55 7908 
2972 357 7734 8294 8295 
2974 15 8293 
2983 28 7791 7810 7833 8051 8168 8178 8192 8198 8212 8224 8237 8249 
3000 43 8297 
3010 123 8293 8294 
3020 52 8293 
3021 7 7890 
3026 175 8293 
3028 189 8294 
3032 216 8083 8297 
2713 200 8293 8294 
3046 10 8293 
3055 52 8293 
3057 48 7833 7890 7979 8174 
3047 12 8293 
3072 25 8293 
3063 3 7735 
3084 62 7788 7803 7809 8293 8294 
3088 37 7810 7879 8124 8174 8192 8198 8237 
3092 81 7855 8134 8141 8295 8296 
2842 124 8293 8294 
3109 9 8227 
2003 63 7860 8192 8209 
3142 49 7791 7810 7928 7992 7996 8042 8051 8124 8134 8178 8192 8198 8209 8212 8219 8237 8249 8293 
3159 9 8293 
3168 79 8293 8294 
3192 56 8294 
3209 41 8293 
3216 2 8293 
3227 19 7810 7862 
3235 1 8293 
3233 3 8293 
3238 28 7809 7839 7855 8174 
3258 95 8293 
3274 69 7763 7809 
3276 79 8293 8294 
3291 58 8293 8295 
3297 51 7860 7910 7961 8037 8044 8073 8083 8122 8141 8293 
3304 31 8293 
3310 18 8051 8212 
3290 36 8293 
3320 5 8295 
3323 2 8293 
3348 25 7809 8044 8297 
3352 273 8293 8294 
3355 3 8044 
3366 63 8295 
3380 42 7809 8042 8051 8209 8219 
3381 180 7726 7757 7788 7899 8083 8122 8134 
3393 10 7946 
3394 156 8294 
3036 7 8293 
3404 89 7833 8263 8293 
3422 3 8293 
3423 1 8293 
3416 1 8293 
3424 1 8293 
3425 2 8293 
3418 1 8293 
3417 30 8293 
3426 1 8293 
3439 88 8295 
3447 271 7813 7833 7961 8295 
3449 314 7757 8295 
3451 98 8294 
3453 319 7908 8042 8128 
3454 148 8293 8294 
3456 241 8174 8192 8295 
3458 69 7855 7961 
3459 92 7809 
3460 22 7855 7879 7908 
3461 101 8295 8296 
3470 21 8293 
3477 53 8294 
3492 3 8293 
3493 1 8293 
3490 2 8293 
3494 1 8293 
3495 3 8293 
3427 1 8293 
3496 10 8293 
3491 2 8293 
2524 7 7803 8293 
3497 1 8293 
3498 114 7726 7882 7961 8044 8083 8178 8293 8294 
3499 3 7803 8293 
3500 1 8293 
3518 6 8294 
3521 29 7757 
3545 2 7890 
3554 6 7839 
3562 40 8294 
3568 147 8294 
3587 15 8178 
3586 156 7726 7795 7809 7835 7874 7921 7961 7979 8042 8051 8121 8128 8295 
3591 13 8294 
3615 144 8293 8294 
3631 91 8293 8295 
3633 48 8294 
3634 82 7965 8141 8295 
3641 212 8294 
3642 362 7809 7839 8295 
3646 9 8294 
3655 9 8294 
3659 38 8293 
3660 87 8294 
3662 10 7924 
3665 20 8044 
3666 144 8294 8295 
3691 95 7809 
2067 3 7763 
3714 15 8294 
3571 45 7809 7908 
3728 85 7855 7912 8294 8295 8296 
3751 11 8037 8295 
3752 15 7908 8073 8192 
3720 11 8294 
3767 16 8293 
3770 22 7946 
3775 12 8294 
3786 99 8134 8293 8295 
3787 232 7726 7788 7810 7899 7908 8083 8122 8124 8134 8141 8219 8224 8237 8295 
3792 27 8297 
3804 5 8294 
3809 2 8042 
3812 53 8042 8293 8294 
3813 94 7839 8294 
3814 47 8293 8294 
3873 4 8038 
3910 33 8295 
3912 17 8293 
3916 42 7961 
3918 4 8294 
3925 7 8295 
3948 26 8294 
3949 30 8294 
3958 15 7908 
3965 89 7788 7809 7961 8134 8168 8174 8209 8237 8294 
3969 90 7833 
3976 145 8295 8296 
3977 14 8294 
3982 20 7809 
3983 4 7908 
3985 32 7855 
3991 7 8293 8294 
4000 4 8293 
4007 15 8294 
4025 1 8293 
4026 2 8293 
4027 6 8293 
4028 1 8293 
4036 147 7860 8037 8042 8073 8128 8198 8294 
4037 15 8294 
4040 104 7788 7809 7871 8051 8174 8192 8198 8204 8212 8219 8224 8226 8294 
2981 44 7778 8295 
4045 257 8295 
4046 89 7890 
4056 23 8294 
4083 1 8294 
4082 15 8294 
4099 155 8178 8295 
4110 4 7803 
4116 12 8168 
4140 12 8168 8174 8192 
4151 84 7862 
4162 16 7871 7912 
4187 9 7908 
4219 112 8296 
4222 41 7924 
4221 42 7778 8295 
4338 40 8295 
4335 32 7908 8297 
4347 55 7778 7879 7908 7924 7927 7946 7952 7961 7979 7992 7994 7996 8042 8079 8090 8121 8128 8130 8134 8168 8169 8174 8198 8212 8224 
4353 80 7809 7910 7961 
4355 50 8295 
4364 39 7924 
4398 9 7757 
4432 8 8212 
4437 70 7839 
4441 202 7726 7763 7788 7795 7803 7809 7810 7813 7855 7862 7879 7882 7890 7912 7927 8051 8174 8192 8198 8209 8212 8219 8237 
4447 14 7862 7912 
4451 9 7862 
4468 18 8295 
4476 16 7908 8139 8225 8246 
4485 12 7809 
4483 153 7809 7833 7862 7890 7961 8042 8128 8163 8174 8209 8295 
4488 50 7833 7908 7924 
4534 19 7879 8178 
4542 9 8083 
4550 100 8295 
4558 1 7757 
4574 40 7839 
4598 71 7757 7839 
4632 228 7726 7795 7803 7809 7810 7813 7833 7839 7855 7871 7882 7908 7912 7961 8073 8122 8163 8174 8192 8209 8237 8295 
4653 114 8295 
4661 19 7855 7882 
4666 24 7860 7908 7912 7961 7992 8002 8042 8043 8044 8073 8083 
4674 3 8212 
4681 20 7992 
4686 57 8295 
4709 25 7871 7874 7890 7912 7961 7979 
4717 62 7961 
4712 121 8295 8297 
4764 53 7908 
4771 3 8174 
4786 3 7879 
4788 20 7857 7879 7910 7912 7924 
4789 2 7879 
4792 62 7788 7809 7899 7908 7909 7946 8079 
4824 101 8042 
4829 78 7946 
4884 4 7882 
4889 2 7809 
4894 79 8295 8296 
4899 169 7809 7810 7860 7890 8042 8044 8128 
4915 6 8224 
4920 2 7992 
4926 7 8174 
4934 6 8028 
4943 31 7961 8121 8128 8134 8192 
4944 4 7839 
4948 214 7726 7778 7810 7833 7855 7860 7862 7871 7882 7890 7924 7965 7979 8037 8042 8044 8051 8122 8124 8128 8163 8168 8178 8186 8192 8209 8212 8219 8237 
4964 60 7908 
4967 361 7927 8295 8296 
4974 44 7803 
2346 4 7965 
4980 16 8295 
4981 53 7833 7862 7879 7882 7908 7961 
4983 4 7860 7862 
4994 19 7803 7809 7813 
5002 115 7763 7809 
5010 4 7857 
5016 10 7890 
5022 172 8295 8297 
5020 139 8295 
5028 43 7809 7908 8073 8083 8124 
5037 18 7871 7908 
5051 8 7855 7862 7890 7979 
5053 52 7871 7890 7908 8174 
5060 3 8174 
5068 10 7908 8124 
5079 271 7810 7839 7924 8002 8224 8277 8295 
5096 14 7833 7910 8209 
5106 33 7803 8169 8212 8219 
5102 54 7908 8141 8163 8212 
5103 127 7726 7810 7813 7835 7862 7890 7912 7992 8002 8051 8083 8122 8128 8141 8163 8168 8174 8178 8192 8212 8219 8224 
5114 4 7908 
4828 168 7899 7979 7992 8249 8277 8295 8296 
5123 69 7726 7809 7860 
5140 51 7810 
5162 5 7928 
5166 48 7908 7961 7965 
5172 29 7871 8178 8186 
5173 122 7810 7839 7921 7924 7946 8051 8128 8134 8174 8178 8198 8204 8209 8224 
4795 73 7809 7839 7860 7992 8224 8295 
5176 139 8295 8296 
5177 101 7910 8295 8297 
5178 19 7910 
4310 278 7778 7795 7813 7927 7961 8297 
5179 217 7839 8044 8083 8124 8134 8141 8295 
5181 41 8295 
5185 152 8128 8219 8237 8297 
5188 211 7788 7795 7835 7961 7979 8192 8295 
5189 312 7809 7813 7913 8132 8209 8224 8249 8295 8296 
5190 80 8295 8296 
5194 10 8295 
5199 22 7809 
5201 15 7855 
5226 17 7726 7910 8058 
5233 24 7862 7890 
5241 2 8051 
5243 19 8295 
5246 44 8148 
5254 33 7835 7890 
5295 22 7809 7839 
5301 61 8295 
5316 24 8168 
5323 3 8295 
5324 16 8295 
5341 2 7961 
5342 30 7726 7778 7809 7921 8174 8209 8297 
5378 17 8042 8044 8209 8219 8224 8237 
5391 37 7809 
5404 40 8198 8249 
5423 48 7809 
5427 37 8295 
5445 63 7803 7860 7927 8038 
5446 26 7809 7946 8050 8174 
5452 17 8295 
5454 19 7908 7910 
5457 44 8295 
5472 16 7809 7961 
5479 28 7809 8134 
5482 12 8212 
5485 21 8296 
5487 30 7839 7924 
5489 12 7890 8051 
5462 19 8296 
5511 3 8198 
5524 389 7726 7740 7757 7763 7788 7795 7809 7810 7833 7835 7839 7855 7860 7862 7871 7874 7879 7882 7890 7899 7908 7910 7924 7927 7961 7979 7992 8037 8042 8044 8121 8122 8124 8128 8134 8141 8163 8168 8169 8174 8178 8192 8209 8219 8224 8295 8297 
5531 243 8295 8297 
5532 26 8295 
5534 14 8295 
5543 137 7961 7979 
5550 11 7908 8037 
5551 8 7924 
5553 46 7813 7908 7965 7979 8121 8124 8134 
5563 2 7882 
5582 105 8297 
5596 30 8295 
5605 11 7862 7908 
5612 66 7961 8178 8295 
5614 7 7924 
5615 3 7908 
5624 28 8295 
5644 21 8295 
5655 139 7730 7734 7763 7839 7994 8079 8121 8132 8169 8224 8225 8249 
5658 10 7726 
5667 5 8124 8128 
5686 3 8198 
5691 49 8295 
5696 50 8295 
5697 230 7810 7908 8121 8124 
5702 10 7855 
5708 7 8042 
5738 14 7740 8163 8168 8192 
5741 13 8224 
5768 13 8178 8295 
5775 42 7813 7835 7855 7862 7871 7874 7882 7890 7912 7927 7979 7992 8122 
5771 9 8141 8178 
5773 75 7839 7855 7890 7924 
5776 14 8295 
5796 191 7757 7871 7908 7961 8121 
5800 222 7726 7763 7795 7809 7810 7833 7874 7882 7924 7979 7992 7996 8002 8024 8042 8083 8090 8121 8122 8124 8134 8163 8168 8178 8192 8219 8246 8249 8271 8297 
5802 385 7726 7757 7763 7778 7788 7795 7809 7813 7819 7839 7855 7860 7862 7879 7882 7890 7908 7910 7924 7927 7946 7961 7965 7979 7992 7994 8002 8037 8042 8044 8051 8083 8090 8122 8124 8128 8132 8148 8163 8168 8174 8178 8192 8198 8209 8212 8219 8225 8297 
5806 83 7730 7734 7735 7788 7809 7857 7882 7913 8002 8073 8128 8224 8275 8295 
5804 33 7862 7874 
5810 29 7809 
5811 79 8295 
5812 41 8295 
5814 144 7757 7795 7809 7833 7835 7857 7860 7874 7928 7961 8002 8058 8134 8192 8246 8295 8297 
5815 5 8002 
5816 84 7809 8295 8297 
5817 75 8297 
5818 67 7791 8249 8295 
5819 61 7833 7908 8037 8121 
5820 20 7757 7763 7788 7809 7839 7921 
5822 98 7809 7813 7833 7835 7912 8275 8295 
5829 12 8295 
5836 11 8295 
3788 2 7809 
5857 92 7908 7961 8163 8178 8212 8295 
5859 16 7791 8042 8044 8141 8224 8246 8249 
5862 24 8295 
5872 27 7908 8163 8174 8192 8212 8249 
5590 5 7879 
5896 10 7803 
5070 4 7778 7961 
4767 14 8163 
5908 19 7810 8224 8237 
5913 5 8128 
5915 52 7726 7763 7788 7795 7803 7809 7813 7819 7839 7855 7862 7871 7882 7890 7909 7910 7912 7924 
5916 9 8295 
5871 50 8295 
5920 10 8042 8134 
5922 7 7860 
5927 10 7882 8051 8128 
5932 33 8295 
5940 13 7890 8174 8192 
5946 4 8130 
5952 14 7839 7946 
5966 7 8219 
5969 5 7835 
5982 4 7961 8178 
5998 81 7795 7833 7839 7871 7890 7924 7961 8168 
5999 20 7803 7979 
6000 10 8124 8134 8276 
6006 68 7803 7810 7979 7992 8209 8224 
6013 3 7890 
4409 7 7890 7924 8275 
6015 3 7890 
6016 10 7833 8134 8174 
6020 25 7763 
6024 17 8295 
6032 80 7833 7839 7908 7921 8042 8121 8192 
6029 2 7890 
6043 39 7726 7757 7788 7795 7839 7961 8037 8174 
6071 3 7803 
6072 54 7778 7833 7890 7908 7910 7924 7927 7946 7979 7992 8002 8037 8042 8044 8068 8073 8083 8122 8128 8141 8163 8168 8212 8224 
6068 32 7879 7927 8134 
6151 13 8134 
6174 10 7839 
6179 7 7788 
6202 3 8134 
6204 12 8295 
6212 3 7835 
6218 53 7809 7835 7910 7961 8121 
6220 18 8246 8297 
6221 31 7809 7839 
6229 19 7946 8212 
6227 2 8212 
6241 75 7763 7819 7855 7908 7961 8042 8051 8212 8219 
6243 35 7809 8297 
6252 2 7813 
6270 88 8295 
6271 11 8295 
6272 76 7839 7882 7908 7924 8051 8073 8295 
6273 1 8295 
6274 9 7788 7835 7992 8295 
6275 1 8295 
6276 1 8295 
6299 78 8297 
6305 190 7778 7795 7810 7860 7874 7913 7928 7965 8037 8043 8044 8128 8134 8139 8141 8149 8219 8297 
6314 10 8002 
6320 23 7809 7979 8168 
6323 44 7839 
6331 3 8134 
6333 2 7965 
6347 11 7862 7912 7979 8174 8192 
6359 81 7961 8297 
6327 108 8297 
6383 3 7855 
6398 29 7763 8073 8224 8235 8249 8297 
6414 21 7839 7874 8178 
6422 11 7809 
6421 23 7928 
6443 70 7788 7795 7833 7890 7924 8134 8141 8224 
6445 7 7855 7912 7927 
6458 28 7855 8163 
6452 2 8297 
6457 2 8141 
6483 28 8297 
6484 10 7890 8174 8192 
6494 101 7763 7799 7833 7871 7890 7979 7996 8019 8025 8174 
6502 12 7879 7961 8134 8174 
6510 54 7795 7835 8134 
6523 33 7839 
6524 8 7910 7992 8178 
6525 17 8297 
6460 58 7765 7799 7803 7809 7835 7857 7910 7912 7921 7924 7952 7994 7996 8019 8042 
6538 21 7819 8132 8141 8148 
6536 2 7879 
6548 10 7788 
6550 9 7927 8249 
6555 35 7726 7809 
5273 12 7839 
6560 43 7757 7813 7833 8192 
6570 4 7795 7908 
6563 58 7757 7778 7809 7839 7840 7927 
6577 10 8297 
6552 29 7809 8121 
6596 177 7726 7730 7757 7763 7778 7788 7791 7795 7803 7809 7810 7833 7835 7839 7855 7862 7871 7879 7882 7890 7908 7910 7912 7913 7921 7924 7946 7952 7961 7965 7979 8002 8050 8051 8073 8083 8090 8121 8122 8124 8128 8130 8163 8168 8169 8174 8178 8186 8192 8198 8209 8212 8219 8237 8249 
6598 6 7855 
6618 91 7765 7810 7833 7961 8121 8130 8169 8276 
6615 160 7726 7740 7757 7763 
6624 135 7757 7763 7799 7803 7809 7813 7839 7855 7860 7862 7871 7882 7890 7908 7910 7912 7927 7946 7992 8037 8042 8044 8121 8122 8124 8128 
6627 50 7910 8141 8178 
6634 3 8042 8163 
6657 11 7840 7961 8128 8132 
6665 29 8028 
6706 3 8297 
6712 11 7795 
3293 10 7908 
6744 2 8297 
6745 1 8297 
6746 2 8297 
4401 9 8033 8073 8139 8227 
6758 10 8121 
6766 22 7763 8051 8224 
6770 6 7961 
6772 77 7791 7835 7862 8019 8021 8083 8169 8178 
6774 24 7810 
6780 6 7813 7890 
6784 42 7992 
6801 6 8174 
6809 2 8249 
6855 14 7757 8042 8128 
6859 11 8037 8163 8204 8226 
6866 4 7979 
6875 15 7965 8168 8174 8212 
6885 19 8168 8249 
6895 6 7809 
6900 31 7961 8121 8134 
6902 28 7928 8073 8121 
6914 95 7757 7788 7803 7810 7833 7862 7890 7921 7924 7927 8134 8141 
6907 191 7726 7757 7763 7788 7795 7803 7809 7813 7835 7860 7874 7879 7882 7908 7912 7924 7961 7965 7992 8042 8044 8083 8090 8121 8122 8128 8134 8141 8163 8168 8169 8174 8178 8192 8209 8219 8237 
6916 54 7740 7757 7788 8002 8090 8128 8134 8168 8178 8219 8224 8226 8235 8275 
6918 29 7778 7927 7965 7979 
6924 16 7757 7840 7927 8050 8174 8224 8237 
6934 65 7795 7803 
6938 4 7992 8019 
6941 57 7809 7810 7819 7833 
5529 39 7803 7809 7813 7860 7890 7908 7921 7927 8168 
6945 18 7763 8028 
6951 47 7778 7810 7819 7839 7881 7899 7921 7924 7991 8002 8007 8037 8042 8079 8204 8249 
6692 6 7927 7979 
6976 41 7788 7795 7839 7871 7890 7908 
6993 81 7757 7763 7788 7795 7803 7809 7810 7813 7835 7855 7862 7871 7879 7882 7890 7899 7910 7912 7927 7946 7952 7961 
7005 13 7757 7763 7788 
7012 10 7910 7961 
7019 4 7862 
7021 15 7813 8121 8149 
7026 13 7965 8083 
7043 14 7735 7763 7833 8219 8226 8235 8249 8275 
7044 3 7803 
7052 142 7835 7855 7862 7871 7879 7890 7910 7912 7927 7946 7961 8163 8168 8178 8192 
7045 36 7726 7757 7763 7882 
7053 31 7791 8043 8083 8134 8224 8235 
7054 40 7809 
7047 161 7726 7763 7778 7788 7795 7803 7809 7810 7813 7833 7835 7839 7855 7860 7862 7871 7874 7879 7882 7890 7908 7912 7921 7924 7927 7946 7961 7965 7979 7991 7992 7994 7996 8002 8033 8037 8042 8044 8051 8073 8079 8121 8122 8124 8128 8132 8134 8139 8141 8163 8168 8174 8178 8192 8198 8204 8209 8212 8224 8225 8226 8235 8237 8246 8249 8263 8275 8276 8277 
7055 98 7726 7757 7763 7778 7788 7795 7809 7813 7835 7871 7882 7910 7946 7965 7979 7992 8051 8174 8192 
7056 37 7726 7757 7763 7795 7803 7809 7839 7979 8209 8226 
7049 27 7757 7763 7788 7795 7803 7809 7855 7862 7871 
7057 118 7763 7788 7809 7810 7833 7839 7908 7924 7961 7965 8051 8083 8121 8134 8168 8209 8224 8237 
7063 16 7961 
7080 70 7797 7813 7871 7879 7882 7924 7927 7928 7965 8130 8163 8168 8174 
6946 68 7809 7857 7928 7952 7992 7994 7996 8007 8019 8025 8090 8121 8128 8130 8169 
7086 123 7810 7833 7835 7855 7860 7882 7908 7910 7912 7924 7946 7965 7979 7992 8037 8042 8044 8051 8073 8083 8121 8124 8128 8134 8141 8149 8163 8168 8174 8192 8198 8209 8212 8219 8224 8237 
7092 93 7788 7795 7809 7833 7835 7890 7924 7952 7961 8033 8068 8121 8168 
5015 14 7810 8122 
7113 12 7961 
7120 18 7809 
7129 11 7763 
7131 24 7809 7833 7871 7910 
7132 30 7809 7961 8121 
7153 12 8134 8141 8148 
7183 9 7924 8186 
7189 3 8174 
6889 5 7921 7928 
7198 8 8219 8224 8225 8226 
7225 47 7730 7835 7924 8192 
7227 12 7910 
7231 101 7726 7757 7763 7788 7795 7809 7813 7855 7862 7871 7879 7882 7890 7921 
7233 22 7809 7860 7992 8083 8121 8134 8174 8192 
7237 15 8051 8192 8198 8224 
7238 9 7833 8212 
7241 21 7791 
7243 1 7763 
7253 4 7871 7912 
7262 11 7757 7763 
7270 5 7763 
7276 5 7740 7763 
7277 4 8121 
7279 19 7726 7910 8163 8192 
7280 89 7740 7757 7763 7778 7788 7795 7809 7813 7833 7908 7910 7961 7965 7994 7996 8002 8042 8121 8124 8141 8174 8209 
7295 13 7924 8249 
7301 27 7757 7833 7871 7890 7908 7979 7992 8044 8079 
7171 9 7809 8043 
7294 39 8121 
7281 12 7795 7809 
7335 15 7791 7833 8276 
7343 12 7788 7809 7927 8134 
7350 21 7726 7809 8224 
7352 15 7740 7809 
7378 38 7757 7795 7803 7813 7908 8051 8124 8198 
7357 9 7924 8174 8204 8219 
7387 4 7809 7921 
7386 25 7791 7803 7809 7813 7833 7857 7882 8249 8275 8277 
7390 24 7809 7961 
7391 52 7726 7809 7835 7862 7921 7924 7965 7992 8019 8051 8122 8174 8192 8198 8209 8212 8224 8249 
7405 18 7763 7835 7927 8163 
7409 10 7839 
7393 12 7840 8237 
7421 9 7979 8163 8192 
7424 4 7908 
7441 3 8168 
7443 10 7809 7882 8192 
7449 39 7740 7839 7921 7979 8042 8073 8090 8134 8174 8186 8219 8224 
7180 4 7803 
4532 8 7862 7921 7961 8174 
7490 27 7992 8007 8025 8083 8128 
7471 9 7946 7965 
7511 16 7810 7813 7890 8044 
7544 11 7788 7813 7924 8226 
7564 31 7860 7908 8042 8044 8051 8073 8121 8124 8128 8168 8219 
7570 3 7778 
7578 28 7833 7855 7908 8122 8163 8165 8174 
7579 9 7788 7795 
7586 7 7757 7763 7809 
7588 8 8141 
7594 4 8083 
7598 33 7809 7862 7890 7913 7924 
7605 3 7924 
7609 2 7839 
7614 39 7726 7795 7809 7819 7874 7879 7952 
7625 6 7803 7924 
7050 5 7839 
7649 10 7965 
7653 1 7986 
7659 6 7855 
7661 4 7757 
7665 6 7810 
7666 14 8121 
7675 25 7778 7979 7994 7996 8002 8192 8212 
7676 5 8178 
7677 12 7924 7928 7992 8038 8224 
7679 26 7809 7813 7855 8219 8235 
7682 36 7839 7862 7874 7881 7910 7927 7928 7952 7961 8038 8128 8132 8148 8169 8209 
7685 13 7757 7908 8037 8124 8174 8198 8219 
7691 19 7778 7835 7855 7862 7871 7946 7961 7979 
7695 3 8224 
7696 4 7810 8019 
7697 19 7734 7740 7763 7803 7809 7908 8079 8132 8168 
7719 4 7763 
6367 2 8141 
7726 3 7809 7961 
7728 2 7726 7763 
7727 30 7726 7835 7871 7910 7921 7965 7992 8002 8024 8122 8174 
7729 1 7730 
7732 1 7734 
7733 45 7734 7791 7809 7810 7833 7839 7862 7910 8051 8121 8174 8198 
7736 2 7757 
7738 6 7795 7839 
7741 4 7757 7763 
7743 13 7757 7992 8168 8169 
7744 50 7740 7803 7809 7810 7890 7910 7924 7961 7979 8051 8121 8174 8178 8209 8219 8225 8249 8263 
7747 8 7795 7809 
7750 2 7757 
7751 1 7757 
7752 2 7757 
7753 2 7757 
7755 13 7757 7803 
7756 2 7757 
7758 1 7763 
7759 4 7763 7961 
7760 1 7763 
7761 1 7763 
7762 1 7763 
7766 13 7788 7803 7809 7855 7862 7871 
7768 11 7879 7882 7890 7927 
7769 19 7871 7879 7882 7890 7908 7910 7912 7927 7946 
7771 3 7778 7928 
7772 20 7778 7791 7833 8073 8134 8174 8178 8192 8204 8212 8237 8249 8276 
7773 1 7778 
7774 35 7778 7860 7908 7965 7992 8037 8042 8051 8073 8121 8122 8128 8134 8168 8174 8178 8192 8209 8212 
7775 11 7778 7965 
7777 1 7778 
7779 2 7835 
7780 3 7788 7803 
7790 4 7803 
7792 7 7835 7927 
7796 1 7795 
7800 1 7803 
7804 1 7803 
7801 1 7803 
7805 1 7803 
7802 1 7803 
7808 12 7809 8124 8174 
7810 9 7979 8174 8224 
7812 6 7839 7890 7899 
7818 23 7819 7871 7874 7912 7946 7952 7961 8007 8024 8025 8042 8083 8134 
7829 4 7879 
7833 4 7890 
7837 2 7839 
7845 2 8121 
7853 2 7855 8178 
7854 1 7855 
7856 7 7835 8121 8168 8192 
7862 11 7860 8024 8042 8043 8174 8192 
7860 2 7862 
7865 24 7835 7882 7908 7961 8042 8051 8163 8212 8275 
7867 1 7871 
7868 1 7871 
7870 1 7871 
7873 6 7910 7927 7979 
7874 4 7890 7927 
7877 6 7879 7927 
7878 1 7879 
7882 11 7910 8033 
7885 6 7882 7928 
7883 1 7882 
7884 5 7882 
7886 1 7890 
7887 1 7890 
7888 1 7890 
7889 1 7890 
7893 2 8174 
7900 27 7860 7908 8037 8042 8044 8083 8121 8122 8128 8134 8163 8168 8169 8192 
7901 30 7860 7908 7979 8037 8042 8051 8174 8192 8209 8212 8219 8224 
7902 21 7908 8042 8051 8128 8132 8148 8163 8192 8209 8224 
7903 4 7908 8174 
7904 6 7908 7912 7927 
7905 1 7908 
7906 10 7908 8212 8219 8224 
7907 12 7908 7979 7992 8002 8083 8163 8168 8178 
7910 4 7912 
7911 1 7912 
7869 1 7912 
7919 3 7921 
7920 1 7921 
7922 1 7927 
7923 1 7927 
7924 2 7927 
7925 1 7927 
7928 3 8178 
7932 2 8168 
7945 5 7946 8192 
7948 2 7910 
7949 1 7910 
7950 1 7910 
7954 1 7835 
7955 1 7835 
7956 1 7835 
7959 1 7961 
7960 1 7961 
7964 11 7965 8024 8122 
7969 2 7928 
7967 4 7810 8249 
7972 1 7973 
7978 1 7979 
7980 15 7860 7979 7992 8044 8068 8132 8134 
7981 1 7982 
7993 2 7992 
7995 1 7996 
7998 1 8002 
7999 1 8002 
8000 1 8002 
8001 1 8002 
8006 1 8007 
8010 2 8042 
8012 7 7860 8042 8044 
8014 1 8015 
8021 1 8051 
8020 1 8021 
8027 1 8028 
8037 1 8246 
8036 19 7810 7860 8037 8121 8124 8128 8163 8168 8174 8192 
8040 1 8042 
8041 3 8042 
8045 7 8235 8246 8271 
8046 16 7791 7810 7924 8051 8212 8246 8249 8263 
8047 20 7810 7833 8051 8219 8224 8237 8249 8276 
8048 3 8235 
8051 8 7791 8219 8237 8246 8249 
8053 20 7791 7810 7924 8178 8209 8219 8224 8235 8237 8249 8263 
8055 1 7860 
8056 1 7860 
8057 1 7860 
8060 5 8121 8168 8192 
8063 3 8121 8192 
8069 4 7924 
8074 1 8076 
8075 1 8076 
8077 2 8079 
8080 1 8083 
8081 1 8083 
8085 16 7924 8163 8174 8192 8198 
8088 2 8089 
8092 5 8192 8198 8219 
8094 4 7928 8275 8276 
8112 2 8141 
8107 13 7791 7833 7924 8141 8192 8249 
8118 1 8121 
8119 1 8121 
8120 1 8121 
8131 2 8132 8148 
8135 1 8134 
8138 1 8134 
8136 1 8134 
8097 2 8134 
8137 1 8134 
8140 1 8141 
8142 1 8141 
8144 1 8141 
8145 2 7928 8141 
8146 2 8148 
8147 1 8148 
8152 10 7924 8209 8212 
8156 5 7810 8192 
8161 1 8163 
8162 9 8163 8168 8174 8178 8192 8198 
8170 1 8174 
8171 3 8174 8192 
8172 1 8174 
8173 7 8174 8192 8198 
8177 1 8178 
7472 1 8178 
8179 1 8178 
8184 1 8178 
8180 1 8178 
8181 1 8178 
8182 1 8178 
8183 1 8178 
8189 4 8276 
8190 4 7924 8192 
8193 2 8192 
8194 1 8192 
8195 1 8192 
8196 1 8198 
8197 1 8198 
8204 2 8212 
8211 11 7810 8051 8212 8237 8249 
8215 1 8051 
8216 1 8051 
8221 1 8219 
8222 6 7924 8224 8249 
8050 9 7833 8246 8249 8263 
8236 1 8237 
8243 6 8263 
8248 1 8249 
8229 1 8249 
7637 1 7833 
8270 2 7833 
8271 1 7833 
8150 2 8275 8276 
8274 1 8275 
