30 5 5543 
6 302 5697 
11 743 5802 
20 187 5714 5775 5780 5814 5818 
24 309 5412 5423 5484 5511 5596 5714 5818 5863 
36 227 5412 5459 5529 5605 5697 5714 5799 5804 5822 5897 
37 20 5412 5780 
42 89 5423 5775 
44 44 5439 
47 146 5412 
53 39 5640 5804 
29 150 5404 5545 5582 
58 38 5378 5412 
59 94 5404 5624 
27 102 5412 5459 5743 5844 
66 44 5529 5614 
72 164 5459 5511 5524 5683 
86 122 5421 5449 
71 109 5421 5449 5671 5714 
87 195 5392 5412 5415 5421 5439 5449 5459 5484 5584 5630 5683 5684 5697 5732 5737 5775 5790 5798 5804 
90 72 5412 5449 
99 24 5412 5812 
103 68 5412 5452 5503 5671 5800 5822 5872 
68 275 5351 5404 5412 5415 5423 5430 5437 5445 5449 5457 5459 5463 5484 5524 5527 5543 5545 5605 5620 5637 5639 5655 5671 5680 5697 5721 5732 5745 5780 5806 5814 5839 5848 5860 5863 5886 5902 
109 190 5404 5423 5465 5479 5484 5524 5543 5563 5596 5626 5697 5714 5739 5760 5798 5799 5800 5802 5804 5818 5819 5822 5824 5827 5829 5839 5871 5902 
122 213 5392 5412 5449 5454 5459 5506 5509 5592 5651 5790 
113 89 5484 5721 5886 
127 132 5404 5412 5449 
136 99 5445 5482 5484 5529 5596 5683 5738 5739 5824 5844 5871 5872 
139 37 5459 
143 94 5800 5822 
147 58 5412 5430 
154 61 5886 
155 28 5529 5745 
173 334 5484 5511 5714 5760 5799 
178 63 5412 5684 5804 
180 54 5563 
166 93 5738 5800 
199 17 5671 
203 31 5423 
216 8 5412 
231 50 5737 5743 
259 56 5714 5773 5828 
263 22 5584 
290 71 5412 
298 2 5793 
306 244 5404 5445 5457 5543 
308 142 5584 5714 
310 230 5524 5651 5721 5753 5844 
311 321 5404 5412 5449 5463 5543 5743 5897 
315 77 5683 
305 7 5412 
317 140 5802 
319 199 5423 5430 5459 5545 5563 5584 5806 5897 
335 46 5421 5482 5545 5563 5584 5743 5886 5887 
336 31 5412 
371 117 5412 5459 5775 
395 42 5479 5524 5563 5596 5818 5872 
398 7 5543 5739 
405 19 5412 
406 34 5822 
407 145 5412 5484 5524 5559 5568 5817 
425 79 5384 5404 5487 5798 5800 5811 5835 
432 157 5430 5459 5466 5651 5693 
434 6 5897 
447 15 5384 
457 732 5378 5404 5412 5437 5439 5449 5452 5454 5459 5463 5479 5482 5484 5506 5513 5524 5529 5543 5545 5559 5563 5584 5596 5614 5623 5626 5630 5631 5637 5638 5639 5640 5651 5663 5680 5683 5684 5693 5697 5705 5714 5721 5732 5737 5738 5739 5743 5753 5757 5760 5775 5776 5780 5792 5798 5799 5800 5801 5802 5804 5806 5809 5811 5812 5814 5817 5818 5822 5827 5829 5830 5832 5844 5850 5860 5871 5872 5886 5891 5897 5902 
465 17 5449 
546 142 5484 5524 5584 5605 5697 5800 5807 5871 
553 22 5466 
556 121 5412 5423 
580 30 5500 5651 
583 26 5421 5449 5671 
582 34 5412 
600 214 5404 5423 5449 5452 5484 5511 5524 5543 5714 5829 
608 3 5605 
633 55 5469 5479 5773 
634 150 5404 5437 5459 5509 5524 5527 5539 5543 5773 5814 5818 5827 
663 158 5806 5887 
667 19 5421 
686 83 5524 5527 
689 47 5412 5452 5637 5790 
695 118 5487 5760 5897 
704 81 5412 
710 105 5412 
722 264 5392 5454 5484 
727 32 5412 
730 34 5412 
737 232 5384 5404 5412 5466 5529 5543 5563 5582 5605 5697 5738 5760 5772 5800 5802 5807 5814 5822 5824 5827 5887 5902 
742 93 5745 
697 100 5412 5449 5509 5790 
749 66 5412 5445 5584 5637 
759 77 5392 5423 5430 5673 
763 68 5392 5412 5430 5620 5651 
766 773 5392 5404 5412 5423 5430 5432 5437 5439 5445 5459 5465 5466 5479 5506 5509 5511 5524 5527 5539 5543 5545 5563 5584 5596 5623 5624 5626 5637 5650 5651 5671 5684 5693 5714 5721 5732 5737 5739 5743 5753 5773 5775 5776 5780 5790 5799 5800 5802 5806 5814 5817 5818 5822 5827 5828 5829 5835 5837 5839 5844 5848 5871 5872 5897 
762 50 5902 
769 146 5412 5804 5828 
788 113 5415 5620 5638 5684 5709 5798 5814 
789 317 5392 5412 5430 5449 5463 5470 5506 5509 5511 5524 5539 5543 5683 5721 5743 5753 5804 5817 5897 
791 41 5804 5811 5902 
805 90 5605 
813 272 5543 5753 5848 
825 165 5351 5412 5423 5426 5454 5459 5484 5487 5524 5527 5545 5568 5592 5620 5623 5640 5737 5740 5743 5745 5817 5828 
854 99 5684 
856 91 5511 5529 
865 97 5412 5423 5482 5743 
879 122 5739 5800 5829 
469 10 5714 
896 26 5465 5563 5798 
898 10 5412 
943 30 5412 
946 110 5412 
947 27 5412 
950 9 5454 5459 5757 
967 16 5466 5819 
971 72 5452 
974 36 5822 
982 47 5432 
988 292 5417 5605 5614 5819 5887 
993 238 5543 
994 45 5412 
996 297 5392 5412 5423 5449 5452 5454 5463 5484 5506 5509 5568 5637 5650 5651 5683 5784 5790 5828 5863 
1000 60 5527 5624 5798 
1003 18 5543 
1004 12 5543 5545 
1008 8 5714 
1018 5 5623 
1027 6 5631 
1032 39 5683 
1035 12 5817 
1037 86 5484 5671 5902 
1041 49 5404 5638 5693 5697 5743 5790 
1042 41 5799 
1055 196 5412 5683 5714 5780 5790 5863 5902 
1063 29 5671 5680 5844 
872 29 5499 
1074 95 5524 5563 5584 5596 5626 5714 5739 5799 5818 5824 5827 5829 5871 
1075 74 5423 5452 5484 5511 5624 
1097 88 5412 5449 5452 5743 
1098 305 5415 5432 5466 5582 5614 5697 5738 5760 5772 5773 5776 5800 5806 5807 5811 5812 5814 5819 5822 5829 5897 
1111 60 5392 5412 5423 5524 5543 5683 
1128 13 5449 
1132 57 5404 5421 5449 5902 
1133 399 5392 5404 5412 5437 5482 5484 5527 5543 5545 5559 5563 5568 5605 5624 5630 5635 5637 5638 5640 5680 5753 5773 5775 5780 5812 5817 5848 5863 5886 
1137 135 5527 
1142 48 5886 
1151 472 5423 5430 5437 5445 5454 5459 5509 5524 5529 5545 5584 5650 5693 5714 5721 5743 5775 5776 5818 5822 5828 5839 5848 5872 5897 
1164 39 5412 5479 
1166 599 5384 5392 5404 5412 5415 5423 5430 5449 5452 5454 5482 5484 5509 5524 5529 5582 5626 5638 5697 5714 5721 5743 5772 5773 5780 5784 5790 5798 5800 5806 5811 5814 5824 5828 5860 5863 5872 
1167 158 5545 
1169 29 5423 5449 
1200 107 5404 5412 
1207 26 5479 5620 5626 5640 5832 
1210 218 5423 5430 5524 5563 5799 5804 5818 5822 
1215 65 5886 
1247 77 5449 5545 5584 5817 
1253 51 5828 
1286 65 5459 5757 5818 5844 
1285 31 5684 5760 5818 
1305 290 5404 5739 
1331 6 5902 
1335 62 5651 5680 5683 5828 5850 
1353 30 5423 5511 
1360 22 5412 
1358 18 5484 
1375 4 5886 
1374 462 5384 5392 5404 5412 5423 5445 5449 5452 5454 5463 5465 5482 5484 5500 5509 5511 5529 5539 5568 5605 5637 5671 5683 5693 5697 5714 5721 5732 5737 5743 5760 5773 5780 5790 5807 5814 5817 5828 5837 5839 5844 5871 5886 5891 5897 5902 
1377 33 5412 
1385 35 5614 
1393 4 5484 
1395 199 5445 
1416 13 5384 
1419 41 5732 
1184 79 5412 
1462 48 5412 5449 5780 5828 5872 
1463 26 5822 
1470 156 5412 5439 5449 5527 5626 5706 5714 5798 
1471 72 5596 5697 5897 
1473 91 5445 5714 
1480 44 5614 
1483 52 5500 
1492 157 5412 5844 
1496 210 5412 5452 5459 5484 5732 5863 
1506 41 5683 
1524 4 5683 
1537 68 5412 
1542 244 5404 5415 5437 5479 5482 5511 5524 5527 5543 5545 5563 5624 5697 5714 5739 5743 5760 5780 5798 5799 5800 5850 5886 5891 
1552 81 5412 
1549 587 5384 5412 5430 5445 5449 5452 5454 5459 5482 5484 5524 5563 5637 5683 5693 5697 5714 5721 5732 5775 5776 5817 5822 5844 5872 5897 
1554 6 5543 
1601 4 5714 
1608 355 5545 5714 5822 5897 
1612 68 5378 5384 5582 5772 5811 5814 
1614 73 5848 
1530 11 5459 5828 
1621 80 5466 5655 5739 5839 
1623 39 5479 
1639 36 5693 
1644 48 5412 5680 5902 
1645 2 5886 
1661 66 5605 5651 5811 5817 
1667 55 5404 5465 5529 5543 5605 5614 5620 5737 5760 5844 5872 
1647 19 5412 
1674 8 5524 5732 
1691 50 5463 5714 
1701 112 5412 5445 5543 5584 5638 5671 5680 5714 5775 5828 
1697 70 5412 5449 5714 5732 5773 5817 
1700 93 5886 
1707 34 5465 
1717 96 5780 
1722 14 5563 5818 
1688 25 5798 
1733 42 5449 5527 5714 
1734 55 5697 
1737 9 5624 5760 
1748 76 5738 5817 5887 
1762 47 5596 5714 5811 5829 5871 
1767 97 5714 
1769 67 5680 
1789 11 5452 5824 
1795 44 5773 5814 
1796 38 5524 5684 5697 5739 5814 5871 
1799 48 5412 5459 5463 5545 5563 5569 5684 5693 5798 5804 5814 
1811 43 5445 5891 
1807 8 5484 5511 
1808 129 5459 5482 5683 5714 5721 
1814 105 5412 5454 5737 5798 5819 5902 
1823 49 5423 5439 5651 5804 5819 
1835 73 5714 5799 5828 
1847 47 5392 5412 5449 5827 
1865 6 5814 
1874 9 5452 5511 
1879 13 5423 
1888 36 5412 
1891 36 5539 5784 
1914 2 5445 
1915 33 5412 5459 5487 5527 5543 5891 
1925 22 5511 
1937 13 5423 5511 
1951 29 5423 
1961 5 5484 
1972 181 5430 5439 5449 5463 5584 5626 5827 
1982 29 5839 
1984 7 5817 
1985 56 5817 
2001 39 5392 5452 5459 5568 5651 5828 5863 5886 
2009 63 5421 
2010 27 5466 5529 5839 
2033 22 5452 5484 5511 
2037 8 5524 5543 
2096 2 5799 
2102 45 5459 5683 5780 
2109 47 5392 5790 
2115 16 5459 5721 5828 
2118 113 5412 5459 5524 5605 5886 
2120 122 5412 5638 
2129 44 5891 
2135 146 5404 5412 5449 5454 5459 5463 5484 5539 5568 5651 5683 5743 
2145 145 5404 5412 5463 5543 5563 5800 5811 5827 5828 5837 5902 
2160 26 5829 
2174 65 5626 
2186 61 5404 5423 5584 5680 5848 
2210 17 5412 
2215 15 5463 
2217 11 5426 5631 
2225 34 5412 
2226 28 5773 5800 
2231 66 5412 
2237 241 5412 5430 5449 5459 5482 5509 5511 5640 5844 5848 5886 
2240 108 5524 5605 5814 5827 5871 
2246 8 5412 5714 
2249 38 5378 5404 5432 5439 5582 
2256 247 5412 5423 5457 5638 5709 
2257 49 5459 5506 5651 5732 5806 
2258 95 5437 5466 5482 5693 5721 5732 5753 5760 5773 5784 5790 5798 5804 5828 5863 5891 
2264 58 5454 5714 5775 
2276 32 5393 5638 
2277 8 5412 
2278 4 5543 
2297 164 5412 5584 5714 5828 
2299 67 5714 5814 5827 5829 
2316 3 5375 
2321 3 5375 
2323 111 5412 5415 5449 5799 5817 
2328 215 5524 5697 5714 5800 5806 5814 5822 5829 5902 
2331 2 5714 
2365 77 5671 5721 5773 5775 5780 
2369 189 5375 5404 5412 5415 5452 5454 5457 5467 5484 5545 5563 5564 5584 5605 5624 5638 5664 5673 5680 5714 5739 5745 5775 5799 5811 5886 5902 
2371 124 5412 5459 
2375 49 5415 5568 
2376 26 5482 5822 
2381 71 5449 5452 5697 5721 5743 5799 
2379 45 5631 
2384 72 5459 5482 5511 5637 5651 5693 5753 5775 5790 
2387 66 5354 5392 5404 5412 5430 5449 5511 5527 5559 5780 5848 5886 
2398 62 5412 
2410 34 5392 5412 5415 5459 5524 5539 5721 5743 
2411 141 5484 
2440 50 5412 5584 5605 5760 5819 
2452 42 5378 5432 5800 5811 5814 5839 5902 
2456 31 5671 5760 
2458 6 5902 
2485 324 5404 5412 5430 5445 5452 5454 5459 5482 5484 5506 5509 5529 5543 5584 5637 5640 5651 5683 5693 5721 5790 5804 5806 5818 5872 5902 
2502 30 5773 5828 
2504 100 5412 5449 5484 5527 5828 5886 
2507 69 5445 5624 
2510 68 5412 
2516 44 5459 5463 5605 5683 5697 5743 5814 5827 5844 5863 
2535 47 5375 5412 5683 5817 
2542 93 5584 5714 5828 5902 
2545 7 5671 
2547 105 5487 5524 5543 5638 
2549 70 5412 5459 5527 5651 5743 5773 5784 5790 5828 
2560 180 5406 5671 
2564 50 5637 5714 5848 
2565 893 5364 5378 5384 5392 5404 5406 5412 5421 5423 5430 5432 5449 5452 5454 5459 5465 5466 5484 5500 5506 5509 5511 5524 5529 5539 5543 5545 5559 5563 5568 5582 5592 5596 5605 5614 5637 5640 5650 5651 5671 5683 5693 5697 5714 5739 5760 5772 5773 5776 5800 5802 5806 5807 5811 5812 5814 5817 5818 5822 5829 5835 5839 5871 5872 5887 5897 5902 
2576 146 5459 5605 5713 5721 5732 5739 5802 5814 5819 
2587 12 5459 5524 5684 
2585 60 5412 5891 
2592 13 5484 
2594 45 5412 
2595 49 5484 5760 
2474 142 5539 
2599 9 5412 
2605 64 5404 5449 5459 5624 5637 5650 5651 5693 5713 5721 
2612 29 5387 
2613 25 5484 
2623 108 5412 5415 5457 5484 5524 5533 5559 5568 5605 5630 5705 5772 5817 
2619 46 5563 
2620 24 5800 5829 5871 
2651 269 5412 5445 5775 5780 5819 5844 5848 
2653 113 5817 
2655 49 5412 5423 5449 5624 5684 
2658 307 5378 5406 5466 5500 5529 5800 5806 5811 5812 5817 5835 5872 5887 5897 
2674 103 5430 5743 5804 5828 
2677 40 5563 5697 5739 5773 5800 5807 5822 
2680 6 5454 
2686 156 5479 5524 5543 
2702 80 5457 5484 5683 5705 5828 5863 
2688 618 5368 5392 5404 5412 5423 5426 5430 5437 5445 5449 5452 5454 5457 5459 5470 5484 5506 5509 5513 5514 5524 5527 5539 5543 5545 5559 5563 5596 5620 5624 5626 5630 5637 5638 5639 5640 5651 5683 5693 5697 5732 5737 5739 5743 5753 5756 5775 5780 5784 5790 5800 5814 5817 5824 5827 5828 5829 5837 5844 5848 5860 5863 5871 5872 5886 5891 
2704 75 5445 5482 5693 5850 
2660 164 5423 5459 5482 5683 5732 5773 5790 5828 5837 5863 
2689 38 5412 5452 5454 5650 5886 5891 
2667 126 5437 5439 5449 5452 5463 5482 5484 5506 5509 5511 5524 5527 5543 5545 5563 5564 5568 5620 5624 5630 5635 5638 5684 5738 5753 5798 5804 5886 5891 
2691 44 5404 5459 5757 5817 5828 
2693 149 5375 5449 5543 5714 5739 5780 5804 5818 5891 
2694 18 5412 5605 
2696 64 5452 5459 5743 
2744 39 5482 5511 5639 5640 5683 5784 5860 5872 
2760 23 5412 5449 5482 5784 5828 5850 
2765 29 5452 5482 5584 
2774 46 5529 5624 5828 
2775 35 5412 5886 
2778 22 5683 5812 
2785 1 5423 
2790 173 5404 5412 5423 5449 5487 5697 
2802 9 5484 5524 
2811 19 5412 5459 
2544 11 5624 
2822 43 5412 
2834 5 5793 
2831 39 5454 5459 5605 5827 
2851 44 5412 5445 5449 
2855 16 5697 
2871 282 5509 5539 5563 5651 5737 5775 5817 
2883 28 5387 5559 5640 
2889 14 5430 5449 
2903 8 5404 
2908 12 5753 
2909 57 5387 5412 5470 5640 5651 5886 
2913 11 5697 
2932 62 5828 
2940 123 5626 5806 5872 
2936 8 5902 
2958 47 5412 5772 
2967 238 5445 5459 5511 
2968 55 5459 5582 
2972 357 5387 5392 5404 5412 5415 5423 5430 5449 5459 5463 5467 5484 5506 5513 5524 5545 5559 5563 5626 5637 5638 5639 5663 5693 5694 5697 5705 5721 5732 5737 5738 5743 5756 5757 5775 5776 5814 5817 5818 5822 5844 5848 
2974 15 5743 
2983 28 5738 
2988 55 5445 5459 5487 5511 5651 5684 5775 
3007 15 5484 5563 5683 
3000 43 5800 5802 5806 5811 
3002 5 5412 
3009 51 5524 5543 5756 
3010 123 5412 5445 5449 5596 5780 5829 5871 
2707 103 5404 5432 5445 5459 5582 5637 5705 5721 5737 5775 
3015 44 5439 5445 5459 5524 5630 5638 5732 5756 5775 5780 5814 5830 5844 
3024 52 5697 5817 
3026 175 5412 5452 
3027 39 5457 5697 5863 5871 
3028 189 5350 5412 5415 5442 5459 5467 5638 5697 5738 
3032 216 5426 5430 5449 5452 5524 5529 5626 5650 5651 5697 5776 5799 5822 5828 5863 
3034 38 5412 5790 
3035 13 5412 5482 
2713 200 5721 5732 
3057 48 5775 
3073 34 5412 5897 
3084 62 5818 
3088 37 5452 5738 
3092 81 5412 5457 5459 5465 5484 5506 5705 5714 5775 5817 
3110 21 5459 5743 
2003 63 5605 5801 5819 
3142 49 5378 5738 5812 
3145 18 5790 
3150 10 5828 
3168 79 5412 5454 5790 
3175 41 5423 
3176 6 5511 
3192 56 5452 
3191 68 5387 5392 5412 5415 5430 5449 5459 5463 5465 5484 5539 5545 5568 5592 5635 5637 5640 5651 5683 5693 5737 5743 5775 
3209 41 5756 5757 
3227 19 5822 
3238 28 5484 5814 5839 
3242 6 5697 
3247 2 5773 
3256 19 5412 5423 
3258 95 5412 5524 5824 5902 
3274 69 5421 5423 5459 5527 5620 
3275 14 5459 5650 5683 
3291 58 5509 5543 
3292 8 5404 
3297 51 5404 5529 
3309 4 5721 
3310 18 5529 
3315 13 5457 5529 
3290 36 5539 5563 
3316 3 5605 
3320 5 5806 
3321 18 5412 5479 
3326 18 5817 
3333 15 5482 
3345 35 5459 5596 5775 5784 
3348 25 5432 5806 
3352 273 5364 5392 5412 5423 5430 5449 5457 5467 5817 
3355 3 5432 
3366 63 5449 5454 5459 5511 5527 5637 5693 5817 
3375 43 5421 5743 
3378 41 5412 5459 5503 
3380 42 5378 
3381 180 5384 5432 5465 5484 5524 5543 5563 5582 5596 5697 5714 5739 5760 5776 5798 5800 5804 5806 5814 5818 5819 5822 5827 5835 5871 5872 5897 5902 
3392 33 5605 
3393 10 5459 5683 5897 
3394 156 5412 5417 5564 5882 5891 
3402 122 5392 5412 5449 5463 5506 5817 
3404 89 5375 5430 5439 5465 5482 5732 5839 5844 5886 5891 
3390 60 5388 5454 5459 5511 5592 5637 5640 5651 5693 5705 5732 5737 5743 5756 5775 
3425 2 5375 
3439 88 5412 5827 
3447 271 5364 5368 5375 5417 5432 5449 5459 5463 5479 5506 5524 5529 5543 5563 5596 5605 5620 5637 5640 5680 5683 5697 5705 5737 5743 5760 5775 5800 5804 5811 5814 5818 5819 5827 5829 5844 5871 5886 
3449 314 5392 5404 5412 5415 5417 5423 5430 5432 5437 5439 5445 5449 5452 5454 5459 5463 5506 5509 5511 5524 5527 5539 5543 5545 5559 5568 5584 5624 5637 5638 5640 5650 5651 5680 5683 5684 5693 5732 5737 5743 5753 5775 5780 5790 5798 5804 5814 5828 5837 5844 5848 5850 5863 5886 5891 
3450 27 5817 
3452 131 5375 5392 5412 5449 5454 5459 5539 5592 5620 5651 5693 5753 5790 5844 
3453 319 5354 5375 5392 5393 5412 5415 5430 5445 5454 5457 5459 5463 5467 5471 5484 5506 5524 5539 5543 5605 5637 5638 5650 5651 5680 5693 5714 5721 5737 5739 5743 5775 5780 5784 5800 5802 5804 5811 5817 5822 5827 5829 5844 5871 5886 5891 
3455 68 5817 
3456 241 5412 5421 5430 5449 5459 5499 5524 5543 5596 5605 5639 5640 5684 5697 5714 5739 5743 5760 5775 5800 5822 5827 5828 5829 5839 5844 5848 5897 5902 
3457 166 5415 5426 5430 5432 5437 5467 5479 5500 5514 5527 5753 5800 5827 
3458 69 5412 5421 5499 5804 5897 
3459 92 5363 5393 5415 5437 5449 5484 5506 5524 5559 5596 5624 5635 5638 5739 5780 5809 5811 5830 5839 5844 5871 5886 
3460 22 5596 5819 5829 
3461 101 5449 5452 5454 5457 5463 5539 5559 5563 5568 5592 5620 5651 5680 5683 5693 
3462 54 5484 5511 5817 
3463 56 5817 
3469 23 5844 
3479 102 5459 5482 5513 5637 5693 5732 5737 5743 5844 5872 
3483 20 5430 5484 5545 
3478 42 5454 5543 5732 5775 5799 5814 5829 5850 
3492 3 5814 
3495 3 5375 
3498 114 5412 5423 5449 5452 5454 5459 5463 5482 5509 5524 5527 5637 5651 5683 5693 5721 5743 5753 5780 5790 5828 5837 5844 5863 5902 
3519 48 5459 
3521 29 5844 5886 
3522 71 5375 5454 5457 5511 5543 5630 5639 5640 5683 5697 5790 5818 5902 
3527 64 5484 
3554 6 5705 
3563 3 5479 
3568 147 5404 5459 5484 5509 5620 5757 5844 5848 5863 
3569 42 5484 5814 
3586 156 5423 5479 5484 5524 5527 5543 5563 5605 5624 5638 5684 5714 5739 5753 5760 5799 5800 5804 5806 5811 5814 5819 5827 5839 5872 5886 5902 
3593 26 5384 5404 5452 5680 5776 5848 
3600 12 5430 5811 
3601 52 5392 5412 5680 5721 5732 5737 5743 
3607 24 5543 5684 
3614 205 5387 5412 5430 5454 5459 5463 5509 5513 5524 5543 5563 5596 5637 5680 5684 5693 5714 5732 5737 5739 5743 5753 5775 5798 5802 5804 5818 5828 5837 5844 5848 
3615 144 5804 5817 
3624 64 5459 5545 5637 5684 
3631 91 5392 5412 5449 5509 5539 5568 5592 5817 
3633 48 5404 
3634 82 5423 5449 5463 5509 5513 5683 5773 5800 5806 5812 5817 5863 5886 
3641 212 5404 5412 5415 5437 5439 5449 5452 5454 5459 5484 5506 5524 5527 5543 5563 5596 5605 5693 5697 5714 5739 5743 5753 5800 5802 5811 5818 5829 5848 5871 
3642 362 5384 5404 5415 5423 5437 5439 5459 5479 5482 5487 5499 5524 5527 5529 5543 5545 5559 5563 5582 5584 5596 5624 5626 5630 5638 5640 5663 5680 5683 5693 5705 5713 5714 5721 5732 5737 5739 5743 5745 5753 5756 5760 5773 5775 5780 5784 5790 5799 5800 5802 5804 5814 5818 5824 5827 5828 5829 5837 5844 5848 5860 5871 5872 5886 5891 5902 
3643 44 5452 5743 
3658 39 5459 5509 5651 5799 
3666 144 5430 5445 5449 5459 5463 5484 5506 5509 5511 5568 5592 5650 5683 5694 5743 5790 5817 5828 5863 
3692 8 5423 5452 5484 
3691 95 5404 5449 5459 5481 5513 5529 5568 5739 5760 5800 5835 5902 
3723 7 5412 
3722 2 5773 
3571 45 5799 5801 5814 5818 5872 
3728 85 5412 5417 5430 5449 5506 5524 5775 5780 5828 
3729 11 5484 
3747 4 5790 
3748 30 5848 
3752 15 5412 5605 
3679 2 5886 
3764 10 5807 
3770 22 5432 5582 
3785 18 5484 5693 
3786 99 5412 5423 5445 5452 5454 5463 5503 5514 5533 5545 5559 5624 5630 5651 5663 5683 5705 5721 5737 5760 5778 5780 5790 5828 5863 
3787 232 5378 5392 5412 5415 5445 5449 5452 5454 5457 5482 5484 5529 5568 5582 5683 5684 5760 5784 5790 5798 5800 5804 5811 5814 5817 5828 5863 5902 
3792 27 5484 5509 5714 
3796 113 5459 5683 5693 5737 5743 5775 5780 5828 5844 5848 5886 5891 
3794 46 5392 5423 5484 5511 5753 5818 5848 
3806 45 5392 5423 5484 5511 5543 5639 5814 
3812 53 5684 
3813 94 5404 5445 5454 5459 5527 5592 5683 5721 5739 5743 5780 5863 5882 
3815 20 5721 5732 
3830 20 5412 5463 5479 
3835 35 5430 5449 5454 5650 
3854 82 5412 5430 5445 5459 5463 5637 5651 5737 
3872 15 5384 
3873 4 5563 
3877 13 5484 5683 5772 
3885 2 5466 
3889 2 5499 
3900 3 5818 
3910 33 5588 5773 5780 5799 
3916 42 5454 5459 5524 5605 5630 5639 5705 5714 5775 
3917 29 5449 
3918 4 5559 
3922 7 5412 
3932 4 5626 
3956 85 5412 5484 5499 5539 5697 5775 5804 5871 5886 
3958 15 5605 
3960 23 5392 5412 5423 5484 5543 5640 
3965 89 5437 5524 5527 5605 5802 5819 5822 5902 
3969 90 5351 5412 5484 
3971 7 5524 
3976 145 5364 5387 5388 5430 5463 5465 5481 5484 5509 5623 5635 5639 5664 5697 5800 5817 5860 5872 5886 
3978 2 5818 
3982 20 5412 5902 
3989 2 5404 
3983 4 5452 
4008 7 5484 
4013 21 5412 5829 5863 
4036 147 5404 5423 5430 5445 5449 5452 5454 5459 5506 5509 5529 5543 5605 5614 5637 5650 5651 5680 5683 5693 5732 5737 5743 5780 5790 5814 5819 5827 5828 5835 5897 
4037 15 5693 
4040 104 5404 5459 5559 5563 5693 5732 5743 5745 5757 5839 
4041 68 5375 5412 5439 5459 5559 5624 5650 5737 5829 5844 5886 
2981 44 5430 5432 5459 5463 5886 
4045 257 5404 5437 5439 5445 5479 5484 5524 5527 5543 5545 5563 5584 5624 5680 5684 5739 5753 5773 5775 5776 5780 5790 5799 5814 5818 5822 5827 5844 5848 5886 5891 
4046 89 5384 5432 5484 5500 5582 5773 5801 5811 5814 5902 
4059 4 5760 
4063 27 5412 5545 5697 
4077 77 5392 5412 5430 5449 5463 5513 
4065 131 5415 5543 5584 5624 5760 5800 5871 
4070 111 5445 5449 5454 5459 5543 5683 5693 5706 5721 5732 5737 5756 5775 5784 5790 5828 5863 5872 
4071 17 5412 5684 5775 
4073 115 5412 5430 5452 5457 5467 5470 5637 5651 5891 
4082 15 5463 5680 5784 5790 5837 5848 5863 
4099 155 5412 5423 5449 5459 5463 5484 5524 5527 5545 5563 5605 5624 5637 5671 5680 5684 5697 5714 5743 5760 5800 5818 5827 5828 5871 5886 5897 5902 
4116 12 5484 
4076 86 5592 5640 5804 
4138 64 5484 5506 5509 5568 5637 5650 5651 5732 5737 
4140 12 5605 5614 
4144 76 5392 5449 5457 5463 5626 5721 5732 5743 5850 5863 5886 
4151 84 5459 5637 5714 5743 5799 5817 5818 5844 
4186 6 5445 
4191 20 5412 5848 
4192 7 5484 
3995 57 5437 5457 5459 5637 5680 5743 5757 5780 5827 5848 5886 5891 
4211 65 5445 5800 
4212 53 5350 5362 5375 5635 5737 5740 
4219 112 5459 5559 5800 5817 
4222 41 5790 5817 
4223 7 5850 
4221 42 5459 5484 5714 5818 5871 
4263 1 5445 
4269 3 5404 
4266 11 5780 
4273 23 5626 
4276 52 5423 5430 5568 5637 5651 5737 5743 5775 
4295 17 5459 5743 
4297 38 5412 5415 5463 5499 5543 5811 5818 5819 5839 5871 
4308 7 5543 
4307 3 5817 
4315 29 5412 5449 
4319 4 5412 5484 
4326 7 5714 
4338 40 5412 5423 5449 5563 5714 
4333 2 5412 
4335 32 5412 5671 
4343 7 5527 
4347 55 5466 5819 
4353 80 5387 5392 5412 5423 5445 5449 5454 5459 5482 5484 5506 5509 5514 5539 5637 5683 5693 5713 5732 5743 5775 5844 5886 
4355 50 5412 5415 5459 5509 5713 5737 5775 5778 5780 5784 
4364 39 5392 5511 5817 
4363 22 5524 5543 5592 
4383 4 5807 
4400 5 5412 
4416 11 5543 5714 
4422 15 5829 
4428 12 5848 
4432 8 5814 5818 
4433 24 5404 
4437 70 5432 5582 5697 5775 5776 5806 5897 
4441 202 5378 5404 5412 5421 5423 5439 5445 5630 5671 5684 5780 5798 5799 5804 5812 5837 5844 5848 5863 
4443 7 5799 
4447 14 5818 5860 5872 
4448 36 5412 
4456 4 5671 
4459 4 5404 
4468 18 5545 5592 
4476 16 5457 5539 
4485 12 5563 
4482 7 5563 
4483 153 5426 5459 5467 5484 5509 5524 5527 5529 5545 5563 5592 5596 5614 5620 5684 5706 5739 5743 5745 5753 5760 5790 5799 5800 5802 5804 5806 5811 5829 5839 5863 5871 
4486 20 5620 5726 
4488 50 5392 5412 5655 5743 5800 5817 5819 
4489 15 5412 
4524 9 5773 
4530 9 5412 5743 
4534 19 5545 5623 
4536 81 5412 5500 5529 5539 5563 5650 5655 5694 5743 5775 5802 
4547 45 5459 
4550 100 5364 5392 5412 5423 5430 5434 5452 5463 5465 5467 5484 5506 5509 5511 5514 5539 5545 5559 5568 5569 5570 5592 5637 5639 5650 5651 5683 5705 5817 5891 
4557 16 5445 5524 5743 5780 
4553 3 5392 
4564 33 5452 5459 
4574 40 5412 5459 5828 
4576 10 5463 
4586 9 5683 
4587 27 5350 5844 
4598 71 5404 5415 5482 5527 5584 5697 5705 5756 5773 5776 5784 5790 5800 5824 5829 5839 5863 5871 5902 
4600 15 5445 5482 
4602 2 5445 
4616 7 5799 
4487 31 5392 5412 5484 5563 5564 5817 
4631 1 5545 
4632 228 5404 5423 5437 5439 5457 5466 5484 5487 5524 5529 5539 5559 5568 5671 5683 5684 5693 5743 5753 5760 5780 5798 5800 5804 5807 5819 5827 5872 5886 5891 
4640 2 5817 
4652 8 5543 
4653 114 5351 5354 5363 5392 5393 5423 5454 5459 5463 5484 5509 5545 5563 5564 5569 5620 5623 5630 5635 5637 5650 5663 5680 5737 5743 5844 
4661 19 5459 5563 5596 5804 5822 
4662 46 5452 5454 5459 5693 5760 5897 
4647 11 5412 
4666 24 5482 5506 5850 
4673 96 5423 5439 5479 5584 5626 5638 5684 5738 5798 5799 5804 5827 
4669 13 5800 5801 
4671 7 5459 
4686 57 5387 5392 5404 5412 5415 5449 5452 5454 5463 5484 5683 5705 5743 
4687 23 5543 5824 
4709 25 5459 5524 5684 5775 
4714 3 5775 
4715 11 5457 5790 5844 
2621 8 5412 
4717 62 5439 5463 5524 5596 5624 5650 5697 5743 5760 5829 
4718 46 5354 5375 5415 5434 5449 5459 5564 5620 5630 5743 5844 5886 
4721 2 5817 
4712 121 5449 5452 5459 5463 5524 5527 5543 5545 5638 5651 5743 5753 5776 5800 5811 
4737 3 5838 
4739 11 5863 
4746 18 5484 5760 
4756 34 5457 5459 5737 5760 
4748 38 5354 5364 5430 5514 5640 
4764 53 5454 5479 5484 5543 5721 5800 5801 5818 5844 
4781 27 5479 5484 5624 5828 
4788 20 5829 
4792 62 5459 5465 5466 5524 5605 5732 5739 5745 5756 5829 5871 
4798 4 5807 
4814 20 5459 
4813 46 5439 5479 5626 5799 
4818 28 5375 5484 5790 5814 
4824 101 5432 5459 5506 5513 5527 5639 5650 5651 5680 5693 5706 5721 5732 5737 5743 5745 5753 5775 5780 5828 5837 5844 5848 5886 5891 5902 
4825 2 5775 
4829 78 5392 5412 5423 5430 5442 5449 5452 5457 5465 5467 5506 5543 5739 5800 5802 5818 5839 
4840 4 5482 
4843 24 5423 5449 5452 5484 5511 5651 5714 5828 5850 
4846 34 5484 5511 5513 5545 5563 5568 5592 
4856 3 5651 
4879 28 5760 5806 5835 5872 
4882 3 5817 
4883 5 5596 5714 
4894 79 5375 5415 5459 5467 5469 5482 5539 5543 5563 5569 5570 5620 5640 5713 5799 5844 5872 
4898 11 5368 5392 5434 
4899 169 5392 5430 5437 5445 5449 5452 5459 5463 5479 5484 5545 5568 5626 5637 5680 5693 5743 5753 5775 5780 5799 5812 5819 5827 5844 5863 5886 5897 
4924 10 5404 5545 
4915 6 5404 
4926 7 5760 
4929 9 5417 
4943 31 5432 
4948 214 5378 5388 5392 5412 5423 5426 5430 5449 5454 5459 5463 5465 5484 5506 5509 5568 5605 5620 5671 5721 5732 5737 5743 5773 5800 5806 5812 5817 5819 5839 5844 5872 
4960 8 5799 
4964 60 5404 5412 5459 5524 5760 5819 5844 5886 
4966 25 5459 5592 5683 
4967 361 5387 5392 5393 5404 5412 5423 5430 5432 5437 5439 5445 5459 5463 5465 5467 5479 5506 5509 5513 5514 5524 5527 5543 5545 5563 5568 5584 5596 5620 5623 5624 5637 5650 5651 5663 5680 5684 5693 5697 5705 5714 5721 5732 5737 5739 5743 5753 5775 5776 5780 5790 5792 5798 5799 5802 5804 5807 5814 5818 5822 5827 5828 5829 5837 5844 5848 5863 5871 5880 5886 5891 
4938 12 5412 5452 5506 5511 
4974 44 5351 5463 5524 5638 5743 5775 5844 5872 5886 
4976 23 5680 5886 
4980 16 5543 5637 5639 5651 
4981 53 5430 5584 5605 5671 5714 5807 
4982 43 5454 5459 5511 5539 5817 
4988 23 5404 5459 5790 
4989 7 5697 
4994 19 5524 5760 5800 5897 
4864 4 5902 
5002 115 5393 5404 5432 5459 5484 5584 5721 5737 5773 5800 5802 5806 5814 5822 5827 5844 5872 
5006 28 5412 5459 5743 
5008 27 5449 5484 
5009 14 5524 5848 
5011 10 5506 5584 
5012 14 5568 5640 
5013 7 5449 
5016 10 5509 5529 
5017 9 5683 
5022 172 5404 5415 5423 5439 5482 5487 5524 5543 5545 5563 5624 5626 5638 5684 5697 5738 5739 5753 5760 5798 5799 5807 5809 5814 5818 5824 5829 5863 5886 5891 
5020 139 5350 5368 5375 5392 5412 5415 5417 5423 5430 5449 5452 5463 5484 5506 5509 5511 5513 5543 5545 5559 5563 5592 5620 5630 5638 5640 5651 5697 5706 5740 5760 5772 5817 5850 5860 5872 
5028 43 5605 5614 5671 5814 5839 
5029 26 5423 5430 5449 5459 5484 5511 
5037 18 5563 5605 5680 5743 
5048 6 5524 
5051 8 5775 
5053 52 5671 5760 5775 5835 5897 
5059 26 5384 5432 
5061 13 5499 5543 5684 5760 5850 
5068 10 5452 5454 
5079 271 5368 5393 5404 5415 5437 5439 5449 5454 5459 5466 5499 5506 5524 5527 5539 5543 5545 5563 5568 5570 5584 5588 5596 5624 5637 5638 5664 5684 5693 5697 5709 5714 5732 5737 5739 5743 5756 5760 5775 5780 5798 5799 5801 5802 5811 5812 5814 5817 5824 5827 5828 5829 5837 5844 5871 5872 5886 5891 5902 
5080 3 5651 
5081 5 5484 
5085 4 5880 
5090 3 5459 
5096 14 5412 5683 
5099 14 5640 
5106 33 5412 5459 5543 5664 
5102 54 5484 5605 5773 5812 5814 5818 
5103 127 5465 5524 5529 5584 5605 5624 5671 5714 5799 5804 5814 5839 
5110 84 5392 5412 5415 5423 5430 5439 5457 5487 5545 5684 5798 5802 5804 5886 5891 
4828 168 5404 5415 5434 5439 5449 5452 5457 5465 5470 5481 5506 5524 5545 5563 5564 5596 5623 5663 5665 5697 5714 5738 5739 5757 5806 5811 5818 5829 5871 5872 
5118 13 5412 5459 5683 5743 
5119 18 5463 
5121 9 5902 
5123 69 5412 5449 5459 5466 5543 5568 5624 5671 5684 5737 5760 5775 5799 5814 5824 5891 
5125 54 5445 5482 5484 5524 5680 5753 5790 5828 5837 5850 5863 
5050 11 5452 5484 
5139 11 5886 
5140 51 5457 5584 5827 5844 5886 
5150 13 5459 5680 5743 5775 
5151 3 5430 
5153 5 5437 5753 
5155 24 5363 5392 5393 5430 
5160 12 5392 5452 5506 5511 5709 
5164 2 5872 
5166 48 5524 5563 5697 5714 5806 5814 
5171 41 5459 5543 5637 5775 5844 5886 
5172 29 5421 5459 5780 5828 5832 
5173 122 5384 5404 5421 5465 5484 5500 5529 5640 5683 5714 5738 5772 5773 5784 5790 5800 5806 5812 5839 5902 
5175 35 5452 5454 5459 5484 5568 5650 5651 5721 5743 5775 5790 
4795 73 5392 5406 5439 5459 5545 5773 5814 5839 5872 5891 
5176 139 5392 5412 5423 5426 5430 5449 5452 5454 5459 5463 5482 5484 5506 5509 5511 5513 5524 5539 5543 5545 5559 5563 5568 5592 5637 5639 5640 5650 5651 5683 5693 5705 5721 5732 5737 5743 5756 5757 5760 5775 5780 5872 5886 5891 
5177 101 5423 5437 5439 5457 5524 5527 5545 5630 5697 5709 5714 5798 5800 5804 5809 5827 5839 5871 
5178 19 5543 5753 5811 
4310 278 5404 5412 5417 5423 5439 5445 5449 5452 5459 5463 5482 5484 5499 5506 5509 5514 5524 5527 5539 5543 5563 5584 5592 5620 5624 5637 5651 5673 5680 5683 5684 5697 5721 5732 5739 5743 5760 5775 5798 5800 5804 5806 5807 5811 5814 5818 5822 5824 5839 5844 5848 5871 5872 5886 5902 
5179 217 5404 5423 5437 5439 5445 5454 5459 5487 5509 5524 5527 5529 5543 5563 5568 5592 5620 5637 5640 5683 5684 5693 5697 5721 5732 5737 5738 5739 5743 5753 5756 5760 5775 5776 5778 5798 5800 5802 5804 5807 5814 5871 5902 
5180 49 5445 5454 5459 5482 5680 5693 5743 5775 5780 5790 5837 5844 5848 5863 5886 5891 
5181 41 5459 5482 5484 5568 5588 5651 5680 5693 5784 5827 5837 5844 5848 5863 
5182 14 5568 5743 5828 5848 5863 
5184 68 5392 5412 5430 5449 5459 5463 5506 5509 5559 5564 5568 5623 5637 5650 5651 5693 5743 5775 5891 
5185 152 5378 5439 5459 5479 5524 5527 5543 5563 5596 5605 5614 5683 5684 5697 5714 5753 5760 5798 5799 5800 5802 5804 5818 5827 5829 5871 5897 
5187 31 5457 5459 5482 5637 5640 5651 5680 5721 5775 5784 5828 5844 5848 5860 5863 5886 5891 
5188 211 5445 5454 5459 5479 5506 5509 5524 5543 5563 5568 5584 5592 5596 5626 5637 5640 5650 5651 5680 5684 5693 5697 5714 5732 5737 5739 5743 5775 5776 5780 5790 5798 5799 5802 5804 5814 5818 5822 5827 5828 5829 5837 5844 5848 5863 5871 5886 5891 5897 
5189 312 5351 5387 5392 5404 5412 5417 5423 5426 5430 5437 5445 5449 5454 5457 5459 5463 5465 5466 5467 5471 5481 5487 5506 5509 5513 5514 5524 5529 5543 5545 5559 5563 5564 5568 5588 5592 5596 5620 5624 5626 5630 5637 5638 5639 5640 5651 5680 5683 5684 5693 5697 5705 5737 5738 5743 5745 5753 5754 5756 5760 5775 5798 5799 5800 5804 5806 5809 5812 5817 5819 5824 5829 5830 5837 5839 5844 5863 5872 5886 5891 
5190 80 5387 5392 5412 5423 5430 5454 5459 5463 5465 5467 5469 5470 5481 5506 5511 5513 5514 5539 5568 5592 5620 5623 5635 5637 5639 5640 5650 5651 5683 5693 5817 5828 
5191 10 5392 5423 
5194 10 5457 
5196 32 5543 5802 5804 5871 
5199 22 5459 5819 5829 
5200 15 5412 5463 5465 5897 
5201 15 5378 5412 5459 
5203 15 5434 5463 
5207 13 5465 5814 
5217 21 5404 5459 5743 5760 
5222 1 5479 
5226 17 5605 5671 5680 5886 
5233 24 5430 5818 
5243 19 5392 5423 5430 5809 
5246 44 5392 5393 5467 5524 5543 5582 5620 5756 5827 5839 
5250 14 5412 5484 5539 5559 5620 
5254 33 5412 5714 5807 5822 5839 
5255 8 5640 
5262 59 5404 5459 5482 5524 5527 5596 5680 5713 5754 5756 5809 5814 5828 5837 5848 5850 5863 5872 
5263 75 5445 5449 5454 5482 5499 5568 5592 5620 5637 5640 5650 5693 5705 5721 5743 5756 5784 5790 5828 5837 5844 5848 5850 5860 5863 5872 5886 
5276 9 5614 
5282 4 5449 
5284 2 5412 
5285 21 5452 5506 5637 5651 
5286 10 5375 5415 5426 5442 
5289 6 5592 
5295 22 5506 5780 5839 
5296 16 5680 5732 
5301 61 5404 5454 5459 5479 5527 5596 5624 5630 5680 5753 5804 5806 5827 5897 
5312 9 5568 
5313 12 5412 5484 5775 5780 
5316 24 5387 5459 5563 5714 5844 
5317 18 5423 5459 5511 5543 5780 
5320 11 5387 5514 5533 5743 
5321 32 5449 5482 5484 5487 5624 5683 5693 5860 5872 
5324 16 5392 5637 5638 
5332 6 5412 5459 5891 
5334 7 5449 5454 5721 
5336 3 5412 
5339 10 5484 5524 5683 
5342 30 5459 5524 5693 5705 5721 5886 
5347 2 5423 
5355 1 5354 
5264 7 5463 5817 5828 
5360 15 5392 5412 5430 5543 5559 
5366 2 5459 
5370 1 5375 
5371 1 5375 
5372 1 5375 
5373 1 5375 
5374 1 5375 
5378 17 5432 5812 
5380 2 5392 
5381 4 5392 
5382 19 5430 5449 5509 5568 
5390 2 5392 5423 
5391 37 5392 5449 5459 5529 5640 5683 5684 5697 
5404 40 5412 5454 5482 5487 5527 5757 5784 5790 5902 
5397 1 5412 
5398 2 5412 5714 
5405 4 5412 
5399 8 5412 5524 
5400 4 5412 5683 
5401 3 5412 
5406 1 5412 
5413 1 5414 
5415 1 5423 
5416 1 5417 
5423 48 5584 5638 5684 5709 5798 5799 5804 
5418 1 5423 
5424 2 5423 
5419 9 5423 5705 5737 5775 
5421 4 5423 
5422 1 5423 
5427 37 5430 5459 5524 5527 5543 5640 5844 5848 5891 
5428 3 5430 
5429 1 5430 
5432 4 5378 
5437 26 5680 5828 5844 5848 5863 5886 5891 
5439 66 5543 5563 5596 5626 5738 5739 5773 5799 5800 5818 5829 
5445 63 5437 5449 5482 5524 5643 5828 5839 5850 5891 
5446 26 5445 5449 5465 5806 
5447 2 5449 5623 
5448 3 5449 
5452 17 5596 5680 5739 5822 
5454 19 5452 5459 5563 5605 5680 5743 
5455 8 5482 
5457 44 5487 5564 5620 5624 5637 5638 5683 5697 5757 5760 5780 5792 5828 5891 
5460 1 5463 
5461 1 5463 
5466 2 5387 
5468 10 5484 5506 5509 5511 5513 5514 
5472 16 5452 5863 
5474 8 5484 5539 
5478 9 5509 5568 5650 5886 
5480 3 5484 
5479 28 5454 5529 5543 5582 5683 5693 5773 5863 5886 
5482 12 5445 5828 5850 
5484 22 5459 5563 5780 
5485 21 5484 5539 5673 5886 
5487 30 5445 5500 5545 5569 5570 5683 
5489 12 5780 5812 
5495 4 5737 
5462 19 5484 5511 5513 5545 5559 5563 5592 5620 5780 
5499 3 5452 
5501 3 5452 
5500 1 5452 
5504 2 5506 
5505 1 5506 
5507 1 5509 
5508 1 5509 
5511 3 5693 
5510 1 5511 
5512 2 5511 
5515 7 5650 
5524 389 5378 5384 5393 5404 5406 5423 5439 5459 5465 5466 5479 5484 5500 5527 5529 5543 5563 5582 5584 5596 5605 5614 5626 5671 5684 5697 5714 5739 5760 5773 5776 5800 5802 5804 5811 5812 5814 5818 5819 5822 5827 5829 5835 5839 5871 5872 5886 5897 5902 
5531 243 5384 5404 5423 5437 5454 5459 5479 5487 5524 5527 5543 5563 5584 5596 5624 5637 5683 5714 5732 5739 5753 5760 5775 5776 5780 5799 5800 5802 5804 5806 5814 5818 5827 5829 5871 5886 5897 
5528 6 5640 
5532 26 5772 5780 
5534 14 5459 5637 5638 5775 5882 
5193 18 5482 5539 5863 5872 
5540 3 5459 
5543 137 5384 5423 5437 5524 5527 5545 5563 5596 5624 5684 5697 5739 5753 5798 5800 5804 5806 5807 5818 5822 5872 5897 
5544 4 5500 5545 5559 
5548 1 5484 
5549 10 5484 5714 
5550 11 5484 5563 
5551 8 5459 5484 
5554 1 5484 
5552 8 5484 5780 
5553 46 5484 5524 5563 5637 5693 5863 5887 
5555 1 5484 
5558 3 5545 5559 5705 
5561 1 5563 
5562 13 5404 5527 5563 5568 5683 
5567 1 5568 
5577 8 5592 5620 
5582 105 5384 5432 5439 5479 5543 5545 5624 5626 5714 5776 5799 5802 5822 5824 5829 
5587 1 5588 
5589 11 5459 5697 
5591 27 5487 5592 5684 5799 5814 
5596 30 5459 5563 5697 5738 5800 5822 5850 5871 5886 
5604 7 5623 5871 
5606 28 5445 5459 5680 5683 5745 5775 5780 5828 5830 5832 5837 5844 5848 5872 
5608 16 5638 5651 5664 5683 
5612 66 5404 5524 5584 5680 5693 5697 5757 5828 5848 5863 
5616 15 5404 5732 5760 
5617 22 5772 5780 5800 
5620 7 5459 
5622 2 5623 
5396 12 5623 5680 5838 
5627 3 5454 
5624 28 5445 5527 5626 5713 5778 5782 5809 5848 
5630 36 5543 5563 5739 5760 5824 
5639 4 5454 5640 
5644 21 5439 5524 5543 5863 
5646 2 5639 
5648 1 5650 
5649 2 5650 5683 
5655 139 5393 5543 5684 5697 5709 5714 5738 5806 5822 5829 5844 5863 5887 
5656 5 5838 
5658 10 5812 
5660 2 5799 
5661 3 5683 
5662 4 5663 5886 
5668 4 5404 
5647 8 5683 5706 
5675 8 5459 
5678 1 5679 
5680 4 5694 
5682 1 5683 
5684 18 5524 5743 5798 
5689 1 5693 
5690 1 5693 
5691 49 5437 5445 5457 5482 5527 5693 5743 5753 5780 5784 5790 5828 5830 5837 5844 5848 5860 5863 5872 5886 5891 
5692 21 5693 5773 
5696 50 5437 5439 5479 5487 5527 5624 5626 5804 5824 
5697 230 5423 5439 5457 5479 5484 5524 5543 5563 5584 5596 5605 5620 5626 5638 5684 5714 5738 5739 5743 5773 5776 5798 5799 5800 5802 5804 5807 5814 5818 5819 5822 5827 5828 5829 5837 5844 5848 5860 5863 5871 5872 5886 5891 
5702 10 5454 5897 
5703 1 5454 
5704 4 5705 
5708 7 5459 5524 5697 
5707 4 5459 5891 
5709 11 5459 5799 5811 
5710 1 5459 
5711 1 5459 
5712 1 5459 
5713 1 5459 
5714 44 5459 5543 5684 5743 5760 5798 5799 5804 5818 5828 
5721 10 5776 
5720 3 5721 
5722 3 5721 5737 
5729 1 5732 
5730 1 5732 
5731 2 5732 
5735 1 5737 
5738 14 5822 
5739 45 5524 5527 5543 5563 5800 5802 5829 5848 5871 5872 
5741 13 5543 5743 
4418 1 5745 
5744 1 5745 
5750 4 5415 5437 
5747 2 5799 
5749 2 5457 
5755 1 5756 
5761 9 5780 5784 5800 
5763 4 5775 
5766 1 5767 
5768 13 5415 
5770 6 5784 5891 
5775 42 5529 5773 5800 5902 
5771 9 5760 5773 5775 
5772 15 5775 5800 5811 5829 
5773 75 5384 5643 5745 5760 5772 5775 5800 5811 5814 5828 
5774 1 5775 
5776 14 5872 
5781 1 5445 
5783 23 5404 5457 5543 5784 5844 5848 5863 
5787 32 5524 5527 5543 5624 5753 
5788 5 5790 5802 
5789 1 5790 
5796 191 5404 5465 5484 5524 5543 5563 5584 5596 5605 5655 5684 5714 5739 5760 5772 5800 5802 5804 5807 5814 5818 5822 5827 5829 5871 5897 5902 
5798 12 5638 5684 5804 
5799 23 5439 5626 5638 
5800 222 5421 5432 5465 5466 5524 5529 5582 5596 5655 5671 5697 5739 5760 5802 5806 5807 5812 5814 5818 5819 5822 5824 5827 5835 5839 5871 5897 
5801 2 5817 
5802 385 5384 5393 5404 5406 5432 5465 5466 5479 5484 5500 5524 5543 5582 5584 5596 5605 5614 5638 5671 5697 5714 5738 5739 5760 5773 5776 5798 5799 5800 5804 5806 5807 5811 5814 5819 5822 5824 5827 5829 5835 5839 5871 5872 5887 5897 5902 
5806 83 5393 5406 5421 5800 5811 5872 5902 
5804 33 5457 5524 5563 5801 5871 
5805 16 5423 5479 5487 5527 5738 5799 
5807 27 5384 5584 5776 
5808 6 5684 5804 
5809 21 5543 5697 5753 5814 
5811 79 5563 5582 5739 5760 5800 5801 5818 5902 
5812 41 5415 5423 5545 5626 5697 5760 5800 5814 5818 
5814 144 5432 5524 5543 5605 5714 5738 5739 5760 5800 5802 5806 5811 5812 5818 5827 5835 5863 5871 5887 5891 5897 5902 
5815 5 5798 
5816 84 5423 5584 5697 5798 5902 
5817 75 5404 5421 5484 5524 5697 5709 5800 5811 5814 5886 
5818 67 5415 5423 5487 5543 5624 5626 5760 5798 5804 5814 5829 5871 
5819 61 5378 5404 5457 5482 5545 5753 5828 5832 5880 5886 
5820 20 5839 
5821 22 5872 5902 
5822 98 5421 5432 5466 5524 5563 5596 5799 5800 5819 5829 5839 5872 5902 
5823 12 5798 
5824 41 5543 5563 5739 5773 5800 5814 5818 5828 5830 5848 
5827 15 5404 5563 5605 5680 5828 
5829 12 5415 5527 5545 5680 5830 5891 
5833 1 5837 
5834 6 5753 5837 
5839 41 5439 5457 5524 5827 5829 5838 5871 
5836 11 5482 5624 5844 5886 
5846 3 5680 5848 5850 
5852 1 5680 
5853 1 5680 
5854 1 5680 
5855 8 5482 5543 5624 5891 
5857 92 5421 5524 5543 5563 5584 5714 5799 5806 5818 5827 5886 5891 
5859 16 5860 5891 
5861 2 5482 5863 
5862 24 5524 5863 5886 5891 
5868 3 5482 
5872 27 5378 5605 5806 5812 
5873 6 5457 5482 5886 5891 
5874 1 5482 
5875 1 5482 
5876 1 5482 
5877 7 5482 5886 5891 
5878 1 5482 
5883 2 5886 
5884 2 5886 
5885 3 5886 5891 
5887 1 5891 
5888 1 5891 
5889 1 5891 
5890 5 5697 5891 
5590 5 5817 
5892 2 5817 
5896 10 5499 5529 
5897 2 5499 
5899 2 5457 
4767 14 5543 
5908 19 5812 
5915 52 5524 5529 5839 
5871 50 5457 5524 5527 5543 5596 5697 5739 5800 5811 5827 5829 5839 
5932 33 5437 5479 5487 5524 5563 5624 5684 5799 5824 5871 5872 
5934 42 5437 5527 5543 5620 5630 5753 5800 5802 5871 
5935 11 5487 5543 5545 
5945 9 5527 
5950 4 5457 
5952 14 5697 
5958 3 5487 
5966 7 5772 
5961 11 5626 5804 
5980 8 5897 
5981 6 5479 5584 5799 
5984 10 5524 
5998 81 5404 5439 5773 5776 5799 5800 5806 5814 5822 5835 
5999 20 5620 
6006 68 5404 5596 5684 5714 5776 5799 5804 5812 
6004 6 5484 5529 
6020 25 5529 5545 5624 5671 
6024 17 5902 
6023 30 5415 5439 5479 5638 5799 5814 
6032 80 5529 5543 5563 5739 5800 5806 
6038 6 5829 
6043 39 5437 5524 5543 5545 5624 
6044 2 5484 
6045 7 5773 
6047 4 5800 
6049 3 5811 
6060 1 5543 
6061 1 5543 
6062 2 5543 
6063 1 5543 
6064 4 5543 
6066 1 5524 
6070 3 5524 
6071 3 5524 
6072 54 5421 5524 5529 5614 5806 5818 5819 
6067 1 5524 
6068 32 5421 5524 5624 5753 
6069 5 5404 5524 
6075 18 5437 5527 5545 5624 5753 
6081 3 5543 5596 
6082 18 5714 5799 
6097 26 5806 5814 5872 
6094 11 5423 5527 5584 5753 5814 
6108 4 5437 5753 
6116 2 5487 
6119 3 5624 
6121 2 5814 
6126 11 5404 5829 
6127 3 5671 
6001 5 5871 
6133 4 5437 5545 
6134 7 5423 5814 
6146 9 5545 5804 
6151 13 5624 
6152 1 5437 
6153 1 5437 
6155 1 5404 
6158 1 5404 
6156 22 5404 5439 5624 5671 5697 5714 5798 
6157 3 5404 
6168 1 5624 
6169 3 5624 
6170 14 5584 5624 5824 5871 
6174 10 5818 
6176 3 5415 5545 
6179 7 5584 
6184 2 5822 
6198 14 5524 5822 5829 
6200 6 5484 
6204 12 5543 5563 5697 5800 5818 
6212 3 5545 
6213 3 5545 5824 
6214 1 5545 
6215 1 5545 
6216 5 5626 
6217 31 5584 5626 
6218 53 5605 5626 5798 5799 5806 5807 5811 5814 5897 5902 
6219 4 5626 
6220 18 5384 5479 
6221 31 5529 5605 5643 5738 5760 5814 5835 
6223 17 5684 
6229 19 5543 5714 
6232 3 5804 
6236 1 5415 
6239 5 5760 
6241 75 5393 5465 5563 5671 5760 5806 5814 5822 5872 
6242 5 5524 
6245 8 5465 5487 
6243 35 5484 5739 5800 5829 5839 5871 5872 5902 
6263 4 5423 
6270 88 5524 5543 5563 5697 5714 5739 5773 5799 5800 5811 5814 5829 
6271 11 5799 
6272 76 5543 5596 5697 5739 5800 5806 5811 5819 5822 5827 5839 5871 5902 
6280 52 5404 5760 5773 5800 5806 5897 5902 
6286 3 5423 
6287 1 5423 
6288 1 5423 
6295 3 5814 
6299 78 5421 5524 5582 5596 5697 5760 5773 5776 5802 5804 5806 5814 5829 5897 
6305 190 5404 5479 5524 5543 5563 5584 5596 5605 5614 5697 5714 5738 5739 5760 5773 5799 5801 5814 5824 5827 5829 5887 
6320 23 5563 5804 
6323 44 5432 5524 5543 5563 5596 5614 5697 5739 5800 5811 5829 5902 
6324 6 5584 
6344 2 5827 
6346 17 5596 
6347 11 5773 
6356 2 5714 
6359 81 5524 5563 5596 5697 5714 5739 5802 5814 5822 5827 5829 5871 
6360 35 5384 5484 5798 5804 
6298 7 5709 
6374 1 5804 
6375 1 5804 
6377 17 5596 5798 5829 5871 
6378 2 5798 
6327 108 5384 5404 5479 5484 5582 5697 5714 5772 5773 5776 5800 5807 5814 5818 5822 5824 5827 5829 
6398 29 5714 5814 5871 
6414 21 5582 
6422 11 5697 5822 
6421 23 5543 5697 5807 5829 5839 
6423 1 5738 
6424 2 5738 
6429 1 5439 
6428 3 5439 
6443 70 5697 5800 5902 
6447 12 5824 
6458 28 5543 5760 5818 
6456 3 5714 
6479 13 5714 
6483 28 5827 
6484 10 5822 
6486 85 5393 5404 5432 5524 5582 5596 5739 5773 5800 5806 5811 5814 5872 
6487 4 5802 
6488 22 5524 5739 5800 5871 
6491 4 5802 5824 
6492 2 5802 
6494 101 5393 5524 5529 5543 5596 5714 5760 5799 5800 5806 5811 5814 5897 
6500 8 5714 5799 
6501 17 5543 5739 5799 5827 
6502 12 5799 
6503 4 5799 
6504 7 5479 5827 
6510 54 5384 5465 5800 
6516 1 5479 
6518 33 5814 5872 
6522 29 5596 5829 5871 
6523 33 5524 5543 5655 5697 5714 5800 5839 5902 
6524 8 5807 
6525 17 5543 5811 5829 
6526 11 5829 5871 
6460 58 5643 5800 5819 5839 
6538 21 5563 5902 
6550 9 5812 
6555 35 5760 5811 5814 
5273 12 5596 
6560 43 5404 5776 5800 5811 5818 5839 
6123 24 5524 5563 5697 5760 5822 5871 5902 
6570 4 5872 
6563 58 5421 5465 5714 5739 5745 5773 5814 5897 5902 
6577 10 5524 
6552 29 5839 
6595 12 5596 
6596 177 5378 5421 5465 5466 5529 5596 5605 5643 5671 5738 5812 5839 5871 
6598 6 5543 5902 
6607 4 5827 
6608 18 5818 5824 5827 5829 5871 
6618 91 5432 5465 5524 5543 5697 5773 5776 5800 5806 5807 5812 5814 5822 
6619 104 5404 5421 5432 5465 5524 5760 5773 5800 5806 5811 5814 5822 5872 5897 
6613 9 5384 
6615 160 5384 5404 5432 5484 5543 5563 5582 5596 5671 5697 5739 5760 5773 5776 5800 5807 5811 5814 5818 5822 5829 5871 5897 
6616 18 5404 5500 5697 
6624 135 5404 5432 5465 5605 5614 5671 5760 5800 5806 5835 5839 5872 5897 5902 
6627 50 5465 5484 5543 5760 5773 5835 
6635 9 5543 
6645 2 5714 
6649 26 5524 5543 5563 5596 5739 5760 5818 
6657 11 5839 
6658 5 5563 
6551 2 5524 
6665 29 5465 5697 5824 
6671 4 5760 
6676 6 5738 
6702 10 5839 5872 
6705 1 5824 
6706 3 5824 
6712 11 5671 
3293 10 5605 5614 
6714 100 5404 5421 5432 5582 5596 5714 5745 5760 5800 5806 5822 5835 5872 5897 5902 
6611 15 5543 5563 5739 
6734 2 5802 
6736 33 5543 5596 5655 5697 5739 5800 5818 5839 5871 
6726 12 5596 5800 5829 
4401 9 5605 
6758 10 5871 
6766 22 5432 5835 
6770 6 5543 5806 5871 
6771 2 5871 
6772 77 5432 5524 5563 5596 5714 5739 5773 5800 5806 5818 5819 5829 5871 5872 
6775 3 5871 
6773 1 5871 
6774 24 5739 5814 5839 5871 
6779 3 5484 
6780 6 5671 5819 
6781 8 5697 
6783 4 5596 5829 
6784 42 5484 5596 5800 5806 5818 5839 5902 
6789 11 5800 
6790 11 5822 
6797 1 5714 
6798 1 5714 
6800 1 5714 
6801 6 5714 5773 
6813 1 5596 
6818 2 5529 
6821 1 5829 
6822 2 5818 5829 
6824 1 5829 
6776 3 5800 5829 
6833 1 5404 
6841 2 5596 
6842 1 5596 
6843 1 5596 
6844 1 5596 
6846 6 5563 
6848 14 5800 
6855 14 5524 5773 5814 
6859 11 5524 5776 
6620 93 5384 5404 5432 5484 5524 5543 5563 5582 5697 5739 5773 5776 5800 5807 5811 5814 5818 5822 
6867 5 5543 5800 
6865 19 5543 5563 5739 5800 5811 5818 
6870 3 5800 
6875 15 5818 
6876 1 5818 
6877 1 5818 
6878 1 5818 
6883 4 5776 
6885 19 5404 5671 
6747 4 5773 
6895 6 5563 
6896 4 5543 
6899 2 5800 
6900 31 5378 5524 5605 5800 5811 5902 
6902 28 5563 5614 5739 5773 5872 5887 
6913 44 5484 5772 5773 5776 5814 5822 
6905 1 5484 
6914 95 5404 5406 5484 5500 5529 5582 5605 5671 5760 5773 5800 5806 5835 5839 5872 
6915 2 5384 5484 
6906 49 5404 5432 5484 5582 5760 5773 5776 5814 5897 
6907 191 5378 5404 5421 5432 5465 5466 5484 5500 5529 5582 5605 5760 5773 5776 5800 5806 5812 5814 5835 5839 5872 5897 5902 
6908 1 5484 
6909 1 5484 
2415 4 5484 5814 
6910 1 5484 
6916 54 5406 5484 5582 5806 5872 
6917 3 5484 
6911 5 5484 5582 
6912 3 5484 
6918 29 5404 5466 5484 
6921 1 5543 
6922 1 5543 
6923 2 5739 
6924 16 5739 
6928 1 5563 
6934 65 5404 5524 5529 5582 5800 5806 5872 
6935 2 5524 
6936 1 5524 
6941 57 5432 5529 5745 5819 5835 
5529 39 5465 5819 5839 
6945 18 5811 5872 
6951 47 5643 5697 5738 
6959 5 5697 5839 
6692 6 5697 
6958 2 5697 
6960 1 5697 
6961 2 5697 
6962 1 5697 
6963 1 5697 
6975 10 5801 
6976 41 5582 5605 5776 5800 5822 
6993 81 5466 5643 5655 5806 5839 5872 5902 
7021 15 5466 5800 5806 5872 
7023 8 5772 
7024 3 5814 
7043 14 5378 
7052 142 5404 5406 5421 5465 5466 5605 5738 5760 5776 5800 5806 5835 5839 5872 5897 
7045 36 5671 5760 
7053 31 5378 5671 5887 
7054 40 5393 5421 5500 5902 
7046 21 5465 5800 
7047 161 5378 5421 5466 5529 5605 5614 5643 5671 5738 5812 5819 5839 5887 
7055 98 5465 5605 5671 5800 5806 5835 5839 5872 5902 
7056 37 5671 5738 5839 
7049 27 5466 5529 5671 
7057 118 5406 5466 5500 5529 5800 5806 5812 5819 5835 5839 5872 5902 
7030 2 5822 
7061 3 5822 
7063 16 5800 
7038 7 5772 
7080 70 5773 5800 5806 5819 5872 5902 
6946 68 5393 5421 5745 5800 
7086 123 5378 5404 5406 5432 5605 5614 5738 5800 5806 5812 5819 5839 5872 5902 
7092 93 5529 5671 5745 5773 5800 5835 5872 5902 
5015 14 5760 
7096 5 5773 
7099 18 5393 5582 5760 5814 5897 
7100 15 5384 5432 5582 
7104 15 5404 5432 
7110 5 5384 
7113 12 5466 
7120 18 5776 
7121 7 5776 5800 
7123 1 5384 
7122 1 5384 
7129 11 5500 5897 
7130 2 5773 
7131 24 5773 
7126 3 5773 
7132 30 5839 5872 
7142 4 5773 
7153 12 5671 5887 5897 
6994 19 5432 5582 
7173 2 5819 
7174 1 5773 
7175 2 5773 
7178 2 5773 
7179 2 5773 
7176 4 5773 
7177 1 5773 
7183 9 5529 5814 
7188 14 5811 
7189 3 5760 
7220 1 5404 
7221 1 5404 
7225 47 5406 5655 5800 5806 5819 5839 5872 5902 
7226 4 5835 
7227 12 5872 
7229 7 5835 
5143 16 5806 
7230 4 5806 
7231 101 5465 5500 5529 5671 5800 5806 5839 5872 5902 
7233 22 5760 5811 5872 
7236 23 5500 
7237 15 5738 5800 
7239 21 5806 5872 
7241 21 5800 5806 5872 
7255 1 5801 
7262 11 5500 5529 5835 
7266 6 5432 
7270 5 5897 
7279 19 5812 
7280 89 5466 5529 5605 5806 5812 5819 5839 
7282 2 5378 5432 
7283 1 5432 
7284 2 5378 5432 
7285 1 5432 
7286 1 5432 
7287 1 5432 
5949 3 5582 
7295 13 5887 
7301 27 5819 
7317 15 5760 5897 
7294 39 5605 5655 5800 5806 5811 5839 
7281 12 5671 5760 5902 
7330 2 5872 
7335 15 5760 
7341 2 5806 
7343 12 5806 
7350 21 5800 5806 5872 
7351 2 5897 
7352 15 5835 
7354 4 5800 
7374 1 5760 
7377 1 5760 
7378 38 5465 5605 5800 5806 5872 
7386 25 5378 5421 
7390 24 5671 5872 
7391 52 5393 5466 
7394 5 5643 
7400 15 5806 5839 
7401 3 5872 
7405 18 5605 
7409 10 5811 5839 
7393 12 5378 5839 
7417 2 5902 
7424 4 5605 
7443 10 5800 
7449 39 5378 5614 5643 5812 5872 5887 5902 
7484 3 5806 5872 5902 
7490 27 5421 5605 
7493 4 5421 
7505 1 5902 
7511 16 5614 
7544 11 5671 
7546 3 5421 
7554 3 5835 
7564 31 5465 5605 5614 
7150 10 5839 
7578 28 5378 5605 5812 
7579 9 5529 
7580 19 5421 5500 
7594 4 5819 
7598 33 5421 5466 5529 5839 
7602 1 5500 
7614 39 5466 5529 5839 
7623 3 5465 
7050 5 5839 
7649 10 5529 5839 
7675 25 5378 
7679 26 5529 5605 5643 
7682 36 5529 5643 
7706 2 5671 
7716 2 5839 
7717 2 5839 
7727 30 5839 
7733 45 5605 5812 
7737 1 5671 
7738 6 5671 
7744 50 5738 5812 5819 5839 
7747 8 5839 
7755 13 5529 
7766 13 5529 
7772 20 5378 
7774 35 5605 5738 5819 
7775 11 5819 5839 
7806 2 5529 5839 
7818 23 5643 
7841 1 5839 
7856 7 5605 
7862 11 5605 
7865 24 5378 
7885 6 5605 
7900 27 5605 5819 
7901 30 5378 5605 5812 
7902 21 5605 
7906 10 5887 
7945 5 5605 
7953 1 5466 
7964 11 5819 
7980 15 5887 
8036 19 5605 5614 
8041 3 5605 
8045 7 5812 
8046 16 5378 5812 
8047 20 5378 5812 
8048 3 5378 5812 
8049 1 5812 
8051 8 5378 5812 
8052 1 5812 
8053 20 5378 5614 5812 
8054 2 5812 
8069 4 5819 
8070 1 5819 
8071 1 5819 
8072 1 5819 
8085 16 5614 
8107 13 5378 
8152 10 5605 
8153 1 5605 
8162 9 5738 
8173 7 5738 
8189 4 5738 
7861 2 5738 
8231 1 5378 
8232 1 5378 
8233 1 5378 
