6 302 1549 1555 1556 1557 1563 1569 1573 1587 1597 1610 1619 1641 1648 1652 1654 1657 1662 1669 1679 1689 1692 1701 1716 1718 1752 1758 1768 1774 1783 1787 1788 1798 1861 1864 1982 
7 24 1919 
9 81 1580 1618 1652 1717 1855 1966 
11 743 1547 1549 1550 1555 1556 1557 1565 1566 1583 1585 1592 1608 1610 1613 1619 1621 1622 1628 1629 1633 1637 1638 1641 1646 1648 1649 1652 1653 1654 1657 1658 1661 1662 1669 1672 1679 1680 1687 1688 1689 1692 1697 1700 1701 1706 1707 1714 1716 1717 1718 1726 1729 1730 1732 1746 1747 1749 1752 1757 1758 1768 1769 1771 1772 1774 1780 1783 1787 1788 1791 1798 1802 1805 1811 1816 1835 1836 1842 1847 1848 1849 1855 1857 1858 1859 1861 1864 1880 1884 1888 1893 1901 1903 1908 1919 1920 1927 1953 1956 1963 1964 1965 1966 1969 1973 1977 1979 1983 1985 1987 1990 1991 1992 1997 2004 2007 2014 2055 2060 2062 
12 65 1573 1629 1638 
14 114 1717 1835 1842 1855 1864 1927 1966 2016 
15 50 1717 
16 15 1580 1672 
20 187 1569 1585 1597 1604 1680 1692 1730 1758 1774 1783 1787 1855 1859 1919 1965 1966 
21 76 1707 1717 1726 
23 74 1593 1638 
24 309 1547 1548 1549 1566 1585 1608 1622 1633 1641 1646 1658 1669 1697 1705 1717 1723 1729 1734 1754 1769 1772 1781 1808 1814 1816 1835 1836 1837 1842 1855 1858 1880 1893 1901 1903 1927 1953 1956 1963 1966 1969 1977 1987 2004 2055 2060 2062 
28 133 1604 1608 1638 1964 
33 24 1717 
36 227 1549 1555 1566 1585 1608 1621 1701 1707 1726 1769 1783 1816 1842 1848 1855 1956 1964 1969 1997 
38 14 1836 
42 89 1548 1604 1717 1783 1903 1977 1997 2004 
44 44 1717 1855 1857 1919 1920 1953 1956 
46 59 1565 1593 1758 
47 146 1564 1573 1585 1603 1717 1723 1726 1787 1855 1859 1884 1956 1965 1966 1983 2007 2062 
48 21 1864 
49 15 1550 
53 39 1744 
29 150 1548 1549 1772 
56 24 1549 
58 38 1697 1966 
59 94 1595 1604 1633 1781 1808 1836 1842 1893 1918 2062 
60 9 1717 1726 1956 
66 44 1717 1729 2014 2062 
72 164 1549 1573 1597 1621 1622 1637 1717 1718 1842 1848 1982 
75 31 1861 1864 1884 1956 
78 41 1652 1654 1662 
77 25 1550 1563 1816 
83 8 1749 
86 122 1569 1585 1672 1718 1835 1855 1857 1859 1987 2016 
71 109 1549 1573 1585 1593 1636 1811 1859 1915 1918 1956 1966 
87 195 1549 1573 1585 1604 1717 1718 1847 1855 1956 1965 2053 
89 29 1612 
90 72 1569 1596 1628 1637 1638 1956 
94 80 1956 2062 
103 68 1669 1706 1982 2014 
106 9 1595 
68 275 1549 1592 1633 1637 1646 1680 1688 1706 1792 1855 1919 2001 
109 190 1622 1628 1679 1718 1758 1816 1969 1982 
110 95 1700 1836 1842 1964 
120 8 1569 
122 213 1549 1637 1653 1723 1729 1777 1792 1837 1965 1984 1990 1992 2014 
113 89 1563 1565 1597 1633 1701 1717 1842 1855 
126 25 1855 
127 132 1744 1918 1956 
128 80 1549 1556 1557 1613 1669 1705 1714 1730 1780 1787 1842 1855 1888 1893 1918 1950 1973 2062 
132 29 1633 1861 1864 1956 
136 99 1549 1564 1622 1633 1893 1918 1956 1982 1984 
138 72 1597 1718 1726 1842 
142 25 1648 1661 
143 94 1569 1573 1593 1893 
147 58 1566 1678 1705 1729 1730 1754 1955 2016 
145 18 1569 1633 
151 74 1633 1638 1648 1649 1652 1654 1661 1662 
154 61 1628 1718 1956 
157 44 1556 
161 32 1585 1633 1718 1754 
163 9 1726 1965 
171 70 1549 1556 1619 1638 1689 1692 1726 1746 1768 1771 
172 123 1549 1571 1633 1679 1717 1734 1754 1757 1792 1814 1919 1972 2016 2062 
173 334 1547 1550 1556 1563 1565 1566 1580 1583 1585 1587 1593 1595 1603 1604 1613 1618 1619 1621 1628 1629 1633 1638 1641 1649 1652 1654 1658 1661 1662 1672 1689 1692 1697 1701 1707 1714 1717 1726 1730 1732 1746 1747 1752 1758 1772 1774 1783 1787 1788 1791 1798 1802 1805 1808 1811 1836 1842 1848 1849 1855 1880 1901 1903 1908 1956 1977 1983 1985 1991 1997 2062 
74 69 1583 1633 1811 1836 1927 2004 
176 39 1593 1603 
177 19 1592 1593 1718 
178 63 1733 1799 1893 1966 
180 54 1622 1701 1754 1858 1956 
182 79 1569 1718 1754 1864 1919 
166 93 1585 1705 1935 1956 1990 
185 4 1679 
187 37 1573 1638 
188 3 1808 
197 11 2060 
199 17 1603 1633 1662 
191 13 1842 1855 1893 1969 
203 31 1717 1808 1842 1855 1956 
204 12 1608 1718 1787 
125 29 1966 
215 100 1608 1610 1628 1700 1726 1732 1746 1747 1758 1768 1771 1774 1783 1788 1791 1798 1802 1805 1811 1842 1848 1849 1903 1964 1966 
222 4 1919 
224 13 1633 1793 
226 25 1569 1573 1997 
244 4 1920 1973 
230 6 1610 1701 
231 50 1855 1861 1864 
232 23 1563 1842 1855 
236 39 1679 
237 41 1646 1798 1855 1956 
254 25 1612 1718 
255 86 1573 1893 1956 1966 1992 
256 10 1701 
259 56 1652 1717 1808 1835 1842 1855 1956 2060 
263 22 1573 
265 31 1858 
266 13 1723 1726 1802 
269 30 1661 1717 1726 1811 
270 14 1585 1965 
275 56 1717 1734 1792 1835 1888 1918 1956 1992 1997 2053 
280 76 1585 1608 1718 1723 1855 1956 2004 
282 39 1597 1603 1633 1718 
285 6 1884 
296 10 1718 
290 71 1593 1622 1706 1717 1726 1734 1754 1757 1774 1788 1805 1836 1893 1908 1918 1927 1956 1966 1973 1977 2004 
249 15 1638 1648 1652 1654 2055 
304 79 1622 1652 1654 1662 1717 1757 1833 1858 1859 1864 1884 1903 1927 1950 1953 1963 1966 1969 1984 
306 244 1556 1573 1585 1587 1595 1633 1646 1700 1701 1714 1732 1935 1964 1965 1984 1992 
308 142 1566 1585 1587 1593 1604 1622 1654 1661 1672 1811 1847 1855 1956 1966 2004 
310 230 1573 1585 1603 1619 1633 1641 1646 1649 1672 1717 1718 1723 1726 1746 1749 1754 1757 1774 1842 1888 1901 1903 1966 1977 1979 1992 
311 321 1547 1549 1580 1583 1585 1587 1592 1593 1597 1603 1608 1618 1622 1633 1638 1641 1649 1658 1697 1700 1714 1717 1729 1734 1752 1754 1758 1769 1772 1774 1787 1814 1847 1848 1861 1864 1884 1888 1893 1919 1956 1964 1965 1966 1973 1977 1992 1997 2062 
312 227 1556 1573 1580 1595 1603 1604 1619 1638 1641 1648 1649 1654 1661 1672 1692 1700 1701 1726 1836 1842 1855 1893 1953 1963 1966 1969 
313 54 1549 1593 1597 1772 1859 1918 
315 77 1593 1718 1888 2014 
316 3 1717 
317 140 1555 1556 1573 1585 1593 1603 1622 1641 1661 1726 1774 1783 1893 
319 199 1566 1573 1580 1587 1593 1622 1669 1680 1697 1723 1799 1842 1908 1919 1987 1991 2004 
324 14 1757 1842 
328 13 1864 
335 46 1573 1729 
336 31 1633 
339 80 1717 1855 
341 47 1771 
346 86 1564 1744 1777 1915 
356 18 1835 
371 117 1573 1633 1706 1726 1956 1966 
374 3 1652 
376 37 1633 1802 1992 
383 45 1646 
395 42 1593 1919 1956 
400 12 1723 
403 20 1705 1744 1746 2053 
404 5 1744 1746 
406 34 1648 1661 
407 145 1566 1573 1585 1622 1629 1633 1641 1648 1652 1654 1658 1661 1662 1718 1723 1752 1758 1787 1816 1835 1858 1859 1884 1893 1903 1908 1918 1927 1953 1955 1956 1963 1966 1969 1973 1979 1987 1991 1997 
325 25 1549 1688 
427 6 1593 
423 7 1593 1747 1956 
425 79 1549 1730 1777 1857 1893 1982 
432 157 1608 1621 1622 1628 1648 1661 1669 1706 1717 1723 1746 1769 1802 1808 1811 1842 1858 1888 1893 1927 1963 1964 
412 21 1919 
447 15 1997 
457 732 1547 1549 1555 1556 1563 1566 1569 1573 1580 1585 1593 1596 1600 1604 1622 1628 1633 1638 1648 1654 1658 1679 1680 1705 1717 1726 1729 1733 1734 1752 1754 1757 1758 1768 1772 1774 1783 1788 1791 1798 1799 1802 1805 1811 1814 1816 1835 1836 1842 1848 1849 1855 1859 1880 1884 1888 1893 1908 1915 1918 1953 1966 1969 1972 1973 1979 1982 1987 1990 1991 2001 2004 
493 3 1718 
546 142 1547 1571 1621 1658 1680 1697 1717 1734 1772 1808 1816 1836 1837 1842 1847 1849 1858 1884 1893 1901 1908 1927 1935 1953 1955 1956 1963 1966 1969 1973 1979 1982 1987 1990 2055 
560 8 1638 
553 22 1808 1855 
554 6 1566 1842 
555 3 1855 
556 121 1717 1729 1808 1836 1842 1855 1858 1893 1908 1919 1927 1953 1956 1963 1966 1969 1973 1990 2004 
559 4 1802 
572 5 1717 
575 3 1662 
580 30 1733 
583 26 1859 
582 34 1688 
584 5 1600 1638 
588 22 1547 1836 1842 1964 2062 
600 214 1548 1549 1555 1564 1585 1633 1661 1717 1808 1835 1836 1837 1842 1847 1855 1884 1919 1927 1956 1963 1977 1979 2004 2060 
613 2 1638 
495 6 2014 
626 31 1855 
633 55 1573 1580 1593 1859 1966 
634 150 1564 1585 1688 1689 1707 1717 1723 1744 1757 1774 1842 1965 1966 1972 
646 17 1734 1754 1781 
635 66 1566 1621 1861 1864 
647 32 1547 2062 
637 25 1573 
643 46 1718 1758 1919 1964 
644 27 1585 1593 
645 16 1919 
650 98 1592 1608 1734 1836 1997 2053 
664 13 1569 1718 1864 
663 158 1573 1603 1661 1688 1754 1769 1956 1961 1966 
667 19 1729 1927 
665 7 1729 
684 2 1833 
686 83 1600 1603 1658 1717 1805 1833 1836 1842 1849 1861 1864 1893 1903 1966 1973 
689 47 1613 1787 1805 1859 1864 1992 
691 24 1622 1835 1847 1888 1953 1969 
695 118 1580 1585 1603 1638 1657 1687 1717 1718 1732 1842 1855 1901 1979 1983 
699 8 1573 1585 1966 
704 81 1595 1603 1633 1757 1787 1903 1966 1987 
706 95 1569 1573 1585 1593 1597 1636 1649 1652 1654 1661 1662 1669 1672 1680 1718 1772 1819 1864 1884 1919 1956 1984 2060 2062 
707 123 1556 1563 1564 1573 1580 1587 1593 1600 1603 1608 1621 1661 1662 1701 1718 1726 1774 1808 1842 1855 2053 
708 51 1888 
710 105 1564 1585 1593 1633 1648 1705 1718 1734 1754 1768 1774 1956 1969 
712 19 1555 1585 1595 1603 1604 1622 1697 1774 1855 1927 
715 23 1637 
719 4 1811 
722 264 1556 1566 1573 1593 1596 1597 1603 1612 1633 1637 1641 1646 1669 1705 1717 1718 1733 1734 1744 1754 1777 1783 1805 1836 1847 1849 1859 1864 1918 1956 1992 2053 
724 4 1935 
727 32 1569 1842 1861 1864 1956 1961 
737 232 1823 1865 1982 
742 93 1983 
697 100 1548 1569 1595 1636 1700 1757 1836 1884 1966 
749 66 1629 1637 1744 
759 77 1580 1697 1717 1842 1855 1956 
763 68 1633 1717 1718 1927 
764 34 1700 1734 1754 1772 1956 1992 
766 773 1550 1571 1585 1608 1621 1622 1633 1646 1653 1680 1688 1705 1706 1717 1723 1733 1734 1754 1769 1772 1774 1777 1781 1799 1808 1814 1836 1837 1842 1847 1858 1888 1893 1915 1918 1919 1935 1956 1964 1966 1969 1971 1972 1982 1984 1990 1992 2001 2004 2014 2016 
762 50 1569 1697 1861 1864 
768 2 1717 
769 146 1566 1580 1592 1597 1604 1629 1633 1637 1652 1717 1718 1726 1787 1808 1835 1836 1842 1884 1919 2062 
771 7 1641 1701 1726 
775 2 1585 
788 113 1585 1587 1700 1836 1859 1956 1964 2062 
781 8 1564 
784 224 1549 1573 1585 1610 1622 1633 1652 1654 1662 1679 1688 1706 1707 1729 1749 1752 1758 1769 1792 1793 1814 1836 1842 1849 1855 1858 1864 1918 1919 1964 1966 1973 1987 2053 2060 2062 
789 317 1547 1549 1564 1565 1585 1592 1633 1638 1646 1653 1657 1658 1678 1680 1749 1774 1780 1787 1799 1805 1816 1855 1888 1920 1956 1966 1969 1977 1979 2062 
791 41 1597 1633 1884 
794 18 1557 1564 1569 1573 1633 1638 
795 60 1549 1587 1595 1603 1653 1692 1717 1718 2053 
798 16 1648 1729 
796 6 1550 
801 6 2055 
803 6 1849 
804 6 1732 1744 1746 
805 90 1573 1580 1593 1603 1604 1628 1633 1658 1783 1842 1847 1855 1884 1956 1969 
810 34 1597 1679 1716 1718 1758 1793 
811 3 1864 
813 272 1547 1549 1565 1566 1571 1585 1597 1603 1608 1646 1653 1658 1661 1705 1717 1723 1726 1730 1734 1744 1746 1754 1808 1835 1836 1837 1842 1847 1888 1893 1908 1915 1919 1927 1964 1987 1990 1991 1992 2016 
816 29 1648 1697 
822 11 1566 1908 2016 
820 16 1819 1842 1918 
334 41 1774 
826 249 1556 1557 1563 1565 1566 1571 1573 1585 1595 1596 1597 1600 1604 1613 1618 1619 1622 1633 1636 1638 1641 1653 1661 1672 1679 1680 1687 1705 1717 1718 1723 1732 1734 1749 1754 1757 1768 1772 1774 1781 1792 1805 1814 1816 1836 1837 1842 1849 1880 1893 1908 1918 1919 1927 1953 1963 1966 1970 1973 1979 1984 1987 1991 1992 2016 2053 2055 
825 165 1549 1680 1706 1754 1769 1823 
831 12 1811 1855 1858 1927 
836 26 1621 1705 1723 1734 1754 1802 1805 1848 1901 1997 
838 36 1717 1718 1732 1746 1747 1752 2053 
841 61 1653 1680 1723 2014 
844 45 1629 1717 1723 1726 1833 1859 
842 30 1688 1706 1726 1859 1966 
854 99 1549 1557 1564 1596 1637 1672 1679 1770 1836 1848 1861 1864 1983 
856 91 1596 1679 1814 
852 39 1638 1649 1654 1692 2053 
853 16 1726 
859 13 1547 1700 1836 1842 2062 
861 16 1608 1859 1992 
865 97 1549 1563 1573 1717 1808 1855 2016 2060 
869 11 1547 1654 
870 38 1555 1569 1573 1603 1641 1654 1687 1746 1768 1893 1953 1966 
871 59 1612 1633 1816 1859 1919 1953 1966 
873 5 2062 
879 122 1549 1744 1919 1990 
882 7 1569 
885 7 1556 1563 
469 10 1717 1855 1956 
895 6 1569 
896 26 1901 
900 5 2007 
904 119 1547 1549 1610 1629 1633 1649 1678 1700 1716 1717 1718 1732 1746 1747 1749 1752 1757 1758 1768 1771 1774 1783 1787 1788 1791 1798 1819 1833 1842 1847 1849 1855 1857 1861 1864 1918 1920 1963 1973 1979 1997 
907 9 1734 
908 9 1836 1849 
915 7 1580 1717 1966 
916 4 1569 
918 17 1633 1717 1793 1802 1927 
920 10 1669 
787 12 2060 
928 21 1564 1687 1861 1864 
935 22 1717 1723 1726 1770 1859 1903 1965 
937 46 1549 1585 1621 1723 1754 1781 1888 1919 1956 
941 80 1555 1564 1580 1587 1593 1596 1621 1622 1700 1701 1754 1768 1774 1805 1816 1859 1893 1969 
943 30 1622 1633 
944 5 1752 
946 110 1549 1565 1585 1596 1633 1653 1808 1847 1888 
947 27 1679 
948 29 1714 1726 
949 8 1573 1580 
950 9 2001 
954 34 1564 1669 1717 1718 1836 1849 1861 1864 
956 42 1613 1966 
959 12 1835 1836 1842 
960 22 1564 1633 1781 1956 
961 16 1701 1847 1956 1964 
933 18 1697 1836 1842 1855 1864 1966 
968 5 1592 
970 11 1893 
971 72 1555 1557 1573 1603 1752 1758 1774 1780 1802 1811 1849 1920 1950 1966 1973 
975 11 1714 1919 1997 
978 65 1564 1585 1641 1661 1680 1718 1847 1861 1864 1956 
981 16 1593 1603 
982 47 1730 
986 77 1549 1573 1679 1730 1734 1758 1842 1861 1864 1966 
988 292 1549 1571 1608 1633 1679 1688 1700 1706 1734 1744 1754 1769 1777 1781 1792 1814 1835 1837 1842 1919 1964 1982 2016 
993 238 1547 1549 1555 1556 1557 1565 1566 1573 1580 1583 1585 1587 1603 1608 1621 1622 1629 1633 1637 1641 1646 1661 1679 1689 1697 1700 1707 1717 1726 1730 1749 1758 1768 1772 1774 1787 1788 1802 1808 1811 1814 1835 1836 1842 1847 1848 1880 1888 1901 1903 1908 1919 1963 1965 1966 1969 1987 1991 1997 2062 
994 45 1549 1633 1706 1859 
996 297 1547 1565 1571 1592 1608 1613 1621 1633 1637 1638 1646 1648 1653 1678 1705 1723 1729 1734 1749 1783 1792 1814 1823 1835 1847 1848 1888 1919 1956 1964 1977 1982 1992 1997 2014 2062 
998 30 1597 1603 1652 1654 1661 1662 1717 1956 
1005 5 1573 
1000 60 1600 1734 1754 1781 1835 1918 
1006 138 1547 1555 1556 1573 1583 1585 1587 1593 1595 1597 1600 1603 1610 1613 1718 1747 1774 1783 1787 1788 1793 1798 1836 1848 1857 1893 1920 1950 1953 1983 1984 1985 
1003 18 1880 1956 1966 
1009 44 1811 1858 1893 1920 1927 1963 1966 
1023 9 1700 
1024 41 1549 1592 1637 1641 
1029 135 1555 1556 1557 1573 1580 1587 1654 1661 1662 1679 1758 1768 1774 1780 1783 1787 1788 1791 1798 1802 1811 
1031 19 1549 1621 1835 1842 1888 
1032 39 1556 1603 1622 1658 1680 1997 
1034 33 1585 1595 1603 1718 
1035 12 1547 2062 
1039 6 1585 
1037 86 1549 1571 1585 1592 1613 1622 1633 1648 1734 1744 1758 1783 1918 1966 1982 
1038 6 1618 
1041 49 1585 1758 
1042 41 1592 1744 1835 1842 1992 
1043 21 1658 1717 1734 1835 
1046 24 1580 
1050 44 1549 1714 1726 1758 1793 1802 1855 1920 1927 1963 1966 2053 
1052 4 1781 
1051 46 1592 1629 1633 1662 1680 
1055 196 1549 1555 1564 1569 1573 1585 1587 1593 1597 1622 1633 1638 1648 1649 1652 1654 1661 1662 1679 1687 1700 1744 1752 1758 1768 1774 1811 1823 1849 1857 1864 1918 1935 1956 1982 1990 
1062 156 1566 1583 1621 1633 1658 1688 1700 1705 1706 1714 1723 1734 1754 1772 1808 1814 1816 1835 1836 1848 1858 1888 1893 1901 1964 1985 1992 
1063 29 1603 1799 1901 
1064 16 1654 1680 
1065 7 1849 1857 
872 29 1648 1653 1654 1662 1672 1689 1730 1780 1811 1857 
1074 95 1823 1972 
1075 74 1548 1622 1717 1802 1842 1858 1893 1927 1953 
1080 5 1836 1842 1855 
1082 4 1903 
1083 2 1783 
1085 4 1842 
1086 8 1991 
1089 8 1717 1842 1855 
1093 2 1842 
1094 2 1842 
1095 10 1833 1836 1842 1855 
1097 88 1549 1564 1573 1595 1633 1637 1700 1808 1814 1919 
1098 305 1549 1565 1583 1608 1613 1633 1646 1653 1700 1714 1730 1734 1754 1772 1781 1783 1808 1814 1833 1835 1836 1837 1847 1848 1855 1859 1888 1893 1919 1956 1963 1964 1969 1973 1982 1991 1992 1997 2016 2062 
1103 9 1842 
1099 8 1836 1842 1855 
1105 3 1836 
1111 60 1548 1583 1717 1836 1842 1855 1927 1977 1997 2060 2062 
1113 6 1855 
1102 15 1836 1837 1842 1855 1903 
1114 39 1718 1752 1770 1787 
1432 1 1697 
1124 20 1564 1772 1888 1992 2062 
1125 37 1564 1585 1772 1783 1919 1992 
1128 13 1564 1569 1641 1799 1859 
1127 62 1593 1604 1610 1621 1633 1652 1653 1658 1662 1672 1701 1706 1734 1754 1758 1842 2062 
1129 62 1556 1557 1563 1569 1573 1580 1585 1618 1622 1689 1774 1861 
1132 57 1637 1729 1864 1903 2014 2016 
1133 399 1549 1555 1587 1619 1622 1661 1679 1680 1688 1718 1729 1733 1752 1772 1780 1791 1799 1836 1859 1984 1990 2014 
1135 115 1555 1580 1585 1646 1664 1700 1717 1752 1758 1774 1781 1792 1808 1814 1836 1847 1858 1918 1963 1965 1966 1977 1997 
1137 135 1549 1564 1566 1585 1592 1608 1637 1646 1700 1706 1723 1734 1754 1772 1781 1842 1858 1903 1908 1919 1956 1991 
1142 48 1592 1597 1603 1689 1956 
1143 14 1621 1888 2062 
1150 8 1583 1622 
1151 472 1547 1549 1550 1555 1565 1566 1571 1583 1585 1592 1597 1603 1608 1613 1621 1622 1633 1646 1680 1697 1700 1705 1707 1714 1717 1723 1730 1732 1733 1746 1747 1749 1752 1754 1757 1758 1768 1769 1770 1772 1774 1781 1783 1788 1791 1808 1814 1816 1835 1836 1842 1847 1848 1888 1893 1918 1919 1956 1961 1964 1965 1969 1977 1979 1983 1985 1991 1992 1997 2001 2004 2014 2016 2062 
922 149 1549 1550 1555 1557 1564 1565 1573 1580 1585 1587 1593 1595 1597 1610 1618 1621 1622 1633 1654 1661 1687 1718 1768 1772 1774 1787 1805 1816 1842 1849 1855 1857 1859 1880 1893 1927 1963 1965 1969 1973 1979 1997 2004 
1164 39 1549 1569 1573 1653 1658 1707 1816 1918 1956 1966 
1165 13 1679 1956 
1166 599 1547 1548 1549 1566 1571 1585 1592 1622 1633 1637 1653 1678 1679 1680 1688 1697 1705 1717 1734 1744 1747 1749 1754 1757 1772 1781 1783 1787 1791 1799 1814 1816 1823 1836 1842 1847 1849 1855 1857 1880 1884 1888 1901 1919 1920 1956 1961 1963 1964 1966 1972 1973 1977 1982 1983 1984 1985 1987 1990 1992 1997 2004 2007 2014 2053 2055 2062 
1167 158 1563 1580 1585 1593 1600 1603 1608 1612 1618 1633 1641 1661 1678 1718 1730 1754 1774 1780 1793 1805 1835 1842 1859 1861 1864 1888 1893 1920 1956 1963 2004 
1168 5 1816 
1169 29 1633 1847 
1183 9 1592 1653 1808 
1185 43 1585 1633 1648 1662 1717 1718 1752 1758 1780 1805 1842 1849 1855 1859 1861 1864 1973 2004 
1193 31 1595 1661 1669 1798 
1196 9 1864 
1200 107 1592 1633 1637 1679 1723 1754 1781 1792 1814 1919 1956 2053 
1201 35 1580 1593 1603 1718 1726 1780 
1202 66 1547 1555 1580 1585 1597 1604 1608 1622 1661 1697 1700 1701 1717 1752 1758 1793 1847 1861 1864 1893 1919 1927 1997 2053 
1203 22 1549 1633 1679 1692 1697 1855 1979 2055 
1204 61 1618 1633 1648 1662 1679 
1207 26 1633 1652 1662 1680 
1210 218 1547 1549 1565 1585 1592 1608 1658 1678 1707 1717 1730 1744 1749 1754 1758 1772 1777 1783 1787 1792 1814 1848 1855 1880 1893 1903 1908 1919 1964 1965 1966 1991 1992 2062 
1211 79 1585 1648 1661 1678 1680 1701 1705 1772 1780 1787 1798 1808 1814 1819 1836 1842 1849 1956 1966 2007 2062 
1215 65 1549 1621 1633 1734 1754 1847 1859 1880 1919 1953 
1221 77 1566 1571 1585 1587 1603 1608 1688 1754 1774 1814 1847 1858 1888 1927 1963 1966 
1228 11 1956 
1230 33 1564 1587 1621 1700 1701 1774 1814 1837 1880 1893 1908 1953 1969 1987 
1234 16 1580 1587 
1236 103 1549 1555 1593 1600 1603 1610 1618 1622 1633 1641 1661 1701 1734 1754 1783 1808 1816 1847 1893 1918 1965 1966 1973 
1243 5 1593 1718 
1241 35 1549 1618 1633 1661 1758 1956 1973 
1242 11 1555 
1246 8 1979 
1247 77 1580 1585 1633 1662 1754 1757 1847 
1248 21 1587 1649 
1253 51 1566 1596 1597 1600 1610 1636 1652 1679 1718 1729 1752 1787 1788 1833 1842 1847 1884 1956 
1259 45 1571 1633 
1261 8 1819 1859 
1267 61 1566 1608 1672 1700 1707 1717 1791 1811 1835 1908 1964 1965 2014 2016 
1278 69 1563 1580 1618 1622 1633 1648 1772 1774 1808 1816 1893 1918 
1279 124 1549 1555 1563 1573 1580 1587 1595 1597 1608 1610 1618 1619 1629 1633 1638 1641 1649 1652 1654 1661 1662 1672 1716 1726 1732 1768 1774 1780 1787 1847 2062 
1281 10 1707 1772 1888 1893 
1286 65 1688 1706 1901 1903 1965 
1284 20 1585 1688 1697 1723 1726 1859 1965 1966 1983 1987 2007 
1285 31 1688 1723 1726 1956 1965 
1290 16 1573 1580 
1291 34 1549 1814 1977 
1293 33 1842 1855 
1297 76 1564 1585 1633 1679 1705 1836 1847 1918 1964 2053 
1299 5 1855 
1305 290 1556 1563 1571 1587 1592 1593 1595 1596 1600 1603 1604 1608 1633 1637 1646 1648 1653 1679 1723 1734 1754 1769 1777 1781 1792 1808 1814 1915 1918 1919 1935 1956 2016 
1306 20 1726 1808 
1308 4 1816 
1315 6 1566 1842 1908 
1316 7 1836 1842 1908 
1319 181 1549 1556 1566 1569 1573 1585 1593 1595 1596 1603 1604 1608 1618 1622 1628 1633 1638 1641 1648 1654 1658 1678 1680 1697 1700 1706 1714 1729 1734 1754 1758 1768 1772 1774 1793 1802 1805 1808 1814 1816 1849 1855 1880 1888 1893 1918 1919 1927 1953 1956 1966 1969 1973 1987 1992 
1322 12 1633 
1329 3 1633 1638 
1326 6 1893 2004 
1335 62 1555 1610 1618 1628 1638 1672 1680 1716 1726 1732 1770 1772 1798 1835 1848 1861 1864 1992 
1336 8 2014 
1339 5 1585 1593 1956 
1342 4 1564 
1349 2 1977 
1350 117 1547 1555 1566 1585 1596 1597 1608 1610 1619 1621 1622 1628 1633 1638 1649 1652 1657 1658 1661 1662 1672 1678 1680 1700 1701 1717 1718 1726 1732 1757 1758 1768 1774 1783 1788 1791 1793 1798 1802 1805 1811 1816 1836 1842 1849 1855 1858 1859 1884 1901 1903 1908 1953 1963 1966 1969 1973 2062 
1352 121 1555 1556 1566 1573 1580 1583 1585 1603 1608 1618 1622 1628 1629 1638 1649 1658 1661 1679 1697 1714 1717 1726 1746 1747 1752 1757 1758 1770 1774 1780 1783 1787 1791 1802 1805 1811 1816 1842 1849 1858 1859 1864 1893 1908 1920 1927 1956 1963 1966 1969 1973 1979 1985 1987 2004 2055 2060 
1353 30 1548 1783 1836 1848 1977 1997 
1360 22 1864 
1356 20 1595 1638 1718 1732 1780 1842 1855 
1362 4 1701 
1357 91 1571 1580 1585 1593 1603 1604 1619 1622 1641 1649 1661 1672 1679 1701 1726 1734 1747 1758 1774 1792 1808 1814 1859 1956 1963 1966 
1358 18 1549 1836 1842 1855 
1367 40 1571 1679 
1368 33 1622 1816 1842 1855 1859 1893 1927 1987 
1375 4 1793 
1374 462 1549 1573 1580 1585 1633 1637 1646 1648 1653 1679 1680 1705 1717 1730 1733 1746 1749 1757 1772 1774 1788 1792 1799 1805 1808 1814 1847 1849 1855 1858 1865 1888 1903 1918 1919 1956 1973 1982 1990 1991 2001 
1382 17 1777 
1377 33 1569 1597 1652 1661 1774 1783 1805 1819 1842 1966 
1378 14 1723 1726 1965 1966 1977 
1380 63 1547 1573 1621 1638 1705 1754 1772 1774 1787 1792 1956 2062 
1381 52 1566 1610 1613 1622 1662 1688 1705 1780 1805 1908 1992 2016 
1384 37 1549 1564 1593 1837 1847 1956 
1385 35 1593 
1386 61 1555 1566 1585 1595 1622 1641 1649 1717 1772 1774 1791 1805 1842 1848 1858 1893 1901 1903 1927 1953 1966 1973 
1394 9 1758 
1390 32 1679 1705 1992 
1395 199 1547 1550 1555 1566 1580 1583 1597 1603 1604 1608 1613 1618 1621 1628 1641 1669 1697 1700 1701 1705 1714 1723 1729 1730 1734 1754 1781 1792 1798 1811 1816 1836 1842 1847 1848 1849 1858 1859 1880 1901 1903 1927 1964 1965 1966 1969 1973 1979 1983 1985 1987 1992 1997 2062 
1400 3 1633 1849 
1407 3 1772 
1416 13 1633 
1420 12 1587 1633 1638 1654 1752 1780 
1419 41 1564 1992 
1423 8 1569 1573 1648 1864 
1424 52 1549 1556 1563 1593 1595 1600 1603 1608 1618 1622 1792 1814 1919 1927 1966 1973 
1428 183 1549 1555 1566 1583 1585 1613 1619 1622 1628 1629 1633 1636 1648 1649 1654 1661 1662 1672 1679 1680 1697 1701 1714 1717 1726 1734 1746 1747 1752 1754 1757 1758 1772 1774 1781 1787 1788 1791 1793 1798 1802 1805 1811 1816 1848 1849 1858 1859 1880 1893 1901 1903 1919 1927 1956 1963 1965 1966 1969 1973 1979 1983 1985 1987 2004 2007 2060 
1184 79 1564 1585 1705 1718 1808 1835 1842 1855 1956 1984 2053 
1439 9 1814 
1441 41 1610 1612 1638 1662 1752 1757 1768 1780 1783 1787 1991 2062 
1442 20 1555 1774 1780 1787 1864 
1447 7 1593 1618 1641 
1451 3 1618 
1462 48 1549 1569 1633 1701 1717 1842 1849 1864 1919 1920 
1463 26 1596 1653 1808 1893 1992 
1465 8 1798 
1466 24 1593 1597 1633 1701 1718 
1469 7 1603 1608 1672 
1470 156 1555 1585 1603 1622 1641 1658 1661 1700 1701 1744 1774 1799 1816 1836 1857 1893 1918 1956 1966 1969 1977 
1471 72 1556 1581 1603 1612 1628 1636 1641 1661 1672 1701 1726 1752 1758 1768 1880 1884 1956 
1473 91 1608 1646 1679 1688 1692 1697 1730 1747 1754 1780 1783 1793 1805 1836 1842 1855 1859 1880 1893 1919 1953 1963 1979 2004 2007 2060 
1480 44 1585 1622 1628 1633 1658 1700 1717 1758 1772 1780 1788 1791 1798 1802 1805 1811 1816 1842 1849 1859 1893 1901 1908 1979 1987 1992 
1482 26 1547 1580 1585 1621 1622 1697 1701 1805 1816 1893 1903 1953 1966 1969 
1483 52 1555 1573 1580 1595 1633 1649 1716 1717 1726 1758 1768 1774 1791 1798 1802 1805 1811 1842 1849 1859 1893 
1487 117 1549 1610 1618 1619 1622 1629 1633 1638 1641 1648 1654 1658 1661 1662 1669 1672 1679 1689 1692 1701 1707 1718 1726 1732 1746 1747 1752 1757 1816 1836 1847 1855 1857 1858 1893 1901 1903 1908 1953 1969 1973 1979 1987 1991 
1489 64 1555 1563 1573 1583 1593 1596 1600 1608 1621 1622 1653 1657 1662 1680 1700 1701 1768 1772 1816 1847 1855 1857 1893 1953 1969 1984 1997 2007 2055 2060 2062 
1492 157 1550 1555 1580 1585 1587 1593 1595 1597 1600 1603 1618 1619 1621 1622 1633 1641 1649 1652 1654 1658 1661 1689 1692 1700 1701 1726 1734 1747 1754 1772 1774 1783 1814 1816 1847 1858 1880 1888 1893 1901 1903 1908 1918 1919 1927 1966 1969 1987 1992 1997 
1495 10 1734 1816 1893 1973 
1496 210 1555 1571 1585 1593 1603 1610 1618 1621 1622 1633 1646 1648 1653 1654 1658 1697 1700 1701 1718 1726 1734 1754 1772 1774 1780 1783 1791 1798 1808 1814 1816 1836 1842 1847 1849 1859 1880 1884 1893 1903 1908 1919 1953 1956 1966 1969 1973 1992 2001 
1497 28 1550 1556 1573 1580 1593 1956 
1499 12 1547 1573 1580 1597 1612 1658 1774 1956 
1500 48 1569 1612 1717 1718 1956 
1501 38 1564 1633 1687 1772 1787 1788 1793 1811 1861 1864 
1506 41 1556 1649 1652 1654 1662 1672 1679 1680 1717 1849 1880 2062 
1503 3 1563 1638 
1504 6 1633 
1505 4 1717 1893 
1507 2 2062 
1510 16 1556 1563 
1521 99 1583 1585 1608 1621 1633 1679 1700 1706 1714 1744 1746 1747 1768 1772 1780 1787 1791 1808 1814 1836 1842 1888 1893 1919 1964 1992 1997 2062 
1522 139 1592 1628 1637 1688 1700 1754 1758 1777 1780 1791 1814 1842 1857 1880 1893 1903 1956 1990 2062 
1524 4 1692 
1525 35 1628 1633 1649 1652 1654 1669 1717 1780 1788 1791 1793 1798 1802 1811 
1538 81 1555 1564 1610 1618 1622 1697 1700 1701 1726 1732 1734 1746 1747 1752 1768 1774 1802 1805 1811 1816 1836 1855 1858 1893 1918 1935 1953 1969 1973 
1535 2 1604 
1537 68 1549 1622 1729 1734 1754 1808 1814 1816 1919 1966 1969 
1542 244 1549 1565 1608 1628 1648 1700 1783 1798 1799 1823 1833 1836 1842 1855 1859 1893 1919 1920 1972 1997 
1552 81 1549 1566 1628 1633 1646 1700 1707 1717 1734 1783 1788 1808 1836 1842 1849 1858 1880 1893 1908 1956 1973 1991 
1553 20 1600 1608 1680 1758 1780 1788 1816 1956 
1547 28 1549 1573 1593 1956 1966 
1549 587 1547 1555 1565 1566 1571 1580 1583 1585 1592 1597 1603 1608 1613 1618 1619 1621 1622 1628 1633 1641 1646 1648 1653 1658 1661 1672 1678 1679 1680 1688 1697 1700 1701 1705 1706 1714 1716 1717 1723 1726 1729 1730 1732 1733 1734 1744 1746 1747 1749 1754 1757 1768 1772 1774 1777 1780 1781 1783 1787 1792 1793 1798 1799 1802 1805 1808 1814 1816 1819 1836 1842 1847 1849 1857 1858 1859 1880 1888 1893 1903 1908 1918 1919 1927 1953 1956 1963 1964 1965 1966 1969 1973 1977 1979 1982 1984 1985 1987 1990 1992 1997 2001 2007 2016 2062 
1550 42 1549 1596 1729 1990 
1555 79 1556 1557 1563 1587 1597 1608 1622 1629 1633 1636 1641 1658 1672 1679 1689 1692 1697 1700 1701 1718 1768 1774 1780 1802 1805 1816 1842 1847 1861 1864 1893 1901 1903 1908 1966 1969 1973 
1554 6 1556 1563 
1558 1 1563 
1559 1 1563 
1560 3 1563 
1565 8 1749 1798 
1566 46 1628 1705 1734 1847 1855 1903 1908 
1569 3 1718 1793 
1570 4 1569 
1572 2 1569 1581 
1578 1 1580 
1579 1 1580 
1582 13 1654 1679 1718 1752 1774 
1583 87 1549 1600 1604 1608 1619 1621 1633 1637 1706 1754 1757 1787 1842 1919 1956 1965 1987 2053 
1587 5 1585 1718 
1584 1 1587 
1585 102 1547 1564 1587 1618 1622 1641 1646 1654 1661 1672 1679 1697 1700 1723 1726 1754 1772 1787 1811 1836 1847 1855 1857 1858 1888 1903 1966 1969 1973 1979 2053 
1589 13 1596 1600 1603 1612 1638 1679 
1590 1 1593 
1591 1 1593 
1592 30 1593 1792 1837 
1594 114 1549 1555 1566 1585 1595 1610 1619 1622 1628 1629 1638 1641 1649 1652 1654 1658 1661 1662 1669 1689 1692 1697 1701 1707 1714 1717 1718 1726 1732 1746 1747 1752 1758 1770 1774 1783 1788 1791 1802 1836 1855 1858 1859 1880 1888 1893 1901 1903 1919 1963 1966 1969 1977 1979 2062 
1596 29 1550 1597 1633 1772 
1599 3 1600 1774 
1603 16 1835 
1571 24 1585 1603 1621 1638 1652 1661 1956 1992 
1601 4 1603 
1602 1 1603 
1604 4 1603 
1605 10 1654 1657 
1606 3 1927 
1607 2 1661 
1608 355 1549 1565 1566 1583 1585 1592 1604 1610 1612 1613 1619 1621 1622 1628 1629 1633 1641 1648 1649 1654 1662 1669 1672 1678 1687 1689 1692 1700 1701 1707 1714 1717 1718 1723 1730 1732 1734 1746 1747 1749 1752 1754 1757 1758 1772 1781 1787 1788 1791 1792 1798 1802 1808 1811 1814 1816 1835 1842 1847 1848 1855 1857 1858 1888 1893 1901 1903 1908 1918 1919 1927 1956 1963 1964 1965 1969 1973 1977 1979 1983 1985 1987 1991 1992 1997 2004 2060 
1610 12 1555 1641 1726 1747 1903 
1611 1 1596 
1612 68 1982 
1613 15 1610 1903 
1614 73 1549 1583 1592 1621 1622 1628 1669 1717 1734 1774 1780 1787 1802 1805 1811 1814 1842 1848 1857 1859 1893 1903 1919 1987 1992 
1615 162 1549 1550 1555 1566 1585 1618 1619 1622 1628 1633 1636 1638 1641 1648 1649 1652 1654 1657 1658 1661 1662 1669 1672 1679 1680 1689 1697 1707 1716 1717 1726 1730 1732 1746 1747 1752 1757 1758 1768 1770 1772 1774 1780 1787 1788 1791 1798 1802 1805 1811 1816 1849 1855 1857 1858 1859 1864 1880 1893 1901 1903 1908 1920 1927 1953 1955 1956 1963 1965 1966 1969 1973 1979 1983 1984 1987 1991 2007 2055 
1617 1 1618 
1530 11 1566 1835 1859 
1619 4 1726 
1621 80 1583 1622 1697 1700 1714 1729 1734 1749 1754 1783 1808 1816 1842 1858 1880 1888 1901 1919 1979 1985 1987 
1622 50 1549 1585 1700 1701 1772 1788 1816 1893 1935 1953 1966 1973 1992 
1623 39 1555 1565 1893 1966 
1628 12 1629 1669 1811 1858 1859 
1630 2 1633 
1631 6 1610 1633 1758 
1632 3 1633 1661 
1638 3 1637 1661 
1637 1 1638 
1639 36 1592 1621 1637 1638 1783 1858 2016 
1644 48 1661 1717 1787 1842 1859 1956 1997 2004 
1645 2 1648 
1646 5 1585 1648 
1651 1 1652 
1653 2 1654 
1661 66 1754 1808 1859 1953 1966 
1658 9 1661 1697 2053 
1659 1 1661 
1660 1 1661 
1662 6 1718 1903 
1564 27 1555 1622 1679 1687 1700 1701 1772 1783 1805 1893 1953 1969 1992 
1663 1 1564 
1664 3 1888 
1667 55 1628 1669 1680 1802 1835 1849 1857 1859 
1668 5 1669 1816 
1670 18 1646 1847 1956 1997 
1647 19 1548 
1675 2 1956 
1678 3 1977 
1683 2 1641 1802 
1685 1 1641 
1684 9 1641 1653 
1689 2 1787 
1690 2 1692 
1691 50 1566 1622 1692 1723 1769 1836 1842 1908 1919 
1693 6 1566 1610 2062 
1701 112 1549 1621 1648 1700 1723 1734 1754 1847 1888 1919 1997 
1694 1 1701 
1695 1 1701 
1696 4 1622 1701 1893 
1697 70 1555 1633 1701 1808 1842 1849 1855 1859 1880 1935 1966 
1698 1 1701 
1699 1 1701 
1700 93 1555 1564 1585 1622 1697 1701 1714 1770 1772 1787 1816 1847 1893 1918 1953 1969 1985 1992 
1711 9 1697 1855 1956 
1705 47 1565 1566 1596 1707 1723 1808 1888 1919 
1706 4 1705 
1707 34 1678 1697 1705 1723 1888 1977 
1715 1 1718 
1716 6 1718 1747 1920 
1717 96 1585 1622 1658 1697 1718 1744 1752 1855 1858 1918 1956 1969 1973 1979 1987 2004 2053 2062 
1719 10 1596 1622 1726 1772 1965 
1720 14 1726 1965 
1721 1 1726 
1722 14 1726 1808 
1723 1 1726 
1688 25 1723 1726 1965 1966 
1724 1 1726 
1725 1 1726 
1728 1 1716 
1729 19 1754 1857 1888 1893 2014 
1732 18 1730 1772 1805 1811 1893 1908 1956 
1730 45 1549 1565 1732 1772 1859 2016 
1731 1 1732 
1733 42 1549 1799 1816 1966 
1734 55 1585 1633 1754 1808 1893 1918 1969 
1738 3 1811 
1741 9 1723 
1746 7 1744 1788 1848 1893 
1742 6 1746 1780 1859 1901 
1743 1 1746 
1744 8 1746 
1745 1 1746 
1748 76 1549 1592 1637 1646 1747 1984 
1749 68 1565 1633 1646 1783 1918 1919 1997 2062 
1758 2 1788 1802 
1753 1 1758 
1754 23 1658 1729 1758 1893 1918 1956 
1755 1 1758 
1756 89 1547 1550 1608 1622 1628 1658 1697 1700 1717 1749 1758 1780 1783 1787 1788 1791 1798 1802 1805 1811 1816 1835 1836 1842 1849 1859 1888 1901 1903 1908 1918 1964 1973 1977 2062 
1757 16 1628 1730 1758 1783 1788 1791 1849 1855 1857 1920 1973 
1761 2 1770 
1762 47 1555 1774 
1763 1 1687 
1764 2 1564 1811 
1765 4 1849 1983 
1766 27 1700 1768 1791 1835 1842 1964 2062 
1767 97 1628 1706 1768 1772 1774 1777 1780 1802 1811 1847 1915 1918 1919 
1770 1 1771 
1769 67 1549 1585 1680 1754 1770 1781 1965 1966 
1772 141 1549 1550 1555 1564 1585 1621 1622 1637 1646 1700 1723 1730 1757 1774 1780 1783 1787 1791 1798 1805 1811 1836 1842 1847 1859 1861 1864 1880 1884 1888 1893 1903 1918 1927 1955 1956 1964 1966 1977 1987 1992 1997 
1759 5 1780 1966 
1773 1 1774 
1775 1 1777 
1778 8 1780 1791 1819 1884 1920 1955 1966 
1782 2 1781 
1751 35 1549 1717 1730 1734 1787 1979 2016 
1783 57 1621 1700 1749 1754 1903 1918 1992 1997 2062 
1789 11 1658 1783 1920 
1790 2 1791 
1792 31 1757 1787 1793 1805 1842 1857 1858 1861 1864 1908 1920 1973 1987 2055 2060 
1795 44 1549 1571 1633 1717 1798 1805 1814 1919 2016 
679 3 1798 
1796 38 1798 1982 
1797 1 1798 
1799 48 1628 1966 
1800 20 1628 1787 1836 1842 1858 1908 
1811 43 1633 1648 1973 2001 
1803 19 1549 1613 1811 1842 1919 
1804 1 1811 
1805 2 1811 1893 
1806 1 1811 
1807 8 1811 
1808 129 1549 1564 1566 1585 1608 1621 1622 1680 1700 1705 1717 1723 1734 1772 1783 1805 1811 1816 1847 1888 1919 1927 1969 1977 1992 2004 
1809 2 1811 1859 
1810 1 1811 
1812 4 1842 1855 
1813 41 1549 1688 1842 
1814 105 1596 1734 1754 1781 1919 2001 
1820 90 1621 1633 1646 1653 1734 1754 1792 1808 1814 1888 1918 1919 1956 1992 2053 2062 
1821 7 1633 
1822 11 1585 1880 1893 1903 1908 1966 
1823 49 1717 1749 1805 1842 1855 1858 1893 1953 1956 1963 
1825 1 1842 
1826 1 1842 
1827 2 1842 
347 8 1842 1855 1920 1950 1953 1956 
1835 73 1592 1792 1842 1918 
1836 16 1585 1608 1622 1842 1956 
1828 2 1842 1849 
1837 28 1566 1754 1842 1919 2060 
1829 2 1717 1842 
1838 57 1585 1622 1707 1714 1730 1757 1772 1842 1849 1893 1953 1969 1973 1991 1992 2060 
1830 3 1842 1855 
1831 3 1842 1855 
1832 6 1805 1842 
1833 6 1842 1855 
1834 1 1842 
1839 1 1842 
1840 2 1842 1855 
1841 1 1842 
1844 1 1849 
1845 1 1849 
1846 1 1849 
1847 47 1787 1849 1893 1903 1908 1953 1973 
1852 1 1849 
1848 16 1787 1849 2053 2062 
1853 1 1849 
1855 12 1622 1697 1859 1893 1927 1956 1963 
1856 1 1859 
1857 8 1859 
1858 1 1859 
1860 1 1859 
1862 2 1864 
1867 2 1865 
1868 22 1583 1613 1714 1749 1783 1787 1848 1985 
1869 3 1717 2062 
1870 1 1717 
1874 9 1717 
1875 33 1705 1717 1730 1837 
1871 1 1717 
1872 5 1717 
1876 3 1717 
1873 1 1717 
1879 13 1880 
1885 44 1549 1777 1893 1908 2016 
1886 4 1697 1893 
1887 2 1893 
1888 36 1613 1646 1893 1956 1977 
1889 1 1893 
1891 36 1633 1678 1893 1992 
1892 5 1893 1953 1963 1969 
1896 51 1549 1956 
1899 6 1901 
1900 1 1901 
1902 1 1903 
1908 9 1566 1858 1927 1963 
1905 1 1908 
1906 1 1908 
1907 1 1908 
1909 1 1908 
1911 1 1908 
1912 3 1908 
1913 1 1908 
1914 2 1658 
1915 33 1658 
1916 1 1658 
1917 1 1658 
1918 20 1565 1700 1920 1977 1992 2062 
1919 112 1547 1550 1566 1583 1585 1608 1613 1622 1697 1714 1734 1749 1757 1783 1787 1816 1836 1842 1848 1888 1920 1964 1973 1977 1979 1983 1985 1987 1997 2007 2055 2060 2062 
1922 204 1549 1571 1633 1679 1705 1706 1717 1723 1734 1754 1781 1792 1808 1814 1837 1847 1888 1919 1984 1992 2053 
1923 2 1855 
1924 5 1855 
1925 22 1633 1717 1836 1842 1855 1977 1983 2004 
1928 7 1855 1927 2060 
1890 1 1855 
1926 1 1855 
1927 2 1855 
1929 1 1855 
1930 1 1855 
1931 15 1842 1855 1888 1927 1964 1997 
1937 13 1548 1855 
1932 1 1855 
1933 1 1855 
1938 1 1855 
1934 1 1855 
1935 7 1548 1855 
1939 1 1855 
1940 5 1835 1855 
1941 1 1857 
1944 2 1956 
1945 2 1816 
1948 14 1608 1621 1918 1956 2004 
827 3 1953 
1951 29 1953 
1958 1 1963 
1959 1 1963 
1960 1 1963 
1961 5 1963 
1962 31 1550 1622 1697 1757 1787 1816 1858 1927 1963 1966 1969 1973 1979 1987 
1966 18 1585 1706 1723 1965 1977 
1964 13 1966 
1965 9 1566 1966 
1967 31 1723 1734 1754 1858 1969 1990 
1968 2 1969 
1972 181 1549 1571 1596 1633 1706 1734 1754 1781 1792 1799 1823 1918 1973 2016 2062 
1976 6 1977 
1977 34 1565 1608 1621 1707 1772 1836 1888 1997 2004 2062 
1952 3 1622 1816 
1980 47 1585 1622 1700 1772 1777 1816 1835 1842 1888 1956 1964 
1981 2 1816 
1982 29 1816 2004 2062 
1985 56 1549 1621 1622 1633 1700 1734 1749 1754 1888 1919 1987 1992 1997 2062 
1986 17 1585 1772 1787 1835 1888 1985 1987 
1988 1 1622 
1989 1 1622 
1990 36 1549 1622 
1991 66 1622 1633 1637 1646 1653 1705 1723 1734 1754 1792 1808 1814 1842 1956 1992 
1992 16 1622 1700 1808 
1993 3 1622 
1995 3 1919 
1997 88 1547 1585 1608 1613 1621 1697 1700 1707 1717 1730 1749 1757 1772 1783 1787 1835 1842 1848 1919 1965 1977 1991 2004 2062 
1794 26 1633 1706 1814 1847 1919 
2001 39 1700 1783 1991 2004 
2002 1 2004 
2009 63 1707 1717 1835 1918 1964 1992 2014 
2012 3 2014 
2033 22 1548 
2049 3 1697 
2050 4 1697 1730 
2051 1 1697 
2052 14 1697 1717 1835 
2054 3 1564 2055 
2056 1 1550 
2057 1 1550 
2058 1 1550 
2059 4 2060 
2061 4 1585 1646 1888 
2062 121 1565 1566 1583 1585 1613 1621 1633 1678 1700 1707 1714 1717 1749 1754 1757 1772 1783 1836 1842 1848 1888 1919 1965 1977 1985 1991 1997 
2063 21 1564 1585 1707 1730 1835 1965 1977 
2065 50 1549 1633 1772 1808 1842 1919 1956 
2069 17 1608 1717 1964 
2068 4 1783 
2071 7 1992 
2072 121 1547 1583 1592 1596 1608 1621 1637 1646 1653 1700 1707 1717 1723 1730 1749 1757 1772 1787 1808 1835 1836 1842 1847 1848 1888 1918 1956 1964 1977 1985 1991 1997 2062 
2077 1 1991 
2081 1 1707 
2082 1 1707 
2084 10 1997 
2085 28 1608 1792 1835 1919 1992 
2088 6 1997 
2091 8 1836 
2093 55 1564 1566 1608 1717 1772 1792 1835 1847 1964 1992 
2096 2 1730 
2099 22 1547 1565 1700 1997 2062 
2102 45 1549 1596 1633 1769 1777 1808 
2109 47 1744 
2111 4 1688 
2114 39 1706 1734 1754 1777 1781 1919 1965 2016 
2115 16 1835 1965 
2116 20 1723 1888 1977 
2119 5 1814 
2118 113 1547 1565 1566 1571 1633 1646 1700 1714 1769 1772 1792 1847 1888 1919 
2120 122 1549 1596 1608 1621 1700 1714 1772 1781 1783 1842 1848 1997 2001 
2125 3 1566 1836 
2128 3 1992 
2129 44 1990 
2130 8 1646 1723 1977 
2133 129 1547 1565 1596 1608 1621 1637 1646 1653 1700 1705 1717 1723 1772 1808 1835 1836 1842 1847 1888 1918 1956 1964 1977 1992 2062 
2134 14 1990 
2135 146 1633 1729 1792 1837 1972 1982 2014 
2141 2 1772 
2145 145 1549 1608 1637 1653 1679 1705 1734 1814 1847 1888 1982 
2152 4 1757 
2156 41 1549 1608 1621 1678 1700 1772 1888 1992 
2159 18 1749 1783 1848 1888 1919 1997 
2160 26 1549 
2169 32 1621 1705 1772 1836 1842 1888 1977 1997 
2170 2 1772 
2171 16 1679 1772 
2172 29 1608 1772 1956 1964 
2173 1 1772 
2174 65 1564 1583 1592 1621 1808 
2176 17 1792 
2186 61 1705 1769 1808 1918 1919 
2188 3 1548 
2193 12 1836 1935 2062 
2197 4 1835 
2206 14 1608 1956 
2209 31 1564 1633 1646 1653 1787 
2210 17 1749 1787 
2212 1 1985 
2213 1 1985 
2214 3 1985 1997 
2215 15 1714 
2216 1 1714 
2217 11 1714 
2221 1 1613 
2222 1 1613 
2223 15 1613 
2225 34 1564 1700 1992 
2226 28 1571 
2227 4 1808 
2230 49 1608 1633 1700 1792 1808 1847 1964 
2231 66 1596 1608 1637 1706 1835 1964 
2229 143 1549 1564 1679 1717 1729 1734 1754 1792 1814 1835 1990 
2232 12 1956 
2233 36 1547 1608 1717 1919 1956 
2235 1 1783 
2236 75 1679 1734 1754 1781 1783 1792 1814 1848 1919 
2237 241 1549 1633 1637 1688 1706 1729 1734 1744 1754 1769 1781 1919 1990 2014 2016 
2241 14 1621 1700 1888 1992 1997 
2240 108 1549 1565 1608 1633 1842 1888 
2242 3 1749 1848 
2246 8 1919 
2249 38 1565 1608 
2251 25 1679 1977 
2252 22 1549 1744 
2254 6 1847 1888 1992 
2255 31 1547 1565 1700 1836 1842 1888 1919 1964 
2256 247 1549 1564 1565 1592 1596 1608 1637 1646 1653 1705 1723 1744 1777 1808 1814 1847 1918 1935 1990 1992 2053 
2257 49 1734 1823 1919 
2258 95 1549 1648 1733 1842 
2264 58 1549 1653 1729 1961 
2274 48 1608 1700 1835 1888 1919 1964 
2280 1 1664 
2282 5 1997 
2286 6 1621 1700 1997 
2285 17 1633 1679 1997 
2287 4 1997 
2290 120 1549 1744 1777 1990 
2289 14 1888 1977 
2291 1 1977 
2292 1 1977 
2265 1 1977 
2293 2 1888 1977 
2294 9 1977 
2295 2 1888 
2296 2 1888 
2297 164 1571 1633 1700 1723 1734 1754 1792 1814 1847 1888 1956 1990 
2298 48 1792 1837 1888 1964 
2299 67 1549 
2322 19 1547 1621 1700 1835 1992 
2323 111 1549 1571 1633 1729 1744 1777 1836 1847 1935 1984 1990 
2324 3 1565 
2326 252 1549 1571 1621 1633 1688 1706 1729 1744 1769 1777 1935 1990 2016 
2328 215 1547 1549 1564 1608 1621 1637 1646 1653 1700 1723 1808 1835 1836 1842 1847 1956 1964 1990 1992 2053 2062 
2332 36 1835 
2342 5 1918 
2343 7 1992 
2272 31 1633 1653 1700 1792 1992 
2357 12 1547 1700 1754 1964 
2359 2 1621 
2360 3 1621 
2364 14 1679 
2365 77 1571 1705 1706 1754 1792 1992 2053 
2366 7 1835 
2338 6 1964 
2369 189 1799 1964 1982 2014 
2370 2 1964 
2371 124 1596 1705 1734 1754 1781 1792 1808 1814 1837 1847 1918 1919 1964 2053 
2372 7 1700 1835 1964 
2374 1 1964 
2375 49 1564 1608 1637 1653 1688 1918 1964 
2376 26 1964 
2378 4 2062 
2381 71 1549 1680 1956 2062 
2379 45 1688 1744 1777 2062 
2380 1 2062 
2387 66 1648 1680 
2393 4 1836 
2398 62 1549 1571 1706 1734 1847 
2399 2 1700 
2403 2 1842 
2404 1 1842 
2405 1 1842 
2406 2 1842 
2407 4 1608 1842 
2410 34 1700 1799 
2411 141 1571 1596 1633 1680 1700 1754 1777 1915 1918 1919 1935 1990 1992 2016 
2414 6 1700 1865 1956 
2416 37 1633 1723 1835 
2427 11 1608 
2435 35 1564 1592 1633 1637 1646 1723 1956 1992 
2462 4 1608 
2440 50 1982 
2452 42 1982 
2472 75 1549 1592 1637 1705 1723 1734 1754 1781 1808 1918 
2473 103 1596 1637 1646 1653 1688 1705 1723 1734 1754 1781 1792 1808 1814 1847 1918 1919 1956 1992 
2476 35 1705 1734 1754 1919 
2480 7 1608 
2481 8 1608 
2482 3 1608 
2485 324 1549 1571 1596 1637 1648 1688 1705 1723 1729 1754 1769 1792 1808 1982 1984 1990 2014 2016 
2488 21 1633 1769 1919 
2497 38 1744 1814 
2502 30 1549 1835 
2503 2 1835 
2504 100 1769 1799 1835 
2505 1 1835 
2506 46 1706 1835 2016 
2507 69 1633 1646 1781 1814 1835 1847 1919 1992 
2508 13 1835 
2509 11 1835 
2510 68 1633 1648 1653 1792 1808 1814 1847 1992 
2517 5 1918 
2535 47 1549 
2541 37 1549 1754 1918 
2542 93 1549 1637 1723 1956 1990 2016 
2546 34 1549 1633 1734 1956 
2547 105 1549 1596 1679 1777 1792 1808 
2548 12 1847 
2549 70 1648 1734 1754 1808 1918 1919 1956 
2550 26 1549 1717 1956 
899 24 1592 1637 1646 1653 1723 1956 
2555 12 1653 1956 
2556 1 1956 
2566 32 1549 1792 1956 
2557 77 1596 1637 1646 1705 1723 1769 1918 1956 2053 
2469 3 1956 
2567 5 1956 
2558 2 1956 
2559 82 1729 1734 1744 1754 1792 1814 1847 1956 1961 2053 
2560 180 1549 1571 1596 1744 1754 1777 1915 1956 2016 
2561 2 1956 
2562 2 1956 
2563 2 1956 
2564 50 1799 1956 
2565 893 1548 1549 1571 1596 1633 1637 1646 1653 1679 1680 1688 1705 1706 1723 1729 1734 1744 1754 1769 1777 1781 1792 1799 1808 1814 1865 1915 1918 1919 1935 1956 1982 1990 2014 2016 2053 
2570 1 1717 
2572 7 1935 
2576 146 1633 1679 1680 1688 1705 1781 1865 1919 2001 2053 
2578 12 1646 1653 1717 
2585 60 1549 
2592 13 1799 
2593 32 1734 1754 1847 
2594 45 1847 2001 
2595 49 1548 1808 
2596 13 1646 
2598 7 1847 1992 
2474 142 1549 1592 1646 1705 1723 1734 1754 1781 1792 1808 1814 1847 1919 1992 
2605 64 1688 1808 1992 2001 
2608 14 1723 
2612 29 1548 
2613 25 1777 
2617 22 1646 1653 1918 
2618 53 1549 1734 1814 1847 1992 
2623 108 1571 1633 1919 
2619 46 1549 1754 1781 1808 1847 1982 
2620 24 1564 
2627 1 1717 
2626 3 1717 
2628 1 1847 
2646 39 1596 1734 1808 1823 1847 
2647 18 1564 1646 1847 1992 2053 
2651 269 1549 1571 1688 1706 1729 1744 1754 1769 1777 1918 1935 1990 2001 2016 
2653 113 1549 1688 1734 1915 2016 
2655 49 1792 
2657 44 1935 
2658 307 1680 1688 1729 1744 1769 1777 1915 1982 1990 2014 
2659 12 1744 1990 
2672 13 1564 1992 
2674 103 1549 1571 1734 1754 1814 1992 2016 
2675 1 1992 
2676 7 1992 
2677 40 1549 1982 1992 
2699 74 1706 1744 1935 
2700 168 1571 1633 1679 1706 1744 1777 1935 1990 2016 
2701 19 1633 
2686 156 1571 1679 1688 1777 1792 1814 2016 
2687 13 1633 
2702 80 1633 1680 1734 
2703 61 1571 1633 1679 1814 2016 
2688 618 1549 1571 1633 1648 1679 1680 1688 1706 1733 1734 1744 1754 1769 1777 1781 1792 1799 1814 1823 1919 1935 1961 1982 1984 2001 2014 2016 
2704 75 1723 1754 1814 1837 1919 
2660 164 1633 1734 1744 1754 1781 1814 1990 
2689 38 1799 
2667 126 1548 1799 
2690 26 1679 1754 1814 
2691 44 1799 1961 
2692 19 1633 
2693 149 1549 1571 1633 1744 1792 1990 
2706 18 1814 
2696 64 1688 1799 
2697 45 1549 1633 1769 
2698 15 1633 
2709 1 1564 
2711 13 1564 1990 
2719 21 1549 1637 1729 1808 
2724 10 1777 
2727 33 1754 1918 
2740 28 1637 1646 1653 
2744 39 1637 
2747 79 1729 1744 
2746 25 1549 
2748 1 1637 
2749 1 1637 
2752 7 1744 
2757 5 1653 
2764 1 1646 
2765 29 1646 1729 
2766 1 1646 
2767 1 1646 
2768 40 1596 1646 1705 1723 1808 2053 
2772 1 1592 
2773 1 1592 
2774 46 1592 1705 1706 1918 
2775 35 1633 1799 
2778 22 2053 
2790 173 1549 1571 1633 1706 1744 1754 1777 1814 1935 1982 1984 1990 
2791 15 1808 1918 
2792 18 1723 
2796 8 1808 
2815 11 1633 1734 
2819 18 1549 1633 2016 
2822 43 1723 1935 
2654 104 1549 1679 1744 1781 1792 1915 1935 1990 2053 
2758 2 1679 
2799 8 1777 
2830 6 1723 
2831 39 1972 2001 
2832 50 1596 1984 
2833 7 1549 
2838 21 1633 
2840 14 1808 
2845 3 1723 
2846 1 1723 
2847 1 1723 
2848 1 1723 
2849 1 1723 
2850 1 1723 
2851 44 1723 1754 
2852 2 1723 
2853 1 1723 
2859 139 1769 1777 2014 
2860 5 1919 
2866 6 1705 2053 
2871 282 1548 1571 1596 1679 1680 1688 1706 1769 1777 1781 1814 1918 1919 1984 2016 
2872 87 1549 1679 1705 1706 1915 
2883 28 1799 
2568 4 1808 
2900 29 1549 1571 1633 1705 1706 1754 1918 
2905 4 2053 
2903 8 1679 2053 
2904 18 1549 1734 1754 1918 1919 2053 
2909 57 1754 
2912 33 1734 1754 1769 1919 
2913 11 1705 
2916 1 1705 
2917 2 1705 
2918 3 1705 
2919 2 1705 
2923 35 1734 
2925 19 1596 1808 1918 
2932 62 1549 1648 1688 1777 1918 
2935 36 1808 
2914 4 1754 1808 
2939 7 1633 
2940 123 1571 1633 1744 1919 1990 2016 
2948 26 1734 1754 1781 
2950 13 1596 
2953 10 1688 1706 
2957 1 1918 
2958 47 1918 
2964 70 1734 1919 
2967 238 1549 1571 1688 1729 1734 1754 1769 1984 2014 2016 
2968 55 1633 1679 1754 1982 
2972 357 1549 1680 1688 1733 1769 1799 1972 1990 2001 
2974 15 1915 
2982 1 1596 
2983 28 1596 1982 
2985 4 2016 
2987 9 1734 1754 
2988 55 2016 
2999 7 1633 
3000 43 1633 1744 
3009 51 1733 
3005 28 1549 
3006 31 1792 1814 
3010 123 1549 1633 1706 1734 1744 1754 1799 1915 1990 
2707 103 1549 1633 1679 1733 1814 1919 
3015 44 1733 2001 
3018 19 1754 1919 
3020 52 1633 1679 1734 1754 1781 1792 1814 
3024 52 1754 
3025 4 1919 
3026 175 1548 1633 1688 1706 1729 1754 1792 1799 1814 1919 2016 
3027 39 1549 
3028 189 1633 1679 1814 1961 
3031 50 1571 1633 1734 1754 2016 
3032 216 1680 1744 1777 1792 1799 1823 1915 
3033 45 1571 1734 1781 2016 
2713 200 1549 1571 1633 1679 1706 1729 1777 1990 2016 
3039 14 1633 
3046 10 1633 
3056 44 1571 1744 1919 
3053 9 1633 
3055 52 1549 1633 1754 
3057 48 1571 1990 2016 
3059 32 1734 1754 1837 1919 2016 
3047 12 1781 1792 1919 
3060 4 1919 2014 
2356 57 1706 1734 
3062 42 1734 1754 1781 1792 1814 1919 
2976 7 1777 
3072 25 1754 1781 1792 1919 
3075 2 1754 
3077 4 1919 
3081 20 1633 1754 1919 
3084 62 1777 1915 1935 
3087 8 2016 
3089 4 1754 
3092 81 1769 1814 
3094 5 1549 
3098 37 1679 1754 1781 1814 
3095 37 1679 1734 1754 1781 1814 1837 
3101 2 1919 
3103 5 1688 
2842 124 1549 1571 1633 1679 1744 1754 1919 1990 2016 
3108 8 2016 
3109 9 1734 
3110 21 1734 
3111 1 1734 
2003 63 1633 1679 1814 
3118 2 1919 
3123 3 1679 
3125 16 1792 1814 
3142 49 1744 1982 
3144 88 1633 1679 1688 1729 1777 1792 1837 2016 
3145 18 1688 
3148 26 1549 1919 1990 
3153 1 1781 
3154 1 1781 
3168 79 1777 
3175 41 1549 1777 
3180 24 1633 1744 1990 
3181 3 1799 
3190 10 1548 
3188 20 1706 
3189 10 1633 
3192 56 1729 1837 1990 2016 
3196 22 1571 1915 
3199 13 1729 
3200 8 1990 
3209 41 1679 
3225 13 1633 1814 
3227 19 1982 
3238 28 1688 
3239 3 1706 
3242 6 1919 
3256 19 1549 
3258 95 1688 1777 1915 1935 
3260 8 1549 1919 
3271 2 1688 
3274 69 1548 1549 
3275 14 1571 
3276 79 1549 1990 
3278 2 1633 
3279 2 1679 
3291 58 1633 1679 1744 
3292 8 1679 
3294 1 1679 
3297 51 1633 
3304 31 1633 1744 
3313 5 1777 
3290 36 1571 1688 1706 
3326 18 1688 1984 
3333 15 1571 1744 
3334 13 1571 
3338 3 1633 
3343 13 1706 
3345 35 1571 1633 
3349 9 1571 2016 
3352 273 1549 1571 1633 1680 1688 1706 1729 1769 1799 1990 
3354 5 1823 
3366 63 1919 1961 
3375 43 1915 
3378 41 1961 
3379 19 1571 1633 2016 
3380 42 1982 
3381 180 1571 1823 2016 
3388 15 1633 1919 
3389 2 1633 
3391 4 1633 
3392 33 1549 1633 
3393 10 1633 
3394 156 1549 1633 1688 1706 1729 1777 1915 1990 
3396 2 2016 
3402 122 1549 1688 1729 1744 1990 
3404 89 1688 1799 
3390 60 2001 
3417 30 1688 
3435 4 1744 
3443 20 1961 
3445 21 1549 
3439 88 1571 2016 
3447 271 1549 1688 1799 1823 
3448 3 1688 
3449 314 1648 1680 1688 1733 1769 1799 2001 2014 
3450 27 1688 1984 
3451 98 1729 1984 
3452 131 1688 1769 1799 
3453 319 1549 1680 1688 1733 1769 1799 1972 2001 
3454 148 1549 1688 1706 1729 1769 1984 1990 2014 
3455 68 1680 1769 2014 
3456 241 1549 1688 1729 1769 1799 1961 1982 1990 2001 2014 
3457 166 1688 1706 1729 1799 1915 1972 
3458 69 1744 1984 
3459 92 1549 1799 
3461 101 1548 1984 
3462 54 1548 1984 2014 
3463 56 1688 
3466 17 1549 
3470 21 1744 
3479 102 1729 1744 1990 
3480 18 1915 
3483 20 1990 
3477 53 1706 
3478 42 2001 
3488 16 1706 
2524 7 1688 
3498 114 1571 1799 2001 
3512 9 1706 
3519 48 1549 
3522 71 2001 
3523 28 1744 1915 
3525 16 1935 
3526 6 1706 
3527 64 1706 1777 1915 
3535 5 2016 
3536 6 2016 
3541 81 1915 1935 
3555 14 1935 
3556 14 1680 1915 
3561 4 1935 
3562 40 1549 1935 1990 
3568 147 1688 1990 
3569 42 1549 1777 
3583 4 1915 
3593 26 1961 
3601 52 1799 2001 
3610 4 1744 
3611 22 1744 
3614 205 1648 1733 1769 1799 1984 1990 2001 
3615 144 1549 1688 1706 1729 1769 1915 1990 
3622 22 1706 1744 
3624 64 1733 1744 1990 
3630 32 1729 1990 
3631 91 1549 
3633 48 1549 1777 1915 
3634 82 1799 1982 
3635 63 1729 
3639 12 1777 
3641 212 1549 1680 1688 1769 
3642 362 1548 1648 1733 1823 1972 1982 2001 
3646 9 1777 
3647 13 1706 
3658 39 1729 
3659 38 1706 1729 
3660 87 1769 1777 1990 
3661 36 1706 1729 
3665 20 1680 1982 
3666 144 1548 1549 1648 1680 1729 1799 
3678 17 1777 1915 1935 
3682 75 1549 1744 1777 1915 1935 
3691 95 1799 
3702 1 1744 
3703 1 1744 
3704 1 1744 
3705 3 1549 1744 
3706 1 1744 
3707 1 1744 
3709 7 1990 
3719 14 1549 
3724 93 1729 1990 
3571 45 1688 
3728 85 1549 2001 
3729 11 1990 
3735 3 1549 
3731 15 1915 
3748 30 1688 
3764 10 1549 
3770 22 1549 
3786 99 1549 1777 2001 
3787 232 1549 1680 1799 1982 2014 
3796 113 1648 1688 1733 1769 
3794 46 1769 
3798 23 1688 
3803 10 1769 
3806 45 1548 
3815 20 2014 
3829 1 1935 
3830 20 1549 1935 
3821 2 1935 
3832 1 1935 
3833 3 1935 
3835 35 1799 
3854 82 1688 
3882 1 1706 
3890 3 1548 
3902 43 1984 
3917 29 1729 1990 2014 
3919 15 1680 
3956 85 1549 1990 
3961 16 1549 
3965 89 1549 1688 1769 
3969 90 1680 1729 1799 
3976 145 1549 1648 1984 2001 
3991 7 1549 
3992 2 1549 
4001 28 1729 1990 
4013 21 1680 
4036 147 1648 1769 2001 
4037 15 2014 
4040 104 1688 1982 
4041 68 1972 
2981 44 1549 1799 1990 
4044 89 1688 1769 1961 1984 
4045 257 1648 1680 1688 1733 1769 1972 
4046 89 1769 
4062 4 1990 
4063 27 1990 
4077 77 1799 2014 
4065 131 1688 1729 1769 1990 2014 
4070 111 1648 1680 1733 2001 
4072 29 1549 1769 
4073 115 1972 1990 
4074 33 1729 1990 
4099 155 1548 1549 1984 
4076 86 1984 
4124 50 1549 1990 
4127 41 1984 
4138 64 1990 2001 
4141 5 1990 
4142 37 1688 1729 1990 
4144 76 1680 
4148 6 1990 
4150 16 1548 1680 
4151 84 1549 1688 1769 1799 
4152 43 1688 
4189 11 1990 
4199 8 1961 
4211 65 1729 1990 
4219 112 1680 1769 
4222 41 1648 1688 
4224 17 1984 
4261 24 1688 
4276 52 1548 1733 2001 
4308 7 1548 
4315 29 1680 1729 
4338 40 2001 
4343 7 1823 
4351 4 1990 
4352 1 1990 
4353 80 1799 1990 2001 
4354 6 1990 
4355 50 1733 2001 2014 
4366 2 1729 
2028 1 1729 
4379 5 1688 
4429 12 1688 
4433 24 1688 
4441 202 1769 1972 1982 
4468 18 1688 
4483 153 1648 
4486 20 1549 
4509 11 1688 
4511 15 1984 
4535 5 1688 
4536 81 1733 1982 
4545 1 1688 
4547 45 1688 1769 2014 
4550 100 1549 1733 1799 
4592 6 1961 
4593 1 1961 
4487 31 1680 
4632 228 1548 1680 1799 1823 
4640 2 1984 
4641 1 1984 
4653 114 1680 1799 
4662 46 1549 1769 
4673 96 1823 1972 
4682 14 1769 
4686 57 1680 
4687 23 2014 
4688 59 1769 2014 
4718 46 1680 1799 2001 
4712 121 1799 1982 
4725 36 1769 
4726 15 1680 
4746 18 1548 
4756 34 1680 2001 2014 
4748 38 1972 
4760 7 2014 
4765 4 1548 
4781 27 1865 1982 
4796 4 1548 
4813 46 1823 1972 
4818 28 1680 
4824 101 1648 1733 1799 2001 
4829 78 1680 1799 
4859 30 1680 
4870 2 1548 
4893 5 2014 
4898 11 1769 2014 
4899 169 1648 1680 1733 1799 1972 2001 2014 
4900 1 2014 
4901 2 2014 
4909 2 1648 
4948 214 1680 1799 1982 2001 
4960 8 1972 
4963 13 1769 
4966 25 1680 1865 
4967 361 1549 1648 1733 1799 1972 2001 
4969 1 1769 
4970 8 1769 
4971 1 1769 
4972 2 1769 
4973 8 1769 
4974 44 1769 
4981 53 1982 2001 
4989 7 1982 
5002 115 1549 1680 
5006 28 1680 
5022 172 1549 1823 1982 
5020 139 1548 1549 1680 1799 1982 
5079 271 1549 1680 1799 1972 1982 2001 
5106 33 1680 1982 
5103 127 1823 
5110 84 1680 
4828 168 1549 1982 
5118 13 1799 2001 
5119 18 1799 
5140 51 1823 
5155 24 1680 
5166 48 1549 
5171 41 1799 
5173 122 1982 
4795 73 1982 
5176 139 1548 1733 1799 2001 
5177 101 1648 1972 1982 
4310 278 1799 1865 2001 
5179 217 1549 1733 1982 2001 
5180 49 1648 1733 2001 
5184 68 1733 1799 
5185 152 1972 
5187 31 1648 
5188 211 1549 1648 1733 1823 1972 
5189 312 1548 1549 1799 1823 1972 2001 
5190 80 1648 1799 2001 
5195 4 1680 
5196 32 1972 2001 
5199 22 1823 
5203 15 1799 
5233 24 1680 
5232 2 1680 
5246 44 1982 
5296 16 1799 
5317 18 1548 
5321 32 1648 
5391 37 1549 1982 
5419 9 2001 
5427 37 2001 
5428 3 1799 
5439 66 1982 
5445 63 1549 
5457 44 1799 
5468 10 1548 1799 
5485 21 1548 
5487 30 2001 
5495 4 2001 
5462 19 1548 1733 
5501 3 1548 
5524 389 1549 1972 1982 
5531 243 1548 1549 1823 1972 1982 2001 
5532 26 1549 
5540 3 1548 
5541 1 1548 
5543 137 1549 
5582 105 1549 1972 
5606 28 1648 
5612 66 1549 1982 
5675 8 1733 
5691 49 1648 1733 2001 
5692 21 1549 
5696 50 1972 
5697 230 1549 1648 1972 1982 
5714 44 1549 
5733 1 2001 
5741 13 1982 
5761 9 1733 
5773 75 1982 
5787 32 1648 
5796 191 1549 1982 
5800 222 1982 
5802 385 1823 1972 1982 
5805 16 1972 
5811 79 1982 
5814 144 1549 
5816 84 1549 1972 1982 
5817 75 1549 1982 
5819 61 1648 1823 1982 
5822 98 1972 
5824 41 1648 1982 
5862 24 1549 
5871 50 1982 
5999 20 1982 
6023 30 1972 
6032 80 1549 1982 
6204 12 1549 
6218 53 1982 
6248 10 1972 
6270 88 1982 
6272 76 1549 1823 1982 
6305 190 1549 1972 1982 
6314 10 1823 
6323 44 1972 
6346 17 1549 
6359 81 1549 
6327 108 1823 1982 
6394 8 1972 
6421 23 1982 
6428 3 1972 
6462 3 1972 
6471 5 1982 
6494 101 1549 
6504 7 1972 
6510 54 1823 
6517 2 1972 
6523 33 1549 
6537 5 1823 
6563 58 1982 
6596 177 1865 1982 
6615 160 1549 1865 1982 
6627 50 1982 
6609 7 1549 
6736 33 1982 
6772 77 1982 
6774 24 1982 
6790 11 1549 1982 
6620 93 1549 1982 
6912 3 1549 
6934 65 1865 
6941 57 1549 
5529 39 1982 
6949 5 1982 
6951 47 1549 1982 
6990 1 1982 
6991 18 1982 
6993 81 1982 
7047 161 1865 1982 
7056 37 1982 
7057 118 1982 
7062 4 1982 
7080 70 1982 
7086 123 1982 
7092 93 1982 
7120 18 1865 
7219 1 1919 
7218 1 1919 
7225 47 1982 
7266 6 1982 
7294 39 1982 
7378 38 1982 
7357 9 1982 
7390 24 1865 
7391 52 1982 
7409 10 1982 
7421 9 1982 
7449 39 1982 
7544 11 1982 
7675 25 1982 
7721 1 1865 
7724 2 1865 
7727 30 1982 
7733 45 1982 
7744 50 1982 
7755 13 1982 
7772 20 1982 
7774 35 1982 
7810 9 1982 
7862 11 1982 
7884 5 1982 
7901 30 1982 
7902 21 1982 
7906 10 1982 
8047 20 1982 
8088 2 1982 
8152 10 1982 
8173 7 1982 
8213 1 1982 
