6 302 6624 6765 6790 6965 
11 743 6715 6739 
20 187 6780 
24 309 6566 6833 6855 6869 6948 6955 
36 227 6955 
47 146 6875 
29 150 6913 6946 7040 7052 
72 164 6566 6715 6774 6790 6832 6833 6855 6979 7050 
86 122 6914 6930 
71 109 6914 
87 195 6553 6737 6930 
99 24 6560 6592 6634 6737 6765 6774 6918 
103 68 6589 6624 6665 6832 6946 6967 7074 
68 275 6599 6634 6682 6774 6784 6832 6914 7063 
109 190 6511 6523 6528 6529 6552 6555 6567 6576 6596 6600 6665 6699 6715 6765 6770 6774 6788 6832 6860 6901 6913 6914 6934 6946 6951 6955 6979 6980 7005 7021 7047 7052 7063 
110 95 7005 
113 89 6555 
127 132 7012 
136 99 6560 6628 6634 6670 6707 6725 6739 6777 6805 6855 6913 6938 6953 6997 7050 7054 
143 94 6600 6634 6770 6784 6979 
145 18 6720 
154 61 7050 
155 28 6665 6923 6993 
163 9 6691 6875 
172 123 6634 
173 334 6606 6833 6994 
166 93 6523 6560 6833 6855 6945 6948 
199 17 6784 
231 50 6930 
237 41 6780 
259 56 6833 6840 
265 31 6737 
311 321 6595 6715 6770 6918 6979 
319 199 6570 6715 6774 6860 6913 6930 7021 
335 46 6634 7074 
336 31 6595 
346 86 6784 
395 42 6869 6904 6934 6976 
398 7 6890 
406 34 6555 6624 6774 6979 
407 145 6770 
425 79 6599 6613 6725 6770 6803 6805 6809 6813 6832 6833 6855 6979 6982 7047 7054 
432 157 6780 6832 6875 
434 6 6832 
457 732 6528 6529 6552 6554 6560 6571 6576 6589 6594 6595 6600 6606 6613 6632 6634 6663 6665 6668 6682 6685 6686 6699 6715 6720 6725 6739 6770 6774 6780 6783 6784 6788 6803 6832 6840 6860 6869 6873 6875 6890 6897 6901 6907 6913 6930 7021 7034 7050 7073 7074 
545 24 6560 
546 142 6523 6553 6576 6590 6715 6784 6840 
580 30 6784 
583 26 6914 
600 214 6560 6566 6613 6739 6774 6833 6855 6892 6946 7050 
634 150 6869 
637 25 6833 
643 46 6589 6934 
663 158 6634 6784 
668 2 6897 
691 24 6930 
695 118 6634 6770 
722 264 6714 6784 
727 32 6913 
737 232 6523 6560 6566 6567 6576 6595 6596 6599 6613 6618 6624 6628 6634 6663 6665 6700 6720 6725 6736 6739 6759 6765 6770 6772 6780 6784 6789 6803 6805 6832 6855 6875 6897 6913 6917 6924 6930 6933 6934 6945 6946 6948 6953 6976 6979 6993 6994 7012 7047 7063 
742 93 6624 6712 6832 
697 100 6784 6873 
766 773 6528 6554 6555 6566 6570 6576 6589 6594 6595 6600 6624 6632 6665 6699 6715 6739 6770 6774 6783 6784 6790 6832 6860 6869 6873 6901 6907 6930 6934 6946 6976 6980 7005 7012 7021 7052 7063 
769 146 6840 
789 317 6553 6606 6715 6855 
791 41 6566 6914 
805 90 6770 
825 165 6590 6592 6600 6628 
840 7 6618 6784 6790 7063 
854 99 6715 
856 91 6665 6700 6720 6739 6833 6855 6914 6946 
865 97 6566 
896 26 6780 6934 6979 
909 12 6789 6953 
935 22 6875 
948 29 6832 6907 
967 16 6918 6946 
988 292 6618 6634 6737 6759 6946 6980 7050 
993 238 7063 
996 297 6566 6599 6714 6780 7047 
1000 60 6946 
1003 18 7073 
1008 8 6682 6714 
1009 44 6665 
1032 39 6774 6833 
1037 86 6634 6720 6833 6855 
1041 49 6715 6934 6979 7052 
1042 41 6560 6595 6686 7073 
1043 21 7073 
1051 46 6955 
1055 196 6523 6566 6599 6665 6720 6739 6979 7047 
1063 29 6832 7021 7052 
1064 16 6589 
1074 95 6528 6529 6554 6560 6570 6592 6595 6599 6600 6613 6632 6663 6665 6670 6699 6700 6725 6739 6755 6769 6770 6788 6850 6860 6869 6873 6890 6892 6897 6930 
1098 305 6555 6560 6568 6624 6665 6712 6714 6736 6739 6765 6783 6784 6789 6790 6806 6855 6860 6913 6914 6917 6934 6938 6946 6953 6955 6967 6976 6979 6980 6982 7012 7021 7047 7050 7052 7059 7060 7063 
1125 37 6665 
1132 57 6560 6914 6979 
1133 399 6833 7040 
1142 48 7073 
1151 472 6523 6528 6552 6555 6560 6589 6594 6600 6632 6714 6715 6784 6832 6869 6873 6897 6914 6955 7005 7012 7021 7050 7063 
1166 599 6523 6560 6570 6589 6599 6634 6665 6700 6714 6715 6720 6784 6789 6832 6855 6914 6918 6934 6946 6948 6953 6979 6982 6994 7047 7052 7059 
1185 43 6790 7040 
1193 31 6560 
1204 61 6980 
1210 218 6560 6715 6790 6860 6901 6930 6934 
1215 65 6523 
1241 35 6869 
1286 65 6875 
1284 20 6875 
1319 181 6789 
1356 20 6770 
1365 7 6790 6914 
1374 462 6523 6555 6560 6624 6634 6774 6783 6784 6789 6790 6803 6850 6855 6875 6914 6918 6934 6946 6980 7005 7021 7047 7052 7054 7059 
1385 35 6833 
1395 199 6790 
1428 183 7005 
1470 156 6552 
1471 72 6720 6765 
1473 91 6833 
1496 210 6553 6914 7005 
1507 2 6576 
1539 5 6560 
1542 244 6528 6555 6570 6576 6589 6594 6595 6624 6634 6832 6914 6955 7012 7021 7052 7074 
1548 4 6555 
1549 587 6624 6634 6774 6790 6832 6897 6979 
1608 355 6770 6774 
1612 68 6555 6560 6624 6634 6780 6783 6832 6833 6901 6918 6934 6946 6993 7040 7042 7052 7074 
1621 80 7021 7052 
1644 48 6599 6765 6914 
1661 66 6600 6855 
1667 55 6566 6923 
1647 19 6784 
1674 8 7005 
1691 50 6555 6914 
1701 112 6624 6723 6770 6833 6869 
1717 96 6599 
1688 25 6739 
1733 42 6774 
1734 55 6553 
1748 76 6634 6993 
1762 47 6560 6613 6632 6665 6699 6700 6725 6755 6770 6777 6788 6809 6832 6833 6850 7047 
1783 57 6553 
1796 38 6552 6560 6736 6739 6774 6832 
1799 48 6555 6595 6665 6715 7012 
1800 20 6715 
1811 43 6699 
1814 105 6566 
1823 49 6715 6860 6979 
1835 73 6634 6833 6840 6930 
1847 47 6552 6566 
1865 6 6560 7052 
1879 13 6765 
1896 51 6699 
1924 5 6789 
1951 29 6632 
1964 13 6621 6762 
1972 181 6552 6589 6594 6600 
1982 29 6712 6869 6948 6994 
1990 36 6552 6570 6599 6613 6707 6739 
2001 39 7012 
2009 63 6624 
2010 27 6523 6560 7021 
2059 4 6907 6980 
2065 50 6566 
2120 122 6980 
2145 145 6554 6634 6784 6855 6901 
2186 61 6832 6913 7073 
2192 5 6914 
2226 28 6523 6634 
2237 241 6624 
2240 108 6567 6576 6634 6774 6832 6913 
2249 38 6599 6736 6913 6976 
2256 247 6806 
2258 95 6571 6595 6790 
2264 58 6554 6594 6714 6784 6833 
2276 32 6725 6739 6803 7059 
2277 8 6813 
2297 164 6566 6914 6979 
2299 67 6832 7021 
2328 215 6576 6665 6770 6774 6783 6832 
2330 2 6914 
2369 189 6523 6566 6571 6576 6596 6632 6634 6665 6720 6725 6736 6765 6789 6875 6955 7047 7050 7052 
2376 26 6774 
2381 71 6613 6665 6720 6833 
2384 72 6624 
2414 6 6788 
2417 7 6628 
2440 50 6699 6918 7050 
2452 42 6555 6772 6784 6832 7005 7047 7050 
2456 31 6570 6576 6589 6770 
2458 6 6600 
2481 8 6634 6955 
2485 324 6523 6560 6600 6780 6832 6875 6897 6914 6934 6976 
2502 30 6634 6833 7054 
2504 100 6560 6770 6918 
2506 46 6634 6759 6979 
2516 44 6532 6589 6634 
2535 47 6832 
2547 105 6566 6699 
2549 70 6914 
2552 5 7005 
2560 180 6523 6560 6665 6918 6980 7052 7059 
2564 50 6600 6833 6897 
2565 893 6523 6555 6560 6596 6613 6618 6624 6634 6665 6712 6714 6720 6736 6737 6759 6765 6770 6774 6780 6783 6789 6790 6832 6833 6850 6855 6860 6869 6873 6875 6897 6901 6907 6913 6914 6918 6923 6930 6933 6934 6942 6945 6946 6948 6953 6955 6976 6979 6980 6982 6993 6994 7005 7012 7021 7047 7050 7052 7054 7059 7063 7073 
2576 146 6523 6552 6918 6980 7052 
2605 64 6552 6600 
2623 108 6523 6555 6994 
2619 46 6784 6790 6914 6955 6980 7021 7040 
2620 24 6555 6560 6765 6833 6850 6901 7040 
2646 39 6599 
2655 49 6543 6715 7063 
2658 307 6523 6555 6596 6634 6665 6737 6907 6946 6976 6979 7005 7012 7021 7054 7063 
2674 103 6599 7073 
2677 40 6555 6624 6736 6790 6832 6913 6930 6946 6953 6979 7040 7052 7060 7073 7074 
2688 618 6529 6560 6576 6589 6595 6599 6600 6624 6632 6665 6700 6739 6777 6783 6803 6809 6833 6850 6855 6869 6873 6897 6901 
2660 164 6553 6594 6833 6840 6869 6873 7063 
2689 38 6833 
2693 149 6566 6595 6613 6790 6855 6869 6901 6955 
2697 45 6976 
2765 29 7047 
2774 46 6832 
2790 173 6833 6869 6945 6953 7040 
2793 6 7073 
2811 19 6634 
2819 18 6780 
2834 5 6784 
2831 39 6913 
2851 44 6725 6832 6850 6875 6955 6980 
2855 16 6552 6594 6790 6979 
2889 14 6790 
2905 4 6613 
2909 57 6594 6774 6832 
2940 123 6595 6600 6682 6755 6780 6784 6897 7012 
2941 11 7054 
2972 357 6511 6528 6543 6554 6555 6560 6566 6570 6576 6589 6594 6596 6600 6611 6632 6670 6699 6736 6765 6774 6855 6860 6869 6930 6942 6946 6955 6982 6994 7023 7074 
2983 28 6618 6634 6720 6737 
2988 55 6832 
3000 43 6599 6715 6832 6840 
3010 123 6770 6783 
2707 103 6784 6913 6976 
3015 44 6594 6723 6784 6869 
3024 52 6599 
3027 39 6554 6576 6600 6948 
3028 189 6529 6668 6670 6685 6686 
3032 216 6566 6599 6600 6737 6759 6770 6774 6784 6833 6897 6918 7054 
3056 44 6595 
3057 48 6780 6833 6979 7073 
3073 34 6907 6918 
3084 62 6560 6833 6869 6980 
3088 37 6634 6699 
3090 12 6530 6784 
3092 81 6600 6774 
2003 63 6634 6918 
3142 49 6618 6634 6737 6759 6875 6918 6946 
3238 28 6833 
3258 95 6897 6979 6980 
3274 69 6560 7021 
3297 51 6596 6618 6634 6759 6918 7021 7059 7063 
3310 18 6523 6560 6634 6780 6784 7063 
3320 5 6714 
3345 35 6528 6570 6600 6632 
3348 25 6511 6571 6634 6755 
3366 63 6914 
3378 41 6934 
3380 42 6918 6946 
3381 180 6566 6594 6595 6599 6600 6624 6632 6634 6699 6712 6715 6720 6736 6770 6774 6783 6784 6790 6832 6855 6860 6869 6873 6897 6901 6907 6913 6918 6930 6934 6945 6948 6955 6976 7021 7052 7073 
3393 10 6774 
3404 89 6555 
3445 21 6784 
3439 88 6600 6632 6634 6663 6699 6860 6930 
3447 271 6555 6576 6600 6606 6618 6634 6714 6720 6724 6736 6765 6784 6832 6873 6907 6913 6914 6920 6934 6946 6953 6955 6979 6997 7012 7021 7052 
3449 314 6576 6869 
3453 319 6528 6553 6554 6567 6571 6606 6663 6699 6724 6725 6770 6777 6805 6809 6826 6832 6875 6979 
3456 241 6523 6560 6595 6736 6832 6869 6907 
3457 166 6529 6543 6686 6833 6914 
3459 92 6576 6606 6665 6699 6832 6869 
3462 54 6632 6634 
3466 17 6606 
3479 102 6739 
3478 42 6918 
3498 114 6918 7054 
3522 71 6553 6634 6770 
3525 16 6855 
3527 64 6560 6994 
3538 2 6720 
3562 40 6832 
3576 4 6855 
3587 15 6850 6855 6869 
3586 156 6555 6613 6665 6680 6715 6770 6780 6784 6832 6833 6875 6907 6913 6914 6930 6934 6942 6976 6979 7012 7021 7050 7063 
3593 26 6736 
3600 12 6946 
3607 24 6715 6770 6833 
3614 205 6715 6875 
3631 91 6918 
3634 82 6784 6875 6976 
3635 63 7054 
3641 212 6560 6613 6739 6770 6777 6783 6805 6855 6860 6869 6897 6901 6930 6934 6948 6955 
3642 362 6523 6528 6552 6553 6554 6560 6566 6570 6571 6576 6589 6590 6592 6594 6595 6599 6600 6613 6624 6628 6632 6634 6663 6665 6699 6700 6714 6715 6720 6721 6736 6739 6765 6770 6774 6783 6789 6803 6832 6833 6850 6855 6860 6869 6873 6897 6901 6913 6914 6918 6924 6930 6934 6946 6948 6953 6994 7040 7047 7050 7052 7054 
3643 44 6765 
3655 9 6918 
3658 39 6624 6790 
3662 10 6634 6914 7021 
3665 20 6790 6946 
3691 95 6665 6833 6897 6917 6934 6938 6945 7042 7047 7054 
3709 7 6595 
2067 3 6914 
3571 45 6875 6976 6979 
3747 4 6737 
3752 15 7063 
3764 10 6790 6953 6955 6979 
3770 22 6560 6736 6784 
3772 1 6930 
3775 12 6979 
3786 99 6567 6833 
3787 232 6560 6613 6634 6720 6934 6948 6979 7047 7054 
3792 27 6832 7073 
3794 46 6832 
3798 23 6875 
3806 45 6566 6606 
3809 2 6634 
3812 53 6759 6946 
3813 94 6762 6832 6833 6914 
3814 47 6624 
3835 35 6532 
3854 82 6699 
3877 13 6784 
3910 33 6628 6634 6897 6918 6946 7047 
3916 42 6555 6914 7063 
3919 15 6628 
3956 85 6570 6833 7063 
3958 15 6554 6774 
3960 23 6560 
3965 89 6552 6566 6832 6976 
3969 90 6665 6715 6721 6860 7040 7062 
3976 145 6755 6997 
3982 20 6869 
3985 32 6553 
4013 21 6789 
4036 147 6566 6665 6780 6869 6907 6918 6946 
4040 104 6709 6914 6934 6980 7005 
4041 68 6739 
2981 44 6555 6774 
4045 257 6528 6552 6553 6554 6566 6570 6576 6589 6594 6600 6624 6632 6699 6725 6765 6774 6790 6901 6930 7073 
4046 89 6523 6560 6596 6634 6714 6736 6917 6980 6994 
4063 27 6634 
4065 131 6528 6560 6699 6770 6803 6832 6946 7052 
4071 17 6930 
4073 115 6553 6570 
4099 155 6566 6596 6714 6770 6789 6890 6913 6934 6951 6979 
4110 4 6914 
4116 12 7050 
4076 86 6634 6720 6770 6858 6914 7063 
4126 2 6624 
4134 2 6600 
4140 12 6715 6739 
4144 76 6634 6725 
4151 84 6523 6600 6914 
4164 3 6907 
4169 9 6613 6789 6832 
4192 7 6736 6873 
4200 5 6634 
3995 57 6576 
4212 53 6571 
4224 17 6875 
4221 42 6720 6774 6840 6869 6934 7063 
4266 11 6833 
4273 23 6613 6715 6788 
4297 38 6699 
4314 4 6594 
4318 3 6914 
4326 7 6869 
4338 40 6566 6613 6739 6789 6833 6855 
4335 32 6980 7021 
4343 7 6594 6897 
4347 55 6914 6918 7021 7063 
4353 80 6634 6780 
4361 6 6946 
4364 39 6553 6634 6737 6855 6979 
4395 3 6736 6755 
4435 3 6770 
4437 70 6523 6624 6634 6736 6789 6907 6945 6946 6955 6976 6979 7052 7073 
4441 202 6523 6528 6554 6555 6570 6576 6634 6712 6934 6980 7005 7012 7021 
4451 9 6833 
4455 22 6832 
4468 18 6529 
4476 16 6596 
4483 153 6555 6596 6618 6634 6665 6715 6720 6724 6725 6739 6774 6784 6873 6914 6934 6946 6955 6979 7012 7021 
4488 50 6571 6618 6634 6918 7021 7050 
4507 2 6634 
4527 14 6755 
4534 19 6914 7005 
4536 81 6596 6714 6720 6790 6907 7054 
4550 100 6523 6600 6707 6765 6938 6945 6948 6953 6955 6979 6982 
4574 40 6624 6709 
4587 27 6566 
4598 71 6523 6599 6634 6700 6715 6720 6739 6765 6855 
4604 7 6532 6560 6621 
4616 7 6930 
4626 5 6780 
4632 228 6523 6555 6589 6595 6599 6618 6634 6665 6737 6780 6860 6875 6914 6933 6934 6946 6948 6955 6976 6979 7005 7021 7052 7073 
4661 19 6555 
4662 46 6624 6665 6774 6946 7073 
4647 11 6907 
4666 24 6780 7012 7063 
4673 96 6528 6529 6552 6554 6567 6570 6571 6576 6589 6590 6594 6595 6599 6600 6628 6632 6634 6685 
4669 13 6736 6913 6953 
4687 23 6599 6613 6789 
2621 8 6770 6789 
4717 62 6553 6555 6560 6576 6832 6979 
4712 121 6560 6566 6606 6715 6789 6803 6833 6855 6860 6942 6955 6967 6994 7047 7054 
4756 34 6560 
4748 38 6571 6590 6594 6599 6739 
4764 53 6560 6665 6715 6784 6832 6901 
4781 27 7012 
4788 20 6618 6737 6783 6833 7021 
4792 62 6560 6634 6665 6700 6783 6832 6869 6938 
4793 2 6869 
4813 46 6576 6589 6715 
4824 101 6720 6784 6913 6976 
4829 78 6560 6699 6720 6755 6788 6856 6873 6892 7012 
4833 6 6595 6790 
4843 24 6790 
4879 28 6665 6907 
4883 5 6770 6833 
4894 79 6529 6592 6686 
4899 169 6554 6715 6739 6832 6946 
4924 10 6913 
4925 2 6714 
4926 7 6634 7050 
4933 3 6774 
4934 6 6784 
4943 31 6784 6832 6913 6914 6976 6980 7063 
4948 214 6555 6618 6634 6665 6737 6780 6875 6907 6914 6946 7005 7052 7054 
4964 60 6682 6755 6770 7023 
4966 25 7047 
4967 361 6523 6528 6552 6554 6560 6570 6589 6594 6595 6599 6600 6606 6624 6632 6634 6661 6668 6682 6699 6715 6720 6721 6725 6770 6774 6777 6783 6784 6790 6806 6860 6869 6873 6897 6901 6920 6930 6945 6946 6950 6955 6976 7021 
4974 44 6665 6832 6913 
2346 4 6661 
4981 53 6555 6560 6725 6774 6790 6979 7021 7063 
4988 23 6918 
4989 7 6946 
4994 19 6832 6869 
5002 115 6552 6555 6594 6600 6618 6628 6665 6715 6720 6774 6784 6832 6914 6946 6948 6979 6980 7052 
5009 14 6855 
5012 14 6613 
5016 10 6914 
5022 172 6511 6523 6528 6552 6553 6554 6555 6566 6571 6576 6594 6595 6599 6600 6628 6632 6634 6661 6663 6665 6715 6720 6725 6755 6765 6769 6770 6783 6788 6789 6790 6803 6833 6850 6855 6860 6890 6897 6930 6933 6934 6938 6945 6948 6953 6955 6979 
5020 139 6725 6994 7050 
5028 43 6665 6762 6784 6907 7047 7052 
5038 5 6632 
5048 6 6855 6869 
5053 52 6712 6780 6832 6897 6907 6934 6955 6980 
5059 26 6634 6784 6913 6946 7040 7052 7074 
5067 2 6720 
5079 271 6523 6552 6555 6560 6566 6576 6594 6618 6632 6665 6699 6714 6715 6720 6736 6739 6765 6774 6778 6784 6832 6833 6855 6897 6913 6934 6946 6948 6976 7047 
5098 2 6784 
5106 33 6832 6875 6980 
5102 54 6552 6681 6875 6918 6980 
5103 127 6523 6554 6555 6566 6599 6600 6624 6634 6720 6780 6790 6832 6833 6869 6875 6897 6914 7005 7052 7073 7074 
4828 168 6532 6555 6567 6613 6624 6628 6665 6721 6725 6765 6783 6790 6803 6813 6832 6850 6855 6860 6869 6901 6913 6930 6938 6942 6953 6955 6979 6982 6994 7040 7052 7074 
5121 9 6599 
5123 69 6566 6715 6784 
5125 54 6528 6555 6634 6714 6855 7062 
5140 51 6528 6552 6554 6566 6570 6576 6589 6594 6599 6600 
5166 48 6555 6606 6613 6832 6897 6930 6979 7021 7063 
5171 41 6576 6720 6739 
5172 29 6979 
5173 122 6523 6555 6560 6634 6665 6681 6714 6736 6777 6789 6806 6832 6907 6918 6946 6976 6979 7040 7050 7052 7054 7060 7073 7074 
4795 73 6628 6634 6736 6913 6914 6979 6980 7012 7023 7074 
5177 101 6523 6528 6560 6576 6613 6621 6665 6707 6774 6934 6979 
5178 19 6665 6686 6715 
4310 278 6523 6555 6566 6567 6570 6576 6613 6665 6715 6720 6774 6784 6832 6833 6860 6869 6907 6913 6945 6946 6979 6980 7012 7021 7052 7054 7063 7073 
5179 217 6523 6560 6599 6600 6618 6634 6665 6714 6715 6765 6784 6832 6855 6860 6907 6913 6918 6945 6946 6948 6979 6982 7047 7054 
5181 41 6566 
5185 152 6560 6595 6600 6613 6632 6665 6699 6720 6739 6755 6765 6770 6777 6783 6784 6788 6789 6803 6806 6832 6833 6850 6855 6860 6869 6873 6897 6930 6933 6934 6938 6945 6946 6948 6953 6955 6967 
5188 211 6528 6552 6554 6555 6560 6566 6570 6576 6589 6594 6600 6613 6624 6632 6665 6699 6715 6770 6774 6783 6784 6790 6803 6832 6833 6855 6860 6869 6873 6897 6901 6913 6918 6930 6945 6955 6976 7063 7073 
5189 312 6523 6553 6555 6560 6566 6594 6606 6613 6618 6634 6665 6715 6774 6784 6832 6855 6897 6913 6918 6946 6979 6994 7021 7050 7052 7059 
5190 80 6700 
5194 10 6737 
5196 32 6665 6809 6832 6850 
5199 22 6560 6599 7012 
5200 15 6979 7021 
5201 15 6665 6980 7021 
5203 15 6950 
5215 8 6832 
5217 21 6634 6832 6907 6934 
5226 17 6634 
5233 24 6780 6914 
5246 44 6596 6599 6832 6976 6993 
5247 2 6737 
5254 33 6566 6628 6707 6765 6832 6840 6860 6946 
5262 59 6553 6570 
5276 9 6833 
5285 21 6765 
5295 22 6599 
5301 61 6599 6714 6715 6739 6789 6860 
5316 24 6774 6913 7021 
5321 32 6632 
5332 6 6833 
5342 30 6618 6913 6979 7012 7021 7063 
5360 15 6567 
5378 17 6737 6780 6946 7050 
5391 37 6523 6624 6712 6790 6979 7040 7073 
5404 40 6714 6715 6833 
5401 3 6976 
5423 48 6530 6570 6789 6832 6953 
5430 6 6833 
5432 4 6682 6784 
5439 66 6530 6560 6567 6686 6707 6715 6783 6788 6790 6855 6858 6920 6930 7060 
5445 63 6555 6560 6665 6715 6914 6979 7021 7047 7059 
5446 26 6914 7047 
5452 17 6860 7073 
5454 19 6634 6832 
5456 2 6833 
5455 8 6576 6600 
5466 2 6634 
5472 16 7073 
5479 28 6560 6832 6948 
5482 12 6790 
5484 22 6790 
5485 21 6784 6914 
5487 30 6914 
5489 12 6833 6869 
5524 389 6523 6528 6552 6554 6555 6560 6566 6570 6576 6589 6594 6600 6613 6618 6624 6632 6634 6665 6699 6712 6714 6715 6736 6765 6770 6774 6780 6784 6789 6790 6832 6833 6850 6855 6860 6869 6873 6875 6892 6897 6901 6907 6913 6914 6918 6930 6934 6945 6946 6955 6976 6979 6980 6993 7005 7012 7021 7040 7047 7050 7052 7054 7059 7063 7073 7074 
5531 243 6528 6552 6553 6560 6566 6567 6576 6589 6594 6599 6600 6613 6632 6634 6665 6699 6715 6720 6721 6723 6736 6770 6774 6777 6783 6790 6803 6832 6833 6850 6855 6860 6869 6897 6901 6907 6913 6930 6933 6946 7052 7054 7073 
5532 26 6566 6774 6832 6833 6869 
5193 18 6553 6595 6806 
5543 137 6555 6570 6589 6594 6624 6736 6774 6784 6790 6832 6855 6860 6869 6873 6897 6901 6930 6945 6953 6955 6979 6982 7040 7063 
5549 10 6770 6790 
5550 11 6946 
5551 8 6634 
5552 8 6833 6869 
5553 46 6624 6634 6759 6780 6860 6914 6930 6979 
5580 2 6924 
5582 105 6528 6554 6566 6570 6576 6613 6624 6634 6665 6699 6715 6720 6739 6774 6783 6784 6833 6855 6913 6955 6976 7073 
5584 12 6576 
5591 27 6566 
5596 30 6543 6668 6685 6723 6725 6783 6813 7052 
5604 7 6765 6945 
5605 11 6840 
5608 16 6783 
5612 66 6528 6553 6560 6600 6715 6720 6739 6948 6979 
5614 7 6780 
5616 15 6560 
5617 22 6595 
5624 28 6600 
5630 36 6665 6860 6901 6930 
5646 2 6953 
5655 139 6523 6530 6555 6567 6590 6699 6725 6736 6755 6790 6809 6832 6833 6923 6976 6994 7047 7050 7063 
5656 5 6826 
5658 10 6980 
5666 5 6560 
5671 3 6979 
5691 49 6571 
5692 21 6560 6624 6634 6661 6765 6784 6855 6892 6913 
5696 50 6599 6613 6634 6665 6700 6720 6739 
5697 230 6511 6523 6528 6532 6552 6554 6560 6570 6576 6595 6613 6624 6632 6634 6663 6665 6668 6699 6707 6715 6739 6765 6770 6774 6783 6790 6803 6855 6860 6869 6873 6897 6901 6930 6955 6979 6994 7052 
5709 11 6529 6566 6707 
5714 44 6833 6930 
5720 3 6783 
5731 2 6528 
5738 14 6624 6774 6875 7040 
5739 45 6554 6624 6686 6765 6774 6777 6833 6869 6892 6901 6934 
5741 13 6618 
5753 4 6528 6554 
5760 3 6832 
5761 9 6736 
5763 4 6699 
5768 13 6576 6599 
5769 4 6634 
5775 42 6914 6934 6946 
5771 9 6634 7054 
5772 15 6560 6890 
5773 75 6555 6560 6624 6634 6774 6850 6855 6873 6913 6914 6934 6955 6976 6982 7021 7040 7047 7059 
5788 5 6715 
5796 191 6528 6552 6555 6560 6566 6567 6570 6576 6599 6600 6665 6715 6739 6770 6774 6783 6784 6832 6833 6860 6869 6875 6890 6897 6901 6913 6934 6953 6955 6976 6980 7005 7021 7063 
5799 23 6618 
5800 222 6523 6555 6560 6595 6618 6624 6628 6632 6634 6665 6712 6715 6725 6736 6737 6769 6774 6780 6783 6784 6789 6790 6806 6832 6860 6869 6873 6890 6892 6907 6913 6914 6918 6924 6934 6938 6946 6950 6953 6967 6976 6979 6980 6982 6993 6994 7040 7047 7050 7052 7060 7063 7073 
5802 385 6511 6523 6528 6530 6553 6554 6555 6560 6570 6576 6589 6590 6592 6594 6600 6606 6613 6618 6624 6628 6632 6634 6663 6665 6686 6699 6712 6714 6715 6725 6736 6739 6765 6770 6774 6777 6780 6784 6789 6803 6806 6809 6832 6850 6860 6869 6873 6875 6901 6907 6913 6914 6934 6938 6942 6945 6946 6948 6953 6955 6967 6976 6979 6980 6993 6994 7005 7012 7021 7040 7052 7059 7060 7063 7073 
5806 83 6665 6686 6724 6737 6739 6756 6772 6777 6789 6907 6923 6980 
5804 33 6600 6634 6661 6765 6784 6914 7021 
5807 27 6552 6765 6805 6897 
5810 29 6600 6715 6869 6907 7054 
5811 79 6511 6523 6530 6554 6560 6566 6613 6624 6634 6725 6736 6765 6832 6833 6850 6855 6860 6869 6901 6930 6934 6945 6950 6953 6979 6994 
5812 41 6560 6618 6784 6855 6901 6979 
5814 144 6560 6618 6634 6665 6699 6714 6715 6759 6774 6780 6784 6790 6806 6832 6855 6869 6913 6914 6917 6924 6946 6967 6979 6980 6982 6987 7012 7021 7063 
5815 5 6871 
5816 84 6528 6553 6554 6566 6570 6576 6599 6600 6624 6634 6700 6736 6803 6832 6855 6948 6955 
5817 75 6523 6596 6606 6720 6765 6832 6855 6953 6955 6976 6979 6980 7023 
5818 67 6576 6599 6613 6833 6850 6869 6873 6875 
5819 61 6511 6589 6632 6780 6980 
5820 20 6523 6596 6712 
5821 22 6590 6594 
5822 98 6552 6613 6632 6634 6663 6774 6789 6832 6855 6869 6913 6923 6934 7063 
5824 41 6555 6560 6624 6665 6715 6790 6855 6892 6901 6930 6946 6994 7052 
5827 15 6913 
5839 41 6523 6600 6618 6634 6663 6712 6934 
5857 92 6552 6560 6566 6570 6576 6594 6632 6634 6790 6875 6901 6914 6933 6946 6948 7063 
5859 16 6762 
5862 24 6632 6945 6955 
5872 27 6523 6618 6634 6665 6875 6907 
5896 10 6993 7047 
5897 2 6634 
4767 14 6566 6715 6832 
5908 19 6595 6770 6942 7050 
5915 52 6523 6555 6560 6596 6914 7005 7012 7052 
5916 9 6599 
5871 50 6523 6576 6699 6720 6774 6832 6980 
5920 10 6780 6918 6946 
5922 7 6875 
5927 10 6634 
5932 33 6523 6560 6566 6599 6665 6789 6832 
5934 42 6600 6613 6665 6699 6715 6805 6850 6855 6869 6901 
5950 4 6634 6725 
5958 3 6720 
5966 7 6946 7052 
5980 8 6532 6553 6595 6634 6714 
5982 4 6833 
5997 2 6791 
5998 81 6552 6554 6570 6595 6600 6618 6632 6634 6665 6774 6914 6934 6946 7052 
5999 20 6553 6774 6833 7054 
6000 10 6709 
6006 68 6576 6613 6634 6641 6700 6783 6907 6914 6918 6945 7052 
6004 6 6832 
6016 10 6780 6914 
6020 25 6980 7052 
6023 30 6511 6528 
6026 3 6682 
6032 80 6529 6555 6618 6634 6665 6700 6736 6765 6769 6774 6784 6832 6875 6901 6913 6918 6930 6946 6955 6980 7050 7063 
6038 6 6634 
6043 39 6523 6560 
6045 7 6946 
6064 4 6780 
6072 54 6634 6914 6946 7047 
6068 32 6875 
6082 18 6553 6571 6707 6720 6833 
6093 5 6790 
6097 26 6715 6832 7063 
6001 5 6596 
6134 7 6739 
6146 9 6571 
6151 13 6618 6780 6832 
6165 4 6554 6606 
6169 3 6855 
6170 14 6552 6596 6599 6628 6663 
6174 10 6832 
6177 2 6934 
6179 7 6897 
6180 3 6907 
6198 14 6560 6789 6790 6832 6979 
6204 12 6901 6930 
6190 3 6833 
6208 3 6805 
6217 31 6552 6566 6594 6599 6600 6665 6720 6725 6783 
6218 53 6555 6594 6634 6784 6913 6914 7063 
6219 4 6723 
6220 18 6634 6715 
6221 31 6613 6715 6780 7050 7059 
6223 17 6554 6570 6632 
6229 19 6566 6714 6784 6833 
6241 75 6555 6665 6715 6784 6790 6832 6860 6976 7021 7052 7059 
6242 5 6892 6930 
6243 35 6606 6628 6634 6665 6700 6774 6832 
6248 10 6554 6570 
6270 88 6560 6596 6714 6736 6765 6770 6772 6789 6832 6869 6873 6901 6913 6930 6942 6946 6953 6955 6979 6994 
6271 11 6571 6634 6809 6813 
6272 76 6523 6554 6606 6634 6665 6714 6736 6774 6832 6914 6946 6955 6976 6979 7052 
6280 52 6736 6789 6832 6946 7054 
6299 78 6523 6555 6596 6624 6634 6665 6714 6715 6720 6736 6739 6755 6783 6784 6788 6789 6832 6833 6901 6907 6934 6953 6979 
6305 190 6511 6523 6528 6529 6532 6543 6552 6553 6560 6566 6589 6590 6594 6595 6599 6613 6624 6632 6634 6665 6699 6700 6714 6715 6720 6725 6759 6770 6777 6780 6783 6784 6789 6790 6803 6850 6855 6860 6875 6918 6930 6934 6979 6994 7073 
6311 1 7047 
6314 10 6663 6765 
6320 23 6530 6809 6869 6873 
6323 44 6528 6555 6783 6784 6789 6832 6869 6930 6976 6979 
6132 2 6950 
6325 5 6595 6979 
6346 17 6554 6560 6624 6739 6777 6789 6869 7052 
6359 81 6555 6560 6600 6624 6634 6665 6699 6720 6739 6765 6772 6774 6784 6832 6840 6855 6860 6869 6873 6901 6913 6930 6934 6976 7073 
6360 35 6560 6736 6994 7054 7073 7074 
6377 17 6665 6770 6783 6833 6850 6855 
6378 2 6739 
6380 4 6897 
6381 3 6850 
6327 108 6560 6595 6624 6634 6665 6670 6715 6720 6724 6736 6765 6783 6784 6805 6832 6833 6869 6873 6901 6913 6917 6976 6979 6994 7040 7074 
6394 8 6529 6571 6634 
6398 29 6555 6770 6774 6833 6850 6869 6892 6955 7040 
6406 2 6770 
6414 21 6560 6567 6571 6634 6913 6914 6918 7021 
6415 4 7054 
6422 11 6560 6634 6762 6770 6983 7063 
6421 23 6523 6634 6670 6805 6934 6993 
6436 3 6803 
6443 70 6523 6560 6600 6634 6789 6832 6855 6913 6914 6918 7050 7054 
6445 7 6914 
6447 12 6554 6594 
6458 28 6600 6606 6613 6670 6869 6907 6930 7073 
6456 3 6930 
6461 6 6715 
6462 3 6511 
6471 5 6511 6790 7040 
6479 13 6552 6566 6595 
6483 28 6560 6595 6599 6606 6621 6628 6632 6661 6668 6707 6720 6721 6723 6755 6789 
6484 10 7021 
6486 85 6555 6560 6600 6606 6624 6634 6665 6715 6725 6736 6765 6774 6784 6832 6873 6907 6913 6976 6994 7023 
6487 4 6755 
6488 22 6560 6628 6634 6770 6869 6873 6982 
6490 2 6790 
6494 101 6523 6555 6596 6759 6765 6790 6832 6833 6860 6873 6892 6897 6914 6920 6933 6938 6946 6955 6979 6982 6993 7023 7047 7052 7054 7059 
6500 8 6566 6930 
6501 17 6599 6803 6897 6918 
6502 12 6914 
6503 4 6554 
6504 7 6600 
6510 54 6511 6523 6560 6566 6599 6665 6720 6725 6736 6765 6789 6803 6809 6832 6833 6850 6913 6934 6946 7052 
6518 33 6634 6665 6784 6832 6976 6980 6994 7021 7052 
6522 29 6560 6770 6777 6783 6789 6803 6809 6813 6833 6840 6855 6869 6873 
6523 33 6555 6634 6774 6832 6934 6948 6976 
6524 8 6914 7063 
6525 17 6613 6634 6790 6803 6979 
6526 11 6770 6783 6805 6840 
6527 1 6528 
6460 58 6529 6553 6554 6555 6560 6567 6596 6699 6759 6946 6993 7021 
6537 5 6567 6599 6606 
6538 21 6665 6769 6789 6850 6918 
6545 5 6595 6663 
6550 9 6553 
6555 35 6523 6554 6560 6566 6699 6772 6832 
5273 12 7021 
6560 43 6523 6596 6736 6770 6789 6832 6913 6946 6976 6980 6994 
6565 1 6566 
6123 24 6568 6774 6784 6832 
6574 1 6576 
6575 1 6576 
6563 58 6634 6832 6860 6873 6907 6934 6946 6979 6982 6994 7052 7054 
6577 10 6699 6897 6934 
6552 29 6523 6594 6832 6979 7050 7052 
6595 12 6594 6715 6832 6948 
6596 177 6523 6555 6560 6618 6634 6712 6759 6774 6783 6789 6875 6913 6914 6918 6934 6946 6980 6993 7005 7012 7021 7047 7059 7063 
6598 6 6599 
6601 1 6600 
6602 1 6600 
6603 1 6600 
6604 1 6600 
6605 10 6600 6632 6634 
6608 18 6665 6707 6770 6778 
6612 7 6765 6938 6953 
6618 91 6634 6765 6780 6784 6832 6860 6913 6924 6946 6955 6994 7040 7073 
6619 104 6555 6596 6634 6765 6774 6784 6789 6832 6855 6897 6913 6930 6934 6946 6955 6976 
6613 9 6948 
6615 160 6523 6555 6560 6624 6714 6736 6765 6770 6772 6774 6783 6784 6789 6790 6832 6833 6850 6855 6869 6873 6890 6892 6901 6913 6930 6945 6946 6955 6976 6979 6980 6994 7040 7052 7059 7062 7073 
6616 18 6560 6714 6897 6934 7040 
6622 5 6623 6736 
6624 135 6555 6560 6665 6712 6780 6832 6907 6913 6914 6918 6934 6946 6980 7005 7012 7047 7052 7054 
6625 3 6634 
6627 50 6595 6634 6663 6790 6809 6833 6840 6850 6855 6946 6953 6979 7054 7062 
6626 9 6595 6634 6665 6682 6715 
6634 3 6946 
6636 2 6634 
6633 1 6634 
6635 9 6634 6784 6913 7047 
6639 1 6641 
6655 7 6624 6665 6784 
6648 3 7050 
6649 26 6784 6855 6860 6869 6873 6901 6930 6934 
6657 11 6715 6774 
6658 5 6780 6833 
6609 7 6965 
6660 1 6661 
6665 29 6699 6715 6833 
6666 6 6595 6699 6715 
6671 4 6832 
6683 3 6682 6685 6686 
6684 1 6685 
6687 1 6691 
6688 1 6691 
6689 1 6691 
6690 1 6691 
6696 2 6770 
6697 1 6699 
6698 1 6699 
6701 1 6700 
6702 10 6555 6700 
6710 2 6715 
6711 7 6715 7063 
6712 11 6715 6933 
3293 10 6665 6715 6955 
6713 4 6715 
6714 100 6523 6560 6665 6715 6736 6770 6774 6784 6789 6803 6832 6833 6913 6934 6946 6976 7052 7054 7074 
6718 1 6720 
6717 4 6720 6778 6869 
6719 3 6720 
6611 15 6784 6913 6930 
6729 1 6665 
6730 1 6665 
6731 1 6665 
6732 1 6665 
6735 1 6739 
6736 33 6739 6774 6783 6788 6832 6833 6850 6860 6869 6873 6892 6901 6930 7021 
6737 1 6739 
6738 1 6739 
6746 2 6736 
6751 2 6757 
6726 12 6770 6833 6850 6869 
6753 4 6890 
6755 2 6774 
4401 9 6897 
6760 2 6618 
6768 1 6613 
6770 6 7050 7063 
6771 2 6833 
6772 77 6555 6596 6618 6783 6789 6803 6806 6809 6832 6833 6850 6901 6913 6914 6946 6976 6979 6980 7012 7021 
6775 3 6770 
6774 24 6618 6832 6913 6993 7005 7021 
6781 8 6523 6789 6833 6979 
6784 42 6634 6790 6855 6860 6901 6913 6920 6934 6942 7054 
6787 1 6788 
6789 11 6634 6832 
6790 11 6555 6624 
6801 6 7050 
6802 3 6755 6803 
6804 6 6770 6805 6907 
6808 1 6809 
6807 1 6809 
6810 1 6770 
6812 2 6770 
6811 1 6770 
6815 4 6783 
6776 3 6855 
6829 4 6833 
6834 2 6833 
6835 1 6833 
6836 1 6833 
6845 2 6832 6850 
6846 6 6850 6855 6860 6930 
6848 14 6774 6784 6850 6869 6901 6913 7074 
6847 1 6850 
6855 14 6634 6832 7005 
6854 1 6855 
6859 11 6634 6860 
6620 93 6523 6560 6624 6634 6736 6774 6784 6790 6832 6860 6873 6897 6901 6930 6942 6945 6946 6948 6955 6976 6982 7040 7052 7073 7074 
6861 2 6930 
6865 19 6560 6618 6832 6869 6901 6913 6930 7021 7074 
6870 3 6869 6873 
6875 15 6634 6980 
6880 2 6560 
6881 1 6560 
6883 4 6523 
6885 19 6560 6634 6784 7050 
6886 7 6790 
6895 6 6832 6897 
6896 4 6897 6934 
6899 2 6774 
6900 31 6560 6918 6945 
6902 28 6901 6914 
6903 1 6904 
6913 44 6555 6624 6634 6714 6736 6774 6784 6832 6917 6946 7052 7073 7074 
6914 95 6555 6560 6618 6634 6665 6714 6736 6780 6784 6832 6913 6946 6979 6993 7012 7052 7054 7063 
6906 49 6634 6714 6736 6784 6789 6832 6913 6976 
6907 191 6523 6555 6560 6618 6634 6665 6712 6714 6780 6784 6789 6832 6875 6913 6914 6918 6934 6946 6976 6979 6994 7005 7012 7021 7052 7054 7063 
2415 4 6560 
6916 54 6618 6907 6914 6946 6980 
6917 3 6634 6994 
6911 5 6714 6774 6976 
6912 3 6790 
6918 29 6560 6780 6907 7021 7050 7054 
6924 16 6555 6907 
6929 1 6930 
6934 65 6560 6618 6624 6634 6665 6736 6765 6784 6832 6907 6913 6914 6946 6955 6993 7052 7054 
6938 4 6934 
6941 57 6555 6560 6634 6665 6765 6784 6907 6913 6923 6976 7047 7052 7054 
5529 39 6560 6955 6979 7074 
6945 18 6560 6634 7052 7054 
6949 5 6765 6790 6955 6979 
6947 1 6765 
6953 1 6955 
6954 3 6955 6982 
6951 47 6555 6560 6979 6980 6993 7005 7021 7050 
6692 6 7021 
6958 2 7060 
6961 2 6993 
6968 1 6523 
6969 1 6523 
6316 19 6555 6665 6832 6907 6917 7052 7054 
6971 6 6784 
6975 10 6784 6790 
6976 41 6774 6784 6914 6918 7073 
6978 1 6979 
6981 1 6982 
6984 7 6555 6790 7040 7052 
6991 18 6736 6789 7040 7052 
6993 81 6555 6560 6596 6624 6774 6784 6790 6913 6914 6976 6979 6980 7005 7012 7021 7063 
6995 1 6790 
6996 1 6997 
6998 1 6774 
6999 1 6774 
7000 1 6774 
7001 1 6774 
7002 2 6774 
7003 1 6774 
7004 1 6774 
7005 13 6634 6774 6914 
7006 1 6774 
7007 1 6774 
7008 1 6774 
7009 1 6774 
7010 1 6774 
7011 3 6774 
7012 10 6774 6784 6913 6914 7021 
7013 1 6774 
7014 2 6774 7021 
7015 1 6774 
7016 1 6774 
7017 1 6774 
7018 1 6774 
7019 4 6774 7021 
7020 3 6774 6780 6832 
7021 15 6774 
7022 1 6774 
7023 8 6560 6774 7052 
7024 3 6774 6913 
7025 1 6774 
7026 13 6774 6918 6979 7021 7047 
7027 1 6774 
7028 1 6774 
7029 2 6774 
7031 1 7033 
7032 1 7033 
7035 2 6624 
7036 2 7040 
7041 1 7042 
7043 14 6634 7059 
7044 3 7059 
7051 1 7059 
7052 142 6555 6665 6712 6714 6736 6789 6832 6875 6907 6914 6923 6924 6934 6953 6979 7005 7012 7021 7047 7054 7059 7063 
7045 36 6523 6712 6789 6934 6980 7021 7047 7052 7059 
7053 31 6618 6634 6914 6993 7047 7059 
7054 40 6712 6907 6934 7052 7059 
7046 21 6712 7047 7052 7059 
7047 161 6523 6555 6560 6618 6634 6712 6737 6759 6780 6875 6914 6918 6934 6946 6979 6980 6993 7021 7052 7059 7063 
7055 98 6523 6634 6665 6712 6907 6934 6946 6980 7005 7012 7021 7047 7052 7059 7063 
7048 1 7059 
7056 37 6523 6560 6980 6993 7052 7059 
7049 27 6555 6980 7005 7059 
7057 118 6555 6560 6596 6618 6634 6665 6875 6907 6914 6918 6924 6934 6946 6979 6980 6993 7005 7047 7050 7052 7054 7059 7063 
7061 3 6832 
7062 4 6634 7050 
7063 16 6555 6784 6832 6907 6913 6914 
7064 3 6946 
7038 7 6634 
7072 1 7073 
7070 2 7073 
7071 4 7073 
7080 70 6555 6560 6736 6759 6946 6979 6980 
6946 68 6634 6665 6780 6924 
7085 1 6946 
7087 2 6946 
7086 123 6523 6618 6634 6665 6736 6737 6759 6780 6784 6875 6907 6918 6946 7021 7047 
7084 1 6946 
7090 11 7054 
7092 93 6523 6560 6618 6665 6736 6755 6784 6832 6914 6980 7005 7052 
5015 14 6634 6979 
7089 2 6634 
7096 5 6634 7054 
7095 1 6634 
7099 18 6560 6714 6907 6913 6976 
7100 15 6913 6976 
7104 15 6665 6784 6913 6976 
7113 12 6946 
7117 7 6994 
7120 18 6560 6712 7047 
7121 7 6714 6832 
7128 2 6784 
7129 11 6784 6832 6993 
7131 24 6555 6832 6907 6914 7021 
7132 30 6555 6784 6832 6913 6914 7021 7052 7063 
7153 12 6907 6914 
6994 19 6560 6634 6714 6736 6784 6913 
7164 4 6789 
7165 3 7050 
7183 9 6665 6914 6980 
7188 14 6596 6789 6832 6976 
7205 1 7023 
7206 1 7023 
7217 1 6994 
7223 1 6665 
7225 47 6555 6596 6665 6914 6979 
7226 4 6665 
7227 12 6555 6665 6923 
7228 7 6665 
7229 7 6665 
5143 16 6665 6736 6907 6913 
7230 4 6665 
7231 101 6523 6560 6665 6712 6907 6914 6934 6980 7005 7047 7052 7054 
7232 1 6907 
7233 22 6907 6946 
7234 1 6907 
7235 1 6907 
7236 23 6907 6993 
7237 15 6907 7050 
7238 9 6618 6907 
7239 21 6907 7054 
7241 21 6784 6832 6875 6913 6914 6976 
7245 1 6736 
7262 11 7054 
7265 1 6784 
7266 6 6555 6634 6714 6784 
7267 1 6784 
7268 1 6784 
7269 1 6784 
7270 5 6784 
7271 3 6714 6784 
7276 5 6913 7021 7052 
7277 4 6913 
7278 4 6832 6913 6953 
7279 19 6555 6618 6913 7012 7054 
7280 89 6555 6560 6618 6737 6780 6875 6913 6918 6924 6946 7005 7021 7063 
7293 4 6714 6976 
5949 3 6976 
7296 1 6976 
7295 13 6914 6976 6980 
7301 27 6523 6634 6759 6832 6914 6918 6946 7052 
7305 1 6714 
7171 9 6714 
7317 15 6596 6832 
7294 39 6523 6555 6618 6832 6979 6993 
7327 6 6832 
7329 2 6832 
7335 15 6555 6789 6832 
7343 12 6832 6914 
7347 1 6832 
7348 2 6832 
7349 1 6832 
7350 21 6618 6832 
7351 2 6832 
7352 15 6832 6980 
7353 1 6832 
7354 4 6832 
7355 1 6832 
7363 1 6789 
7365 1 6596 
7378 38 6523 6918 6946 6980 7050 
7386 25 6618 7021 
7390 24 6555 7047 7063 
7391 52 6523 6634 6737 6993 7047 7050 7052 
7394 5 7063 
7402 5 6712 
7405 18 6875 6946 6980 7050 7063 
7407 1 6946 
7409 10 7052 
7425 7 6780 6946 
7449 39 6759 7021 
7452 3 6914 
7180 4 6914 
4532 8 6979 
7490 27 6560 6712 6780 6934 6993 
7471 9 6914 
7511 16 6780 6946 7021 
7376 4 7063 
7531 1 7054 
7544 11 6555 7005 
7564 31 6712 6934 6946 
7415 6 6914 
7150 10 6555 6914 7005 7021 7052 
7578 28 6618 6918 6946 6979 7005 
7579 9 6914 7050 
7580 19 6712 6934 
7598 33 6555 6712 6914 6934 7047 
7614 39 6523 6555 6560 6914 7047 
7618 3 6523 
7625 6 6634 7050 
7050 5 6634 
7634 1 7021 
7647 4 6934 
7649 10 6979 7052 
7659 6 6712 6934 
7665 6 7047 
7666 14 6555 6759 6924 6946 6980 7012 
7670 1 6712 
7675 25 6618 6759 6946 7021 
7676 5 6737 7047 
7677 12 6875 7047 
7678 2 7047 
7679 26 6555 6634 6875 7021 
7682 36 6560 6759 6875 6914 6946 6979 
7685 13 6618 6634 
7687 3 6560 
7691 19 6946 7063 
7697 19 6634 6980 
7701 3 6980 
7715 1 6523 
7716 2 6523 
7719 4 6523 6914 
6367 2 6523 
7717 2 6523 
7720 1 6924 
7727 30 6634 6946 6979 
7733 45 6555 6618 6634 6914 6946 6979 7005 7021 7050 7063 
7740 1 6980 
7741 4 6980 
7742 1 6980 
7743 13 6914 6980 7005 
7744 50 6555 6618 6634 6914 6918 6979 7021 
7747 8 6993 
7752 2 7005 
7753 2 7005 
7755 13 6560 6634 
7756 2 7005 
7766 13 6555 7005 
7768 11 7021 
7769 19 7012 7021 
7774 35 6780 6875 6918 
7779 2 6560 
7780 3 6560 
7781 1 6560 
7782 1 6560 
7783 1 6560 
7790 4 6634 
7791 4 7005 
7792 7 6555 7012 7021 
7808 12 6634 6914 
7810 9 6737 6875 6993 
7818 23 6946 6979 
7826 1 6709 
7827 1 6709 
7828 1 6709 
7829 4 6555 
7833 4 6914 
7849 1 6555 
7852 1 6555 
7850 1 6555 
7851 1 6555 
6638 1 6555 
7754 1 7005 
7865 24 6618 7021 7063 
7873 6 6914 
7874 4 6914 
7875 2 7012 
7882 11 6618 7021 
7885 6 6875 
7891 1 6914 
7892 1 6914 
7893 2 6914 
7372 1 6914 
7894 1 6914 
7900 27 6918 6946 
7901 30 6618 6634 6737 6875 6918 6946 
7902 21 6737 6875 6946 
7904 6 6634 
7906 10 7050 
7910 4 7012 
7916 2 7012 
7919 3 7012 
7924 2 6634 
7928 3 6634 
7929 4 6634 
7933 4 6875 
7931 2 6979 
7937 1 7021 
7938 2 6634 7021 
7939 1 7021 
7940 1 7021 
7941 1 7021 
7942 1 7021 
7944 1 7012 
7964 11 6618 
7968 3 6634 
7980 15 6759 
8012 7 6946 
8035 1 6946 
8036 19 6780 6875 
8042 1 6634 
8045 7 6634 
8046 16 6618 
8047 20 6618 6634 6737 
8053 20 6780 7050 
8054 2 6634 
8060 5 6875 
8069 4 6780 
8077 2 6918 
8023 1 6780 
8084 1 6780 
8085 16 6618 6634 6780 7050 
8086 1 6780 
8087 1 6780 
8107 13 6618 6634 
8152 10 6618 
8156 5 6618 
8157 2 6634 
8166 1 6875 
8167 1 6875 
8211 11 6618 6737 
8222 6 6634 
8050 9 6618 6737 
8243 6 6618 6634 6924 
8244 1 7050 
8245 1 7050 
8251 1 6618 
8252 1 6634 
8253 1 6634 
8254 1 6634 
8255 1 6634 
8256 1 6634 
8260 1 6737 
8261 1 6737 
