6 302 2651 2843 2909 
11 743 2585 2587 2593 2595 2604 2612 2619 2625 2643 2646 2653 2655 2657 2665 2669 2685 2686 2696 2720 2727 2746 2754 2760 2763 2775 2777 2787 2794 2811 2843 2859 2871 2900 2923 2932 2958 2981 3002 3005 3007 3010 3014 3024 3026 3028 3034 3059 3073 3084 3092 
12 65 2708 
14 114 2587 2595 2643 2653 
15 50 2643 2651 3005 
20 187 2693 2774 2775 2777 2828 2877 2900 3027 
21 76 2685 2727 2814 
24 309 2585 2587 2595 2612 2619 2625 2660 2667 2696 2697 2707 2746 2754 2760 2763 2815 2819 2822 2830 2871 2922 2926 2955 2963 2999 3018 3028 3089 
28 133 2801 
36 227 2594 2599 2619 2620 2625 2651 2655 2685 2689 2775 2831 2834 2871 3034 3089 
37 20 2775 
42 89 2625 3026 
44 44 2643 2652 3028 
47 146 2754 2777 2871 2900 2955 
49 15 2643 
53 39 2657 2686 2774 2900 
56 24 2651 
58 38 2877 
59 94 2724 2727 2922 2946 2955 2963 2966 2972 2977 2979 3015 
60 9 2625 
27 102 2696 2917 
66 44 2625 2651 2799 
72 164 2774 2775 
83 8 2963 
86 122 2643 2754 2763 2775 2799 2809 2923 3050 3092 
71 109 2646 2763 2775 2801 2946 2972 3027 
87 195 2623 2754 2764 2774 2790 2801 2900 2925 3027 
89 29 2657 2991 
90 72 2760 3014 3027 3034 
94 80 2643 3034 3089 
98 8 3002 
103 68 2589 2667 2686 2775 2851 2871 2922 
106 9 3033 
68 275 2587 2593 2597 2612 2618 2643 2653 2654 2697 2708 2760 2764 2765 2774 2775 2809 2814 2859 2871 2877 2900 2912 2951 2973 3014 3018 3021 3024 3026 3028 3034 3050 3056 3084 3089 
122 213 2585 2597 2619 2623 2625 2646 2651 2653 2654 2657 2660 2665 2667 2685 2693 2697 2700 2747 2768 2799 2805 2809 2811 2828 2834 2900 2932 2955 2958 2963 2966 2968 2979 2981 3007 3010 3014 3024 3028 3029 3034 3059 3084 3106 
113 89 2643 2754 3034 
127 132 2625 2643 2652 2654 2685 2687 2747 2754 2790 2811 2877 2928 2946 2963 2977 2999 3007 3009 3028 3034 3089 
128 80 2625 2643 2651 2654 2768 2877 2900 2912 2966 
132 29 2643 
136 99 3005 
138 72 2777 
139 37 2790 
143 94 2620 2625 
147 58 2801 2819 2955 3026 3056 3059 
157 44 2657 2979 
161 32 2619 2625 2801 
163 9 2871 
168 9 3027 
172 123 2623 2625 2651 2653 2654 2660 2662 2686 2693 2700 2708 2724 2819 2830 2859 2951 2958 2966 2973 3009 3018 3020 3030 3089 3099 
173 334 2774 2787 2871 3002 
180 54 2597 2604 2625 2643 2657 2720 2727 2777 3010 3089 
182 79 2625 2653 2696 2697 2774 2775 2777 
166 93 2843 2877 3005 
185 4 2625 
194 5 2585 
188 3 2713 
197 11 2595 
199 17 2721 
203 31 2595 2660 3018 
215 100 2619 2625 2685 2736 2754 2801 
226 25 2775 2777 
236 39 2625 
237 41 2754 2763 2768 2794 2805 2809 2814 2828 2838 
255 86 2595 2625 2834 2859 
259 56 2660 2770 3084 
263 22 2774 3092 3106 
265 31 2593 
266 13 2955 
275 56 2619 2625 2654 2669 2685 2790 2794 2799 2828 2838 2844 2972 2999 
280 76 2775 2785 3089 
285 6 2643 
291 35 2790 2811 2958 3014 3034 
290 71 2654 2697 2708 2871 3005 
306 244 2646 2653 2654 2657 2660 2665 2686 2693 2727 2747 2754 2790 2859 2900 2923 2932 2973 3005 3015 3021 3089 
308 142 2774 2805 2828 3005 
310 230 2593 2625 2643 2669 2685 2693 2700 2754 2794 2819 2822 2834 2955 3028 3034 3089 
311 321 2605 2625 2643 2654 2655 2660 2672 2708 2720 2763 2775 2790 2809 2830 2871 2918 2940 2963 2968 2973 2981 2999 3007 3009 3033 3034 3068 3089 
313 54 2763 2790 2801 2838 2871 2923 3005 
315 77 2625 2834 2963 
317 140 2707 
319 199 2592 2629 2660 2689 2696 2774 2775 2819 2925 3029 3033 
328 13 2999 
335 46 2592 2612 
336 31 2727 
339 80 2651 
341 47 2625 2670 
348 21 2612 
346 86 2685 2720 2721 2724 2747 2805 2828 2838 2859 2900 2912 2918 2922 2923 2926 2999 3009 3034 3089 3099 3104 
356 18 2660 2770 
193 21 3005 3034 
364 14 2777 
367 5 2643 
371 117 2625 2643 2693 2801 
383 45 2674 2770 3026 3089 
395 42 2851 2963 
403 20 2599 2814 2834 2922 2966 
405 19 2790 2859 2973 
406 34 2657 
407 145 2587 2594 2617 2625 2693 2774 2775 2811 2977 3014 3020 
325 25 2790 2909 
417 9 3005 
425 79 2643 2700 2708 2877 2880 2951 2963 3020 3030 3089 
432 157 2592 2604 2643 2669 2696 2819 2851 2871 2932 2958 2963 3002 3024 3026 3027 3033 3059 
412 21 2625 
447 15 2685 
449 9 3007 3010 
457 732 2605 2612 2620 2625 2651 2653 2654 2687 2689 2693 2696 2708 2727 2746 2763 2764 2765 2768 2774 2775 2785 2811 2818 2822 2831 2843 2851 2859 2871 2877 2900 2923 2932 2958 2973 2996 2999 3010 3014 3020 3026 3034 3059 3084 3089 3106 
467 12 2625 
501 10 2805 
539 2 3010 
542 7 2774 
545 24 2708 
546 142 2625 2643 2660 2763 2805 2859 2877 3005 
553 22 2654 2871 
554 6 2654 2697 
556 121 2595 2612 2623 2654 2657 2805 3018 
583 26 2763 2775 
582 34 2760 2871 3073 
586 13 3005 
587 18 2625 2877 2918 2922 2926 2928 
600 214 2587 2593 2595 2617 2625 2643 2652 2660 2736 2775 2851 2871 3002 3009 3018 3033 3034 
625 3 2774 
634 150 2618 2625 2653 2654 2774 2831 2851 2871 2955 
646 17 2697 2830 3089 
635 66 2660 2801 
637 25 2651 
643 46 2654 
644 27 2790 2838 2877 2922 2928 
649 40 2643 
650 98 2587 2593 2625 2655 2669 2785 2830 2880 2951 2955 2972 2977 3034 3082 
662 2 2655 
664 13 2651 
663 158 2592 2643 2700 2830 3014 3084 
667 19 2763 2958 3009 
665 7 2958 
668 2 3089 
689 47 2593 2643 2736 3089 
695 118 2585 2625 2643 2654 2686 2747 2777 2877 2923 3007 
704 81 2593 2625 2643 2655 2660 2662 2708 2809 2811 2814 2912 3005 3028 
706 95 2625 2763 2801 
707 123 2625 2643 2843 
708 51 2768 2790 2815 2818 2900 2993 
710 105 2625 2651 2657 2801 2900 2923 
722 264 2587 2591 2607 2618 2625 2629 2643 2647 2651 2653 2654 2662 2670 2697 2707 2720 2721 2727 2754 2775 2777 2785 2787 2790 2794 2797 2799 2801 2818 2821 2825 2830 2838 2856 2877 2880 2900 2902 2917 2918 2926 2940 2946 2951 2968 2972 2991 2993 2996 3007 3018 3020 3029 3033 3034 3050 3056 3068 3089 
727 32 2643 2775 2777 2877 3050 3104 
737 232 2620 2851 2940 3084 3092 3106 
742 93 2669 2721 2940 
697 100 2785 3106 
749 66 2651 2654 2770 2819 2951 
759 77 2754 
763 68 2612 2625 2643 2651 2653 2754 2871 2966 2977 
764 34 2585 2625 
766 773 2592 2593 2594 2597 2599 2605 2617 2619 2623 2625 2646 2653 2654 2658 2660 2662 2667 2674 2685 2689 2693 2696 2697 2700 2707 2713 2721 2747 2754 2760 2763 2764 2765 2774 2775 2785 2787 2790 2794 2805 2809 2811 2814 2815 2819 2822 2828 2830 2831 2834 2851 2856 2859 2871 2900 2909 2912 2917 2922 2923 2925 2932 2940 2951 2955 2958 2963 2968 2972 2973 2981 2993 2999 3000 3002 3005 3009 3010 3014 3015 3021 3027 3029 3033 3034 3050 3073 3089 3092 3103 3104 
762 50 2651 2790 
769 146 2625 2651 2660 2770 2775 2801 2828 2963 3002 
771 7 2643 
788 113 2654 2790 2877 2914 
784 224 2594 2597 2617 2625 2643 2651 2653 2654 2660 2665 2685 2693 2727 2746 2747 2754 2763 2815 2830 2859 2877 2900 2951 2958 2963 2973 3007 3014 3020 3030 3089 
789 317 2592 2593 2625 2643 2669 2689 2696 2754 2763 2775 2777 2787 2794 2809 2814 2822 2831 2909 3002 3027 3073 3089 3092 3103 3106 
795 60 2775 2877 2981 
798 16 2612 
802 4 2643 
805 90 2689 2774 2811 3009 
813 272 2593 2595 2597 2619 2643 2653 2654 2655 2660 2665 2669 2674 2687 2693 2696 2707 2727 2747 2763 2790 2815 2819 2859 2871 2925 2932 2955 2958 2963 2968 2973 2981 2999 3005 3024 3026 3029 3033 3034 3059 3103 
816 29 2775 
822 11 3026 
826 249 2593 2594 2617 2623 2625 2629 2638 2643 2651 2654 2662 2670 2697 2708 2713 2720 2724 2785 2787 2797 2805 2809 2815 2819 2830 2838 2856 2880 2900 2912 2922 2946 2955 2966 2968 2972 2977 2979 2999 3018 3021 3029 3033 3034 3056 3089 3099 3105 
825 165 2585 2619 2625 2653 2660 2667 2674 2686 2700 2790 2794 2799 2871 2917 2940 2958 3024 3026 3028 3084 3103 
836 26 2625 2763 3026 
838 36 2799 3009 
841 61 2599 2618 2625 2707 2721 2754 2763 2768 2770 2801 2805 2814 2815 2828 2844 2877 2880 2918 2926 2968 2993 2999 3029 3034 3056 3092 
844 45 2646 
842 30 2686 2996 3018 
854 99 2589 2629 2638 2651 2660 2801 2825 2828 2880 2963 2966 3050 
856 91 2594 2619 2643 2651 2660 2662 2669 2674 2686 2693 2700 2713 2747 2754 2815 2831 2900 2951 2973 3018 3030 3084 3089 
852 39 2653 
853 16 2910 
861 16 2625 2685 
865 97 2595 2617 2625 2643 2654 2660 2669 2685 2687 2838 2877 2880 3018 3089 
869 11 2707 
871 59 2830 2834 2990 2993 2996 3023 3050 
879 122 2585 2612 2646 2653 2655 2657 2674 2746 2760 2811 2859 2871 2973 3014 3026 3028 3059 
895 6 2763 
898 10 2764 2765 
904 119 2604 2643 2751 2754 3084 
908 9 2763 2801 
915 7 2809 
787 12 2651 
928 21 2646 2707 2996 
935 22 2880 
937 46 2625 2955 2968 
941 80 2618 
943 30 2654 
946 110 2593 2619 2653 2654 2669 2670 2685 2689 2697 2720 2799 2801 2818 2821 2828 2993 2996 3026 3050 
947 27 2594 2623 2625 2651 2689 2713 3005 
948 29 2619 2689 2815 2834 
950 9 2605 
954 34 2593 2619 2643 
956 42 2669 2777 
961 16 2625 2660 2966 
974 36 2654 2667 2747 2871 3005 
975 11 2625 2708 
978 65 2625 2900 
982 47 2625 2651 2693 2708 2747 2912 2951 
986 77 2594 2625 2763 2856 2871 
988 292 2585 2587 2593 2594 2595 2597 2612 2617 2619 2623 2625 2646 2651 2653 2654 2655 2657 2660 2662 2667 2674 2686 2693 2697 2700 2708 2713 2727 2746 2747 2754 2760 2799 2819 2830 2856 2900 2912 2918 2923 2951 2958 2972 2973 2974 2991 2999 3005 3007 3009 3010 3018 3020 3021 3024 3026 3028 3029 3030 3033 3034 3056 3059 3084 3089 3099 
993 238 2619 2625 2654 2655 2685 2686 2693 2708 2763 2805 2814 2815 2828 2834 2859 2972 3014 
994 45 2625 2654 2775 2856 3030 
996 297 2587 2591 2593 2620 2625 2651 2653 2654 2657 2665 2669 2685 2693 2707 2708 2713 2754 2763 2764 2768 2774 2775 2785 2787 2794 2801 2805 2809 2815 2819 2828 2834 2856 2923 2951 2963 2968 3027 3029 3089 3103 3106 
1000 60 2593 2830 2834 2877 3015 3089 
1006 138 2651 2763 2912 3034 
1003 18 2851 
1012 7 2991 
1009 44 2597 2674 
1024 41 2625 2657 2696 2785 2805 2828 2830 2977 3009 3029 3033 3034 
1029 135 2625 2843 
1031 19 2585 2619 3104 
1032 39 2909 2912 3024 3089 
1034 33 2612 2775 3005 
1035 12 2697 2963 
1039 6 2685 
1037 86 2625 2654 2665 2877 2966 3014 3030 
1041 49 2747 2790 
1042 41 2643 2665 2669 2763 2785 2801 2877 2880 2951 2963 
1043 21 2660 2787 
1044 9 2686 
1050 44 2617 2651 2708 2777 
1051 46 2660 2851 2963 
1055 196 2620 2625 2654 2747 2774 2775 2790 2877 2900 2902 2923 2963 3005 3014 3084 3089 3103 
1062 156 2587 2593 2594 2653 2657 2685 2697 2707 2727 2746 2828 2830 2834 2932 2968 3005 3021 3024 3026 3029 3030 3033 3059 
1063 29 2658 3089 3103 
1064 16 3034 
872 29 2770 2856 
1074 95 2914 
1075 74 2593 2595 2653 3018 3034 
1082 4 2708 
1095 10 2697 
1097 88 2594 2625 2651 2653 2685 2768 2794 2801 2830 2958 2972 3014 3020 3027 3030 3033 3089 
1098 305 2585 2589 2593 2594 2620 2625 2650 2651 2654 2658 2669 2672 2685 2697 2707 2721 2781 2785 2794 2805 2814 2828 2851 2940 2963 2968 2973 3005 3018 3029 3030 3033 3034 3084 
1103 9 2708 2946 
1100 2 2657 
1105 3 2654 
1111 60 2822 2925 3084 
1102 15 2625 2654 
1124 20 2625 2685 
1125 37 2625 
1128 13 2968 
1127 62 2707 2787 2851 2871 2963 3030 3084 
1129 62 2790 2877 
1132 57 2651 2787 2801 2946 3027 
1133 399 2599 2612 2625 2646 2651 2653 2696 2697 2700 2760 2765 2775 2787 2790 2811 2830 2859 2871 2900 2909 2925 2932 2958 2968 2981 3002 3007 3014 3034 3073 3089 
1134 3 3005 
1135 115 2587 2593 2617 2625 2685 2724 2794 2814 2922 2955 3034 3056 
1137 135 2593 2594 2653 2696 2697 2724 2754 2763 2768 2777 2781 2785 2805 2814 2825 2828 2830 2838 2900 2958 3026 3033 3059 
1142 48 2781 
1143 14 2599 2963 
1147 3 2830 
1150 8 2594 
1151 472 2587 2592 2593 2594 2604 2623 2625 2643 2654 2660 2665 2667 2669 2685 2686 2697 2700 2707 2713 2747 2754 2763 2768 2775 2805 2809 2815 2828 2830 2834 2851 2856 2871 2940 2963 2999 3002 3005 3009 3024 3026 3027 3028 3033 3034 3089 3092 
1154 2 2770 2781 
922 149 2923 3005 
1165 13 2707 
1166 599 2593 2594 2597 2604 2619 2623 2625 2643 2646 2650 2651 2653 2654 2658 2660 2662 2665 2669 2674 2685 2686 2693 2700 2708 2721 2724 2736 2747 2754 2763 2774 2775 2785 2787 2790 2794 2801 2811 2819 2828 2830 2834 2838 2856 2871 2877 2880 2900 2902 2912 2918 2940 2951 2958 2968 2972 2973 2977 2991 3002 3007 3014 3018 3021 3026 3030 3033 3034 3056 3084 3089 3092 3099 3106 
1167 158 2585 2619 2625 2647 2650 2651 2662 2665 2685 2686 2754 2770 2834 2838 2877 2880 2900 2966 3028 3033 
1169 29 2594 2619 2625 2643 2754 2951 3020 
1183 9 2754 2922 2955 
1185 43 2801 
1196 9 3050 
1198 4 2593 
1200 107 2593 2599 2617 2618 2625 2647 2651 2654 2660 2697 2713 2724 2754 2768 2785 2787 2794 2805 2809 2814 2828 2830 2834 2838 2856 2877 2880 2912 2918 2922 2951 3021 3030 3033 3034 3089 3099 
1202 66 2625 2968 3018 3033 3034 
1204 61 2651 2662 2696 2700 2713 2951 3002 3030 
1207 26 3050 3056 
1210 218 2587 2593 2604 2625 2654 2657 2660 2669 2685 2697 2713 2785 2805 2834 2851 3020 3027 3089 
1211 79 2643 2653 2763 2877 2922 2923 
1212 4 2625 
1215 65 2593 2594 2604 2625 2643 2736 3089 
1221 77 2585 2667 2685 2707 2834 2922 3007 3021 3024 3099 
1228 11 2625 2651 2685 2940 
1236 103 2585 2593 2594 2625 2685 2727 2746 2981 2999 3005 3030 
1241 35 2594 3005 3084 
1242 11 2685 
1247 77 2620 2625 2657 2774 2775 2871 3002 3106 
1253 51 2770 2797 2801 3033 
1259 45 2587 2623 2657 2660 2693 2727 2790 2828 2900 3005 
1267 61 2619 2660 2707 2746 2819 2831 2856 2955 2963 2968 2999 3033 
1279 124 2587 2654 2655 2674 2819 2843 2963 2973 3005 3009 
1282 8 2618 2763 2777 
1286 65 2619 2625 2651 2657 2686 2851 2856 2871 2955 2956 
1284 20 2955 
1285 31 2871 2955 3005 3009 
1291 34 2594 2815 2972 2999 3014 3021 
1293 33 2665 2843 2877 2880 
1296 9 2625 3026 
1297 76 2585 2647 2653 2697 2727 2877 2900 2918 2923 2966 3005 3024 3029 3034 3084 
1305 290 2593 2594 2597 2599 2617 2619 2623 2625 2646 2654 2657 2662 2667 2674 2686 2693 2696 2697 2700 2707 2708 2713 2720 2721 2724 2727 2746 2747 2754 2763 2768 2770 2777 2794 2799 2805 2809 2814 2815 2819 2828 2830 2834 2877 2880 2900 2902 2912 2946 2951 2955 2958 2963 2966 2968 2972 2973 2977 2981 2993 2999 3005 3007 3009 3010 3018 3021 3024 3028 3029 3030 3033 3050 3056 3059 3073 3084 3089 3099 
1306 20 2707 2922 3059 
1319 181 2593 2625 2653 2662 2693 2727 2746 2754 2859 2900 2923 2958 3005 3014 3021 3024 3033 
1320 6 3005 
1322 12 2785 2809 2922 
1335 62 2605 2625 
1353 30 2595 
1360 22 2625 2654 2877 2951 3020 3089 
1354 8 2770 
1356 20 3020 
1362 4 2643 
1357 91 2593 2674 2727 2763 2794 2968 3033 
1358 18 2654 
1365 7 2774 
1367 40 2623 2653 2660 2667 2674 2819 2973 
1368 33 2654 2662 
1374 462 2585 2593 2623 2625 2643 2654 2658 2665 2685 2687 2713 2747 2754 2763 2764 2768 2775 2785 2787 2794 2805 2809 2814 2822 2825 2828 2830 2831 2834 2838 2859 2877 2909 2912 2922 2928 2955 2963 2966 2977 3005 3018 3020 3030 3084 3089 
1382 17 2654 2657 2727 3005 
1380 63 2625 
1381 52 2653 2696 2697 2880 2966 3026 3059 
1383 4 2963 
1384 37 2653 2655 2660 2686 2727 2751 2809 2814 2828 
1385 35 2612 2999 
1390 32 2599 2654 2665 2707 2721 2844 2880 3009 3018 3020 3099 
1395 199 2625 2667 2685 2686 2697 2707 2760 2763 2794 2805 2830 2834 2856 2955 2963 3026 3029 3033 3059 
1416 13 2700 3020 3030 
1419 41 2617 2623 2657 2665 2669 2670 2685 2720 2736 2815 3029 3056 
1423 8 2843 
1424 52 2625 2819 
1428 183 2593 2617 2625 2629 2679 2685 2693 2805 2859 2871 2932 2958 2973 3005 3021 3033 3080 3104 
1184 79 2599 2643 2777 2781 2787 2797 2801 2811 2834 2877 2922 2926 2963 3034 
1457 5 2696 
1462 48 2625 2643 2809 
1463 26 2585 2794 2963 
1468 20 2646 3089 
1466 24 2669 2764 3089 
1470 156 2592 2620 2625 2653 2662 2747 2768 2775 2790 2877 2923 3002 3005 3010 3089 
1473 91 2763 2790 2828 2871 2966 
1474 2 2657 
1483 52 2843 
1487 117 2593 2594 2619 2623 2625 2638 2643 2651 2665 2669 2700 2912 3020 3021 3030 
1492 157 2585 2593 2595 2612 2618 2619 2653 2700 2713 2746 2830 2859 2912 2958 2981 3005 3020 3033 
1495 10 2651 
1496 210 2585 2593 2594 2595 2597 2605 2618 2625 2646 2657 2660 2667 2685 2708 2713 2727 2746 2747 2794 2819 2856 2871 2877 2900 2923 2981 2996 3005 3007 3033 
1497 28 2763 3020 
1499 12 2794 
1500 48 2604 2625 2660 2777 2794 2801 2871 3018 
1501 38 2651 2662 2951 3089 
1506 41 2654 2674 2912 3020 
1504 6 2651 
1510 16 2843 
1521 99 2594 2625 2653 2685 2727 2746 2814 2834 2958 3005 3014 3024 
1522 139 2585 2593 2595 2599 2618 2619 2625 2643 2651 2653 2654 2665 2667 2746 2754 2834 2973 2981 2999 3059 3084 3089 
1538 81 2594 2618 2643 2653 2665 2774 2877 3005 
1537 68 2593 2625 2655 2693 2707 2713 2746 2790 2871 2963 3005 3024 3027 3033 
1542 244 2595 2646 2654 2658 2689 2746 2822 2871 2909 2940 2973 3007 3014 3015 3026 3027 3089 3092 
1552 81 2593 2594 2604 2617 2625 2651 2775 2834 3014 
1553 20 2781 2825 
1547 28 2593 2607 2625 2629 2651 2669 2768 2805 
1549 587 2585 2587 2589 2593 2594 2597 2599 2604 2605 2607 2618 2619 2623 2625 2629 2643 2650 2651 2653 2654 2655 2657 2660 2662 2665 2667 2669 2670 2685 2686 2687 2693 2697 2700 2707 2713 2721 2727 2746 2747 2754 2760 2763 2765 2774 2785 2787 2790 2794 2809 2814 2815 2819 2828 2830 2859 2871 2880 2900 2918 2922 2932 2946 2951 2955 2958 2963 2966 2968 2972 2973 2977 2981 2999 3005 3007 3009 3010 3024 3026 3027 3028 3029 3030 3033 3034 3059 3080 3084 3089 3103 3104 
1550 42 2612 2871 3007 
1555 79 2604 2625 2665 2809 
1566 46 2593 2638 2653 2665 2685 2696 2801 2877 2946 3026 3033 3059 
1583 87 2594 2599 2618 2625 2643 2654 2660 2665 2669 2670 2697 2700 2707 2721 2754 2763 2785 2794 2828 2830 2880 2900 2955 2968 2991 3034 
1585 102 2604 2763 2830 2838 2859 2877 2880 3005 
1592 30 2625 2654 2794 2856 2963 3034 3089 
1594 114 2794 2922 2968 2972 
1596 29 2625 2693 2958 
1604 4 2917 
1608 355 2585 2587 2593 2594 2604 2617 2625 2643 2653 2654 2662 2669 2685 2697 2707 2721 2747 2754 2763 2794 2805 2814 2815 2828 2830 2834 2856 2871 2951 2972 2981 2996 2999 3021 3029 3030 3034 3089 3099 
1613 15 2790 2940 
1614 73 2625 2654 2760 2777 2856 3034 
1621 80 2593 2625 2646 2651 2763 3084 
1622 50 2594 2727 2746 2830 2859 2923 2958 3005 3068 
1623 39 2593 2625 2685 2693 2851 2966 
1625 2 2763 
1639 36 2651 2686 2775 2955 
1644 48 2651 2774 2801 
1646 5 2768 
1653 2 2814 
1661 66 2658 2912 2923 2940 
1658 9 2787 2838 2877 
1564 27 2594 2618 2713 3030 
1667 55 2587 2763 3014 
1668 5 2685 
1670 18 2763 2787 2797 
1647 19 3005 
1674 8 2587 
1684 9 2625 2651 
1692 3 2877 
1690 2 2877 
1691 50 2593 2657 2754 2775 2871 2909 2922 3000 3033 
1701 112 2585 2594 2595 2620 2625 2643 2686 2828 2973 2981 3002 3026 3029 3089 
1697 70 2643 2774 2790 2801 2838 2877 2923 
1700 93 2585 2589 2607 2618 2638 2643 2646 2650 2665 2669 2751 2777 2781 2785 2794 2797 2801 2809 2814 2880 2946 3050 
1705 47 2599 2707 2721 2805 2814 2815 2828 2834 2902 2922 2946 2955 2963 2968 2972 2993 2999 3029 3033 
1706 4 2955 
1707 34 2594 2790 2794 2805 2871 2955 
1709 6 2643 2794 
1717 96 2593 2625 2669 2674 2736 2754 2811 2877 2999 3007 3029 
1688 25 2653 2871 2955 
1729 19 2856 3084 
1732 18 2594 2651 2955 
1730 45 2625 2643 2763 2871 3050 
1733 42 2651 2657 3015 3073 3089 
1734 55 2593 2595 2625 2696 2727 2912 
1737 9 2799 
1741 9 2877 
1744 8 2657 2900 3024 
1748 76 2643 2665 2669 2774 2923 3009 3026 3030 
1749 68 2594 2604 2625 2643 2651 2653 2654 2662 2674 2700 2707 2713 2747 2754 2763 2859 2877 2912 2951 2991 2993 3020 3030 3033 
1754 23 2625 2801 
1756 89 2955 2963 2966 2972 2977 
1762 47 2620 
1766 27 2777 2955 
1767 97 2585 2620 2625 2654 2678 2686 2727 2775 2781 2794 2797 2809 2834 2900 2909 2932 2946 2955 2963 2991 3029 3033 
1769 67 2587 2593 2617 2619 2625 2643 2654 2655 2697 2774 2785 2794 2828 2922 2968 3027 
1772 141 2618 2619 2625 2638 2647 2670 2685 2720 2777 2785 2794 2797 2798 2801 2814 2877 2880 3024 
1777 1 2625 
1781 6 2625 2657 
1751 35 2625 2651 2654 2951 3018 
1783 57 2585 2594 2618 2625 2653 2713 2746 2790 2805 3005 3030 
1789 11 2787 
1790 2 2814 
1792 31 2625 2754 2777 2801 
1795 44 2700 2747 2809 2811 2819 2912 2973 3020 
1799 48 2655 2697 2790 2912 
1800 20 2774 
1811 43 2625 2643 2651 2654 2693 
1803 19 2697 3002 
1807 8 3059 
1808 129 2587 2589 2591 2595 2599 2604 2605 2629 2645 2646 2651 2652 2669 2708 2751 2794 2834 2900 2922 2955 2963 3028 
1813 41 2655 2746 2760 2871 3014 3024 3026 3028 3034 
1814 105 2593 2594 2620 2625 2651 2653 2654 2657 2660 2697 2707 2721 2724 2775 2815 2830 2856 2900 2955 2963 2966 2968 2972 2977 2979 2981 2991 2993 2999 3029 3033 3034 3050 3056 3099 
1816 10 2625 
1820 90 2585 2593 2594 2599 2625 2643 2645 2654 2660 2665 2685 2686 2693 2697 2727 2736 2754 2814 2838 2856 2963 2991 3089 
1823 49 2822 
1827 2 2856 
1835 73 2587 2625 2660 2707 2754 2770 2828 2830 2834 2993 2996 3002 
1837 28 2593 2617 2654 2697 2963 3033 3034 3104 
1838 57 2859 2958 
1832 6 2746 2819 
1833 6 2654 
1847 47 2625 2693 2747 2790 2973 3103 
1848 16 2754 2763 2880 3089 
1855 12 2856 
1857 8 2785 2787 
1875 33 2619 2625 2686 2693 2794 2809 2825 2828 2928 2996 3029 
1885 44 2587 2593 2617 2619 2625 2655 2657 2697 2713 2809 2932 
1888 36 2781 2794 
1891 36 2618 2619 2625 2724 2770 2923 2977 
1896 51 2650 2651 2696 2700 2805 3021 3092 3099 
1912 3 3026 3059 
1915 33 3089 
1918 20 2958 3005 3014 
1919 112 2593 2617 2625 2763 2768 2805 2828 2830 2834 2946 2977 3033 3034 3099 
1922 204 2585 2587 2593 2594 2599 2604 2607 2617 2618 2623 2625 2646 2647 2650 2654 2665 2669 2670 2697 2707 2708 2713 2721 2724 2751 2754 2787 2790 2815 2819 2838 2856 2880 2900 2902 2918 2922 2926 2928 2946 2951 2955 2963 2966 2996 3002 3007 3018 3020 3021 3024 3026 3028 3029 3030 3050 3056 3059 3082 3084 3089 3099 
1925 22 2651 2654 3018 
1928 7 2654 
1931 15 2654 2871 
1937 13 3084 
1940 5 2830 
1943 3 2625 
1947 15 2727 2900 2923 
1948 14 2625 
827 3 3024 
1951 29 2625 2653 2657 2686 2819 2973 3010 
1961 5 2654 
1966 18 2686 2775 2955 
1964 13 2764 2765 2794 2966 
1967 31 2595 2597 2693 2708 2746 2973 
1972 181 2585 2594 2595 2597 2619 2620 2623 2625 2651 2653 2654 2655 2657 2660 2667 2674 2686 2693 2697 2700 2707 2727 2746 2747 2815 2819 2830 2909 2955 2958 2966 2968 2972 2981 2999 3005 3007 3009 3024 3026 3027 3028 3029 3030 3059 3084 3089 
1976 6 2955 
1977 34 2593 2685 
1980 47 2587 2623 2625 2685 2794 2825 2922 2993 3005 3029 
1981 2 2799 
1984 7 2871 
1985 56 2623 2625 2643 2646 2655 2674 2828 2830 2834 3099 
1990 36 2693 3007 
1991 66 2593 2599 2625 2665 2685 2707 2768 2777 2794 2805 2809 2814 2828 2830 2834 2856 2922 2955 2963 2968 
1992 16 2594 2625 2665 
1993 3 3059 
1997 88 2587 2593 2604 
1794 26 2625 2794 2828 3034 
2001 39 2625 3089 
2009 63 2599 2646 2651 2660 2669 2809 2830 3033 
2010 27 2658 
2014 10 2909 
2016 13 2643 2653 2697 3026 3059 
2033 22 2654 3084 
2037 8 2643 
698 11 2595 2653 2966 
2038 5 2877 
2049 3 2657 
2062 121 2593 2594 2625 2651 2654 2693 2877 2923 3007 3014 
2063 21 2593 2625 2643 2685 
2065 50 2619 2623 2660 2736 2871 3002 3018 
2069 17 2587 2593 2685 2946 
2071 7 2625 
2072 121 2593 2599 2604 2618 2619 2625 2643 2665 2669 2707 2721 2754 2777 2785 2787 2794 2801 2809 2814 2815 2834 2838 2968 2999 3029 3033 
2085 28 2593 2685 2834 
2091 8 2643 
2093 55 2587 2593 2604 2607 2625 2643 2685 2707 2720 2790 2830 2922 2966 2972 3029 3106 
2097 7 2607 
2102 45 2594 2638 2707 2790 2815 2968 3080 
2109 47 2775 2859 3007 
2108 4 2625 2651 
2111 4 2871 3030 
2114 39 2585 2593 2617 2625 2727 2815 2830 2968 2993 2999 3007 3026 3028 3029 3034 3050 3056 3059 3068 3084 3099 
2115 16 2645 2785 2871 
2116 20 2721 2794 3005 3034 
2119 5 2625 
2117 23 2966 
2118 113 2585 2587 2594 2617 2651 2653 2655 2657 2667 2685 2693 2696 2707 2727 2774 2775 2777 2805 2811 2822 2828 2851 2856 2900 2909 2958 2966 2968 2977 2999 
2120 122 2589 2591 2594 2607 2619 2625 2650 2657 2667 2720 2724 2751 2774 2781 2797 2799 2811 2834 2900 2902 2926 2974 2979 2996 3056 3068 3082 3089 3104 
2127 3 2625 
2129 44 2625 2657 3024 3026 3034 
2130 8 2955 
2133 129 2587 2593 2599 2604 2619 2625 2643 2646 2665 2669 2685 2707 2720 2721 2754 2768 2777 2781 2794 2797 2805 2809 2814 2815 2828 2834 2838 2877 2880 2922 2926 2955 2963 2968 2972 2979 2993 2999 3029 
2135 146 2594 2625 2651 2654 2657 2658 2693 2707 2747 2763 2774 2775 2790 2794 2830 2844 2851 2900 2909 2912 2963 3010 3020 3033 3034 3089 
2144 23 2653 
2145 145 2594 2620 2651 2747 2774 2775 2790 2794 2811 2822 2831 2871 2912 2922 2981 3002 3005 3024 3084 
2156 41 2589 2670 2736 
2160 26 2900 3089 
2168 3 2977 
2169 32 2669 2685 2902 
2171 16 2651 2660 2708 2754 2790 3021 3030 
2172 29 2685 2777 2794 2801 2877 3034 
2174 65 2585 2594 2607 2618 2619 2620 2625 2651 2751 2754 2770 2775 2777 2801 2809 2821 2825 2828 2838 2877 2928 2946 2955 3007 3030 
2176 17 2651 2654 2662 2700 2856 3099 
2177 3 2991 2993 
2178 3 2625 
2186 61 2599 2665 2727 2747 2775 2814 2922 2963 2968 2977 2979 2999 3021 3029 3089 
2193 12 2991 
2206 14 2672 2720 2777 
2209 31 2594 2657 2720 2805 2819 2900 3018 3020 
2210 17 2790 3084 
2215 15 3018 3027 
2223 15 3084 
2224 3 2625 
2225 34 2625 2651 2775 2856 2951 3007 3020 3034 3089 
2226 28 2790 
2234 14 2654 2724 2856 2900 3089 
2230 49 2585 2591 2594 2619 2625 2638 2651 2654 2685 2794 2926 2996 3005 3033 3059 3080 3084 3104 
2231 66 2587 2589 2591 2594 2604 2607 2618 2629 2643 2650 2657 2670 2720 2736 2801 2818 2821 2825 2918 2977 2979 3030 3050 3056 3068 3104 
2229 143 2587 2589 2591 2593 2594 2597 2604 2607 2612 2625 2629 2646 2651 2654 2662 2674 2697 2700 2708 2713 2720 2724 2754 2830 2856 2900 2912 2951 3018 3020 3021 3030 3089 
2232 12 2589 2591 2618 2629 2647 2720 2781 
2233 36 2587 2593 2604 2625 2801 2809 3033 3056 
2236 75 2593 2625 2651 2654 2662 2697 2700 2708 2713 2721 2724 2754 2830 2856 2900 2912 2951 2966 2968 3020 3030 3033 3034 3089 3099 
2237 241 2585 2592 2593 2594 2595 2612 2619 2646 2651 2654 2657 2660 2667 2674 2686 2693 2696 2697 2700 2707 2746 2747 2760 2790 2811 2815 2819 2830 2831 2871 2909 2932 2955 2968 2973 2996 2999 3005 3010 3014 3021 3024 3026 3028 3029 3033 3034 3059 3084 3089 
2241 14 2587 2604 2665 
2240 108 2591 2594 2625 2651 2657 2665 2746 2951 3005 3014 3020 3024 3030 
2041 6 2595 2654 
2249 38 2618 2625 2754 2851 
2251 25 2625 2651 2654 2707 2721 2814 2815 2968 2972 2977 2999 3020 3056 
2252 22 2585 2652 2654 2674 2693 2747 3005 3026 
2254 6 2805 
2255 31 2707 2815 2963 2999 
2256 247 2587 2591 2593 2594 2599 2619 2625 2647 2650 2651 2652 2654 2657 2667 2669 2670 2685 2687 2707 2720 2736 2747 2751 2754 2763 2770 2774 2777 2781 2785 2787 2790 2794 2797 2799 2805 2809 2814 2815 2818 2821 2825 2828 2844 2859 2877 2900 2902 2918 2922 2926 2928 2955 2958 2963 2974 2979 2993 2999 3005 3023 3028 3030 3089 
2257 49 2593 2667 2686 2708 2764 
2258 95 2605 2625 2727 2760 2774 2775 2859 2871 2981 3089 
2153 4 2594 2625 
2264 58 2654 2697 2774 2775 2794 2834 2856 
2274 48 2625 2654 2946 3080 
2277 8 3089 
2278 4 2917 
2281 2 2625 
2285 17 2592 2625 2713 
2287 4 2968 
2290 120 2595 2597 2619 2651 2652 2653 2654 2655 2657 2660 2667 2674 2686 2687 2693 2727 2746 2747 2819 2900 2923 2973 2974 3005 3007 3009 3010 3024 3059 
2289 14 2669 2811 
2294 9 2619 2625 2638 2665 2856 2990 
2297 164 2594 2619 2625 2651 2654 2657 2660 2667 2685 2693 2727 2746 2774 2775 2794 2797 2801 2856 2859 2871 2958 3005 3009 3014 3020 3024 3026 3033 3034 3059 3089 
2298 48 2646 2654 2794 2797 2900 2926 2932 2993 3028 
2299 67 2585 2619 2620 2625 2651 2665 2687 2700 2746 2754 2794 2809 2851 2909 2972 2999 3026 3030 
2307 7 2585 2746 3024 
2322 19 2619 2625 2643 2814 
2323 111 2585 2594 2625 2651 2653 2654 2657 2660 2746 2747 2794 2815 2838 2859 2900 2923 2958 3005 3007 3014 3018 3020 3028 3103 
2326 252 2585 2592 2594 2595 2597 2612 2619 2623 2646 2653 2654 2655 2657 2660 2667 2674 2686 2687 2693 2727 2746 2747 2790 2799 2819 2859 2871 2900 2918 2923 2932 2958 2973 2981 3005 3007 3009 3010 3020 3021 3024 3026 3028 3030 3059 3084 
2328 215 2585 2587 2593 2595 2597 2599 2604 2619 2620 2643 2652 2653 2654 2657 2660 2665 2667 2669 2685 2693 2707 2727 2746 2747 2754 2763 2768 2774 2781 2794 2805 2809 2814 2818 2821 2825 2834 2877 2932 2958 2973 2981 3005 3010 3014 3024 3026 3028 3034 
2332 36 2589 2591 2594 2625 2651 2653 2657 2708 2754 2912 3018 3020 
2340 4 2593 2809 
2342 5 2651 
2343 7 2589 2591 2643 2650 
2349 2 2625 
2272 31 2593 2619 2625 2643 2651 2654 2785 2877 3034 3089 
2357 12 2625 
2360 3 2653 3005 
2364 14 2660 2667 2819 2923 
2365 77 2593 2594 2599 2618 2646 2651 2657 2660 2665 2685 2727 2746 2754 2775 2801 2856 2859 2951 3005 3009 3020 3028 3030 
2366 7 2625 2643 2665 2736 
2367 8 2587 2593 2604 2625 2643 
2368 17 2594 2599 2760 3018 3021 
2338 6 2654 
2369 189 2785 2787 2822 2909 3002 3106 
2371 124 2587 2593 2625 2646 2653 2654 2657 2662 2696 2697 2707 2724 2815 2830 2856 2877 2880 2900 2902 2918 2922 2926 2955 2963 2968 2972 2973 2977 2979 2993 2996 2999 3007 3026 3029 3033 3034 3056 3059 3068 3080 3104 
2375 49 2599 2612 2685 2828 2880 
2376 26 2594 2620 3005 3024 
2381 71 2625 2643 2651 2790 3007 3034 3089 
2379 45 2859 2900 2923 2932 2958 2981 3005 3099 
2384 72 2625 2760 2822 2871 2909 3007 3028 
2387 66 2775 2822 2909 3014 3089 
2398 62 2585 2597 2619 2625 2638 2651 2655 2660 2686 2746 2790 2871 3024 3026 3084 
2410 34 2794 2825 3027 
2306 4 2643 
2411 141 2585 2595 2653 2654 2657 2660 2667 2674 2686 2687 2708 2713 2724 2727 2746 2777 2790 2794 2797 2799 2809 2859 2900 2955 2958 2974 3005 3014 3024 3028 3029 3030 3034 3050 3084 3089 3104 
2413 2 2747 
2414 6 2625 2643 
2416 37 2647 2708 2721 2763 2781 2902 2926 2946 2966 2968 2993 3029 3068 3080 3099 
2417 7 2643 2721 2991 
2113 7 2625 2685 2880 
2427 11 2629 2880 
2435 35 2587 2594 2618 2625 2654 2657 2754 2770 2781 2794 2801 2809 2900 3030 3034 3089 
2434 2 2963 
2440 50 2654 3007 3026 3034 3084 
2475 2 3026 
2472 75 2593 2599 2618 2662 2685 2697 2707 2713 2754 2763 2768 2770 2805 2809 2814 2815 2828 2830 2834 2877 2922 2946 2955 2963 2999 3089 3099 
2473 103 2593 2599 2625 2662 2669 2685 2697 2707 2713 2721 2724 2751 2754 2763 2768 2794 2805 2809 2814 2815 2818 2821 2825 2828 2830 2834 2856 2900 2902 2918 2922 2926 2955 2963 2968 2979 2993 2999 3029 3033 3050 3056 3068 3099 
2476 35 2593 2617 2707 2724 2815 2830 2856 2900 2918 2968 2999 3029 3033 3034 3056 3068 3099 
2478 6 2650 
2485 324 2585 2593 2594 2595 2597 2605 2619 2625 2646 2647 2653 2654 2655 2657 2660 2667 2674 2686 2696 2700 2713 2727 2746 2747 2819 2830 2831 2856 2871 2877 2900 2902 2909 2918 2923 2928 2940 2955 2958 2966 2972 2993 3005 3007 3009 3010 3014 3018 3020 3024 3026 3027 3028 3029 3034 3056 3059 3073 3089 3103 
2488 21 2625 2912 3018 
2497 38 2593 2594 2625 2657 2662 2685 2693 2720 3010 3050 3089 3104 
2500 3 2591 2629 
2502 30 2655 2660 2770 2918 3002 3018 
2503 2 2607 
2504 100 2585 2605 2619 2655 2660 2775 2794 2830 2940 3002 3009 3020 3034 3050 3068 3084 3092 
2506 46 2657 2658 2727 2774 2859 2871 2932 3014 
2507 69 2593 2594 2617 2625 2651 2693 2713 2724 2794 2805 2828 2834 2844 2856 2912 2928 2955 2963 2973 3005 3015 3021 3033 3034 
2508 13 2625 2669 
2509 11 2619 2625 2638 2685 2720 2770 2801 
2510 68 2587 2593 2594 2617 2625 2651 2654 2660 2674 2693 2700 2707 2727 2754 2794 2801 2805 2828 2834 2999 3005 3030 3034 
2511 8 3084 
2517 5 2996 
2516 44 2587 2605 2657 2912 3026 
2518 4 3024 
2523 5 2999 
2527 2 2625 
2535 47 2775 2790 2805 2981 3103 
2541 37 2617 2625 2651 2708 2724 2799 2818 2821 2926 2963 2991 3029 3050 3068 3082 3089 3099 
2542 93 2597 2599 2623 2660 2693 2707 2746 2768 2787 2805 2819 2828 2834 2859 2871 2968 3018 3021 3028 
2545 7 3026 
2546 34 2638 2654 2660 2665 2674 2693 2794 2801 2828 2900 3034 
2547 105 2625 2646 2653 2654 2660 2662 2667 2674 2687 2724 2768 2777 2790 2794 2797 2799 2819 2900 2912 2914 2946 2972 2991 2993 2996 3014 3034 3050 3056 3068 3089 3099 
2548 12 2585 2646 2657 2794 2923 3005 
2549 70 2585 2593 2727 2746 2877 2923 2932 2955 2958 2963 3002 3005 3007 3024 3029 3033 
2550 26 2589 2591 2697 2794 2797 2834 2902 2918 
899 24 2618 2754 2768 2777 2794 2801 2805 2809 2814 2818 2821 2828 2834 
2555 12 2794 2801 2809 2828 
2566 32 2595 2654 2660 2674 2900 2972 
2557 77 2599 2618 2707 2763 2768 2770 2777 2781 2785 2794 2797 2801 2805 2809 2814 2815 2828 2834 2871 2877 2880 2918 2922 2955 2963 2966 2972 2977 2979 2996 2999 3014 
2469 3 2794 
2558 2 3020 
2559 82 2617 2625 2651 2654 2662 2674 2721 2785 2794 2805 2809 2828 2856 2859 2951 2958 2968 3029 3034 
2560 180 2593 2595 2597 2617 2619 2646 2653 2654 2655 2686 2708 2727 2794 2799 2809 2859 2912 2917 2918 2923 2926 2951 2963 2968 2972 2979 2993 2996 2999 3009 3024 3034 3050 3056 3073 3084 3089 3099 
2561 2 2809 
2563 2 2777 
2564 50 2657 2660 2693 2940 2981 3027 
2565 893 2585 2592 2593 2594 2595 2597 2599 2605 2612 2617 2623 2625 2646 2647 2651 2652 2653 2654 2655 2657 2658 2660 2662 2667 2674 2686 2687 2689 2693 2696 2697 2700 2707 2708 2713 2721 2724 2727 2746 2747 2754 2763 2764 2768 2770 2775 2777 2785 2787 2790 2794 2799 2805 2809 2811 2814 2815 2819 2822 2825 2828 2830 2831 2834 2838 2844 2851 2856 2859 2871 2877 2880 2900 2902 2909 2912 2917 2918 2922 2923 2926 2932 2940 2946 2951 2955 2958 2963 2966 2968 2972 2973 2974 2977 2979 2981 2991 2993 2999 3000 3002 3005 3007 3009 3010 3018 3020 3021 3024 3026 3027 3028 3029 3030 3033 3034 3050 3056 3059 3068 3073 3084 3089 3092 3099 3103 3106 
2572 7 2587 2607 2629 
2574 2 2625 
2576 146 2592 2594 2620 2625 2646 2651 2654 2660 2662 2674 2687 2689 2693 2697 2700 2713 2724 2760 2765 2768 2805 2809 2814 2822 2825 2828 2871 2877 2880 2912 2918 2926 2973 3005 3021 3033 3084 3089 3092 3099 3106 
2578 12 2587 2617 2625 
2587 12 2617 2625 2775 
2581 1 2587 
2582 1 2587 
2583 2 2587 2625 
2584 1 2587 
2585 60 2587 2594 2625 2651 2653 2746 2790 2958 3005 3024 3028 3030 3089 
2586 2 2587 2643 
2592 13 2928 
2593 32 2625 2654 2693 2727 2751 2801 2805 2809 2844 2902 2958 2990 3026 3082 
2594 45 2585 2619 2625 2665 2700 2746 2751 2797 2831 2958 3005 3030 3082 3089 3104 
2595 49 2585 2625 2657 2665 2746 2794 3034 3089 
2596 13 2593 2625 2643 2790 2805 3073 
2598 7 2593 2625 2643 
2474 142 2593 2594 2599 2617 2618 2619 2625 2638 2646 2650 2651 2654 2662 2665 2669 2670 2685 2697 2707 2721 2736 2763 2774 2794 2805 2809 2811 2814 2815 2825 2828 2830 2834 2856 2877 2902 2912 2922 2928 2951 2955 2963 2968 2993 3007 3024 3029 3033 3034 3068 
2599 9 2665 3009 
2603 1 2604 
2605 64 2594 2620 2625 2707 2871 2922 2963 2996 3029 3033 3104 
2606 1 2625 
2607 1 2625 
2608 14 2625 2814 2828 2979 
2609 7 2620 2625 2720 2805 3002 
2610 1 2625 
2611 7 2617 2625 
2612 29 2593 2594 2625 2877 2900 2912 2922 
2613 25 2625 2674 2686 2727 2790 2811 2900 3059 
2614 5 2625 
2615 2 2625 
2616 1 2625 
2617 22 2625 2667 2697 2775 2794 2814 3029 
2618 53 2585 2594 2625 2646 2651 2653 2657 2660 2665 2669 2713 2746 2747 2751 2790 2958 2973 3030 
2623 108 2585 2597 2620 2625 2652 2653 2667 2746 2799 2838 2900 2918 2926 2996 3024 
2619 46 2585 2625 2657 2665 2697 2963 2972 3028 3084 3103 
2620 24 2594 2618 2625 2665 
2626 3 2763 
2630 2 2593 2968 
2631 1 2593 
2632 1 2593 
2633 1 2643 
1863 1 2643 
2634 1 2643 
2635 1 2643 
2636 1 2643 
2637 1 2643 
2639 1 2643 
2640 1 2643 
2638 1 2643 
2641 1 2643 
2642 1 2643 
2644 1 2645 
2646 39 2593 2617 2620 2625 2665 2720 2721 2830 2877 2963 2968 2972 2979 2993 3029 3056 3099 
2647 18 2797 2814 2902 
2649 1 2650 
2651 269 2585 2594 2597 2612 2619 2623 2625 2652 2653 2657 2660 2662 2665 2667 2686 2693 2707 2713 2727 2746 2747 2760 2811 2814 2819 2838 2871 2900 2918 2958 2973 2981 3005 3007 3009 3010 3020 3021 3024 3026 3028 3029 3030 3059 3084 
2653 113 2585 2594 2619 2625 2652 2654 2657 2660 2674 2686 2693 2696 2727 2747 2871 2909 2918 2958 3005 3007 3009 3024 3026 3028 3059 3084 
2655 49 2652 2660 2775 2981 3023 3089 
2656 1 2652 
2657 44 2625 2652 2654 2693 2727 2747 2790 3005 3018 3084 
2658 307 2592 2652 2653 2654 2657 2674 2686 2687 2689 2693 2696 2727 2747 2760 2799 2900 2923 2940 2973 3000 3002 3005 3010 3014 3092 3106 
2659 12 2652 2655 2674 2687 2859 3005 
2665 6 2973 
2661 1 2665 
2662 2 2665 
2663 2 2665 
2664 1 2665 
2668 1 2669 
2672 13 2685 2720 
2674 103 2597 2619 2623 2625 2651 2654 2660 2686 2693 2697 2700 2708 2713 2775 2785 2819 2830 2851 2912 2918 2973 3007 3024 3026 3029 3034 3056 3068 3099 
2676 7 2618 
2682 1 2685 
2683 13 2651 2685 2700 2828 
2684 1 2685 
2708 9 2651 3002 3030 
2699 74 2653 2655 2657 2660 2662 2667 2708 2713 2727 2871 2900 2973 3009 3018 3024 3026 3059 3084 3106 
2700 168 2585 2594 2595 2597 2612 2619 2623 2625 2653 2654 2655 2657 2660 2667 2674 2686 2693 2708 2713 2727 2746 2747 2799 2819 2859 2912 2923 2932 2958 2973 2974 2981 3005 3007 3009 3010 3018 3020 3021 3024 3026 3028 3030 3059 3084 
2701 19 2594 2651 2654 2708 3030 
2686 156 2585 2594 2619 2620 2623 2625 2651 2653 2654 2657 2660 2662 2667 2697 2700 2708 2713 2724 2754 2790 2799 2819 2851 2856 2900 2912 2918 2951 3007 3009 3018 3020 3021 3028 3030 3089 
2687 13 2651 2657 2662 2708 2754 
2702 80 2592 2651 2708 2775 2830 2856 2880 2900 2928 2977 2979 2991 3018 3089 3099 
2703 61 2594 2623 2625 2651 2660 2700 2708 2713 2754 2819 2912 2951 3020 3021 3030 
2688 618 2585 2592 2593 2594 2595 2597 2605 2612 2617 2619 2620 2623 2625 2646 2651 2653 2654 2655 2657 2660 2662 2667 2674 2686 2687 2693 2696 2697 2700 2708 2713 2724 2727 2746 2747 2754 2760 2764 2765 2774 2775 2785 2787 2790 2799 2819 2822 2830 2831 2856 2859 2871 2900 2909 2912 2918 2923 2925 2932 2951 2958 2973 2974 2981 3002 3005 3007 3009 3010 3014 3015 3020 3021 3024 3026 3027 3028 3030 3033 3034 3050 3059 3080 3084 3089 3092 3099 3103 3104 
2704 75 2585 2625 2654 2662 2693 2697 2708 2724 2838 2856 2900 2918 2926 2951 2991 2993 3033 3034 3056 3099 3104 
2660 164 2592 2593 2594 2597 2605 2625 2651 2653 2654 2657 2686 2693 2697 2708 2713 2747 2754 2787 2819 2830 2831 2856 2871 2900 2912 2918 2951 3005 3010 3014 3018 3020 3027 3030 3089 
2689 38 2657 2700 2708 2958 3010 3024 3089 
2667 126 2651 2708 2764 2765 2774 2831 2914 2925 3015 3089 3092 3106 
2690 26 2593 2625 2651 2654 2662 2708 2713 
2691 44 2625 2658 2660 2700 2708 2727 2859 2871 2912 2958 3014 3092 3103 3106 
2692 19 2625 2651 2700 2708 2713 2951 3030 
2693 149 2585 2594 2597 2625 2651 2653 2654 2657 2667 2708 2747 2774 2787 2819 2822 2831 2932 2958 2973 3002 3005 3007 3009 3010 3014 3018 3021 3030 3092 3106 
2705 1 2708 
2706 18 2597 2700 2708 2973 3007 
2694 18 2592 2651 2708 2790 
2695 7 2651 2653 2667 2708 
2696 64 2625 2651 2653 2708 2713 2790 2909 2912 3020 3021 3026 3059 
2697 45 2585 2619 2625 2654 2657 2708 2775 2790 2900 2996 3005 3024 3026 3030 3084 
2698 15 2651 2660 2700 2708 2799 3009 3020 3030 
2711 13 2660 3089 
2719 21 2594 2653 2720 2958 
2721 2 2963 
2724 10 2973 2974 
2727 33 2585 2593 2653 2958 3007 3014 3028 
2737 16 2651 3089 3106 
2740 28 2618 2693 2754 2768 2785 2805 2809 2814 2828 2834 2922 2973 
2741 1 2736 
2744 39 2618 2781 2785 2787 2918 
2747 79 2585 2618 2625 2651 2654 2657 2674 2687 2693 2746 2900 2923 2973 2974 3005 3007 3010 3024 3026 
2746 25 2585 2594 2595 2618 2651 2781 2814 2825 2844 2923 2958 
2752 7 2754 
2753 1 2754 
2757 5 2654 2770 
2759 1 2763 
2760 23 2763 
2761 1 2763 
2762 3 2654 2763 
2765 29 2612 2764 2819 2859 
2768 40 2599 2646 2707 2721 2799 2805 2809 2815 2834 2877 2902 2918 2922 2926 2928 2946 2963 2968 2972 2979 2990 2999 
2771 1 2770 
2769 1 2770 
2774 46 2660 2775 2801 3084 3089 
2775 35 2660 2777 2871 3034 3089 
2776 1 2777 
2778 22 2781 2787 2801 2821 2877 2880 2946 2972 
2779 1 2781 
2780 3 2781 2972 
2782 1 2785 
2783 1 2785 
2784 1 2785 
2786 1 2787 
2788 4 2801 
2789 3 2794 
2790 173 2585 2593 2594 2625 2646 2651 2654 2657 2660 2662 2687 2693 2697 2700 2713 2747 2794 2838 2856 2900 2912 2918 2951 2973 3005 3009 3021 3024 3028 3030 3036 3059 3084 3089 
2791 15 2794 2877 2955 2963 
2792 18 2599 2625 2651 2794 2834 2880 2922 3007 
2793 6 2794 
2796 8 2797 2946 2955 3056 
2802 9 2805 
2803 1 2805 
2804 16 2597 2653 2667 2674 2747 2799 2805 
2807 5 2617 2625 2809 
2808 2 2809 
2813 1 2814 
2544 11 2790 2814 3014 
2815 11 2619 2625 2693 2996 3029 
2818 1 2821 
2817 2 2818 2821 
2819 18 2619 2660 2821 2825 3018 
2822 43 2625 2654 2707 2834 2856 2880 2900 2902 2923 2968 2991 3029 3033 3050 3056 3059 3068 
2823 1 2825 
2654 104 2585 2625 2653 2657 2662 2667 2674 2686 2693 2697 2713 2724 2746 2819 2825 2856 2859 2900 2902 2958 2996 3005 3007 3010 3026 3056 3089 3109 
2824 1 2825 
2799 8 2686 2923 
2830 6 2877 
2831 39 2594 2619 2620 2625 2674 2834 2912 2972 3103 
2832 50 2811 2834 2932 2979 3029 3099 
2833 7 2834 2880 
2838 21 2585 2593 2619 2657 2660 2727 2746 2923 2958 2999 
2840 14 2599 2646 2877 2922 2972 2993 
2844 2 2880 2902 
2845 3 2955 
2851 44 2774 2856 2871 2955 3015 
2852 2 2775 
2855 16 2764 2774 2856 
2856 5 2662 3089 
2858 3 2963 
2859 139 2585 2619 2746 2775 2790 2871 2900 2958 2981 3007 3024 3028 3034 3073 
2860 5 2623 3018 
2866 6 2877 
2867 3 3027 
2862 4 2880 2926 
2863 5 2877 2880 2902 
2871 282 2585 2592 2595 2612 2617 2619 2625 2651 2653 2655 2657 2662 2689 2696 2697 2700 2707 2713 2724 2746 2775 2790 2815 2819 2880 2900 2902 2912 2932 2951 2955 2958 2963 2966 2972 2977 2979 2981 2993 2996 2999 3005 3007 3010 3014 3020 3024 3026 3028 3029 3030 3033 3034 3050 3056 3073 3080 3084 3089 3092 3106 
2865 2 2599 
2872 87 2619 2625 2651 2653 2697 2721 2727 2746 2790 2838 2877 2918 2979 2981 3005 3007 3024 3028 3084 
2875 6 2625 2877 
2876 1 2877 
2880 2 2686 
2879 1 2880 
2881 1 2880 
2882 1 2880 
2883 28 2662 2822 2880 2968 3021 3103 
2884 1 2880 
2885 5 2880 2972 2977 
2889 14 3027 
2901 4 2625 3068 
2900 29 2593 2594 2625 2651 2654 2657 2790 2815 2922 3089 
2903 8 2625 
2904 18 2593 2999 3104 
2906 6 2654 2910 3059 3084 
2907 6 2910 
2908 12 2623 2910 3018 
2909 57 2625 2651 2654 2657 2697 2910 3033 
2912 33 2593 2625 2654 2724 2900 3020 3021 3033 3034 3099 3104 
2913 11 2918 2922 3005 
2918 3 2922 
2921 1 2918 
2923 35 2585 2653 2657 2746 2972 2979 2990 3020 3026 3028 
2924 2 2928 
2925 19 2625 2646 2651 2877 2926 2946 2955 2956 2972 2977 2979 
2928 1 2877 
2929 1 2877 
2930 1 2877 
2932 62 2594 2651 2667 2877 2955 2958 3028 3059 
2931 2 2877 
2933 6 2724 2877 2946 3068 
2935 36 2646 2811 2871 3002 
2914 4 2963 
2939 7 2657 2707 
2940 123 2593 2594 2619 2623 2625 2653 2657 2660 2667 2693 2700 2727 2851 2912 2932 2958 2973 2974 2977 3005 3009 3026 3028 3056 
2941 11 2693 2747 
2936 8 2815 2946 2999 
2944 1 2946 
2945 1 2946 
2947 10 2660 2968 3029 
2948 26 2593 2654 2697 2830 2856 2900 3033 3089 
2950 13 2707 2815 2963 2966 2972 2977 2993 2999 
2951 19 2625 2660 2760 2790 3014 
2952 1 2955 
2953 10 2654 2871 2955 
2954 1 2955 
2958 47 2585 2594 2625 2646 2727 2746 2790 2830 2856 3005 3084 3089 
2960 1 2963 
2961 1 2963 
2962 1 2963 
2964 70 2595 2651 2653 2654 2655 2662 2746 2859 2932 2951 2958 2966 2981 3021 3033 3034 
2965 2 2966 2993 
2967 238 2595 2597 2612 2646 2653 2654 2655 2657 2660 2674 2693 2696 2697 2707 2760 2775 2787 2790 2859 2871 2900 2912 2918 2932 2958 2966 2968 2981 3002 3005 3007 3009 3010 3014 3026 3029 3034 3059 3073 
2968 55 2605 2653 2658 2697 2785 2966 3026 3089 
2972 357 2592 2605 2612 2619 2646 2653 2689 2696 2746 2760 2787 2811 2822 2831 2859 2871 2909 2914 2932 2958 2973 2981 3002 3027 3028 3089 3092 3103 
2971 1 2972 
2969 3 2655 2972 3028 
2970 1 2972 
2974 15 2775 2977 2981 3099 
2978 6 2830 2977 
2983 28 3014 
2987 9 2830 3089 
2988 55 2592 2653 2654 2657 2696 2819 3026 3059 
2989 10 3026 3059 
2993 1 2991 
2991 7 2958 2993 
2992 1 2993 
2994 3 2707 2993 
2995 10 2617 2993 3029 3056 
2998 3 2830 
2999 7 2625 2822 
3007 15 2653 
3000 43 2660 2662 2724 2819 2856 3021 
3001 7 2654 
3009 51 2585 2653 2660 2667 2693 2765 2774 3103 
3005 28 2585 2594 2625 2654 2700 3024 3030 
3006 31 2594 2617 2654 2662 2707 2721 2856 2968 2991 2999 3020 3021 3029 3030 3050 3068 
3010 123 2597 2653 2654 2657 2660 2667 2674 2693 2697 2707 2721 2727 2747 2799 2815 2973 2974 2999 3005 3007 3009 3024 3026 3028 3030 3033 3059 3084 3089 3103 
3011 1 2815 
3012 1 2999 
3013 1 2999 
2707 103 2593 2594 2617 2619 2625 2646 2653 2662 2787 2856 2912 2958 2981 3002 3015 3020 3024 3033 3034 3073 
3015 44 2707 3020 
3016 2 2657 2707 
3017 3 2707 
3018 19 2623 2653 2707 2973 3034 3084 3099 
3019 1 2707 
3020 52 2593 2594 2623 2625 2651 2697 2700 2707 2713 2830 2856 2900 2912 2951 3021 3030 3089 3099 
3021 7 2707 
3022 1 2707 
3024 52 2585 2594 2625 2651 2653 2660 2667 2746 2747 2900 2923 2958 2973 3005 3029 3109 
3025 4 2721 
3026 175 2592 2595 2625 2651 2653 2654 2660 2667 2674 2686 2693 2696 2697 2700 2721 2747 2760 2775 2819 2859 2871 2932 2958 2973 3007 3014 3024 3027 3028 3029 3033 3050 3059 3073 3084 3092 3103 3106 
3029 2 3027 
3027 39 2774 2831 3029 3089 
3028 189 2585 2619 2623 2625 2651 2653 2654 2657 2660 2674 2686 2687 2693 2799 2859 2871 2923 2958 2974 3007 3009 3026 3029 3084 3089 
3031 50 2594 2625 2651 2653 2654 2657 2660 2662 2693 2697 2900 2912 2918 3005 3018 
3032 216 2585 2592 2594 2651 2657 2662 2674 2687 2713 2724 2747 2754 2775 2790 2811 2859 2900 2912 2923 3005 3020 3026 3027 3089 3106 
3033 45 2593 2653 2654 2657 2674 2693 2697 2819 2830 2856 2859 2912 2958 3024 3026 3059 3089 
3034 38 2625 2871 2912 3005 3014 3089 3092 3106 
3035 13 2912 
2713 200 2585 2594 2595 2597 2612 2619 2623 2625 2646 2651 2653 2654 2655 2657 2660 2667 2674 2693 2746 2747 2754 2799 2819 2859 2912 2918 2932 2958 2973 2974 2981 3005 3007 3009 3021 3024 3026 3028 3030 3059 3084 
3037 7 2651 2991 3021 3089 
3039 14 2585 2594 2625 2651 2660 2958 3005 
3040 7 3021 
3041 14 2594 2697 3030 
3044 6 2900 
3048 1 3050 
3049 6 2593 2617 3033 3034 3050 3099 
3046 10 2724 2923 3018 3050 
3056 44 2593 2594 2623 2625 2653 2657 2667 2687 2819 2973 3002 3009 3033 3034 3099 3104 
3051 1 3056 
3052 1 3056 
3053 9 2651 2653 3056 
3054 1 3056 
3055 52 2585 2619 2651 2653 2654 2667 2674 2693 2746 2799 2900 3005 3009 3010 3024 3026 3028 3034 3056 3059 
3057 48 2653 2747 2790 2822 3007 3024 3106 
3059 32 2593 2625 2651 2653 2696 2697 3026 3033 
3047 12 2991 3033 3034 3068 3099 
3060 4 3033 
2356 57 2585 2594 2595 2654 2655 2657 2662 2693 2727 2746 2923 2932 2958 2973 3005 3007 3024 3026 3028 3033 3084 
3061 2 3033 
3062 42 2593 2651 2654 2662 2697 2713 2724 2830 2856 2900 2951 3033 3089 
2976 7 2617 2974 
3070 2 2991 
3072 25 2597 2623 2625 2654 2662 2697 2724 2727 2856 
3073 34 2594 2625 2651 2657 2660 2819 2981 3002 3021 3034 
3077 4 3034 3099 
3063 3 3082 
3081 20 2593 2594 2625 2724 2958 3082 
3083 2 2593 3034 
3084 62 2585 2593 2657 2727 2746 2790 3005 3026 3059 3089 
3085 1 3034 
3086 8 2775 3034 3099 
3087 8 2696 2697 3034 3089 
3088 37 2923 3005 3007 3034 3089 
3089 4 2625 3034 
3090 12 2727 2871 3034 
3091 1 3034 
3092 81 2625 2654 2689 2697 2700 2713 2765 2831 3027 3034 
3093 1 3099 
3094 5 3089 3099 
3097 1 3099 
3098 37 2625 2651 2654 2662 2697 2700 2713 2724 2856 2900 2951 3020 3089 3099 
3095 37 2625 2713 2724 2830 2900 2951 3018 3099 
3096 3 2697 3099 
3102 1 3104 
3103 5 2822 3104 
3107 10 2653 2932 
2842 124 2594 2597 2619 2623 2625 2646 2651 2653 2654 2660 2667 2674 2687 2693 2700 2746 2747 2799 2819 2830 2859 2923 2951 2958 2973 3005 3009 3010 3020 3024 3028 
3108 8 2654 2697 
3110 21 2594 3028 3103 
2003 63 2623 2625 2651 2657 2727 2775 2923 2973 3007 3018 3026 3084 3092 
3118 2 2830 
3119 3 2625 2830 
3120 8 2594 2687 2830 
3123 3 3020 
3124 2 2625 
3125 16 2594 2625 2651 2657 2687 2747 3005 
3127 15 2585 2625 2657 2674 2693 3028 
3129 2 2625 
3143 1 2900 
3142 49 2592 2654 2658 2900 3005 
3144 88 2594 2619 2625 2654 2657 2660 2686 2693 2700 2713 2819 2856 2871 2900 2923 2973 2974 3014 3018 3021 3026 3028 3059 3106 
3145 18 3034 3089 
3146 1 2697 
3147 6 2585 2697 
3148 26 2654 2667 2674 2697 2819 
3150 10 2651 2654 2774 
3151 1 2724 
3152 1 2724 
3159 9 2625 2654 
3162 3 2654 2662 
3168 79 2625 2646 2653 2654 2655 2760 2859 2958 3007 3020 
3171 1 2657 
3172 13 2775 3007 3028 
3173 7 2974 
3175 41 2595 2619 2653 2657 2696 2727 3024 3026 3059 
3180 24 2654 2660 2746 2856 2958 
3181 3 2654 
3190 10 2654 3084 
3182 1 2654 
3183 2 2651 2654 
3184 1 2654 
3185 2 2654 
3186 1 2654 
3187 1 2654 
3188 20 2654 2687 3028 
3189 10 2654 
3192 56 2585 2594 2653 2655 2660 2687 2693 2696 2831 2871 3024 3026 3059 3092 
3191 68 2822 2831 2856 3002 3027 3103 
3196 22 2585 2651 2657 2700 2727 2856 2923 3059 
3197 4 2856 
3198 1 2856 
3199 13 2612 2856 3028 
3200 8 2856 
3202 8 2597 2651 2662 2700 
3203 1 2662 
3204 1 2662 
3209 41 2625 2657 2660 2689 2700 3005 
3225 13 2625 3020 
3227 19 2651 2790 2819 3089 
3238 28 2774 3084 
3250 3 2625 2700 
3252 37 2585 2594 2595 2625 2653 2655 2674 2693 2700 2727 3009 3024 3028 3059 
3255 3 2625 
3256 19 2594 2746 2790 3020 3021 
3258 95 2625 2654 2657 2660 2674 2686 2727 2775 2871 2900 2923 3005 3015 3030 3034 
3260 8 2594 2625 2651 3030 
3262 9 2651 2660 3034 
3267 1 2951 
3268 2 2625 2651 
212 1 2625 
3269 3 2625 
3270 2 2625 
3271 2 2625 
2624 1 2625 
3272 2 2625 3030 
3280 3 2594 2625 
3281 1 2625 
3273 1 2625 
3274 69 2620 2625 2790 2811 2851 3015 3084 
3275 14 2594 2625 2657 
3276 79 2595 2612 2623 2625 2653 2655 2667 2727 2746 2923 2958 3007 3014 3021 3024 3026 3028 3034 
3277 1 2625 
3278 2 2625 
3279 2 2625 
3284 20 2623 3024 3089 
3288 1 3020 
3291 58 2595 2619 2623 2660 2687 2727 2819 2900 2923 2958 2973 3014 3059 3089 
3297 51 2655 2958 3007 3021 
3300 5 2594 3021 
3301 15 2657 2674 3026 3059 
3304 31 2623 2657 2693 2790 3005 3010 3018 
3305 5 3018 
3310 18 2658 
3312 1 2651 
3313 5 2651 
3282 5 2651 2747 2790 2923 
3314 1 2651 
3315 13 2585 2651 2859 2958 
3290 36 2585 2594 2595 2597 2651 2746 2747 2831 
3318 1 2651 
3316 3 2651 
3317 15 2619 2651 2746 3024 
3321 18 3084 
3325 6 2653 2667 
3326 18 2653 2871 2958 3014 3021 3030 
3335 1 3030 
3331 1 3030 
3332 1 3030 
3333 15 2657 2660 2674 3030 
3334 13 2646 3030 
3339 1 2594 
3340 4 2594 
3341 1 2594 
3342 1 2594 
3343 13 2585 2594 2974 3005 3028 
3344 1 2594 
3345 35 2623 2660 2819 3021 
3346 5 2657 3021 
3349 9 2597 2667 
3350 55 2585 2619 2831 2871 3002 3027 3028 3034 3103 
3352 273 2592 2595 2619 2646 2653 2654 2655 2657 2660 2667 2674 2687 2689 2693 2696 2727 2746 2747 2760 2775 2785 2787 2790 2819 2822 2859 2871 2900 2909 2932 2958 2973 2981 3005 3007 3009 3014 3024 3026 3027 3028 3059 3084 3089 3092 3103 3106 
3366 63 2657 2775 3014 3027 
3373 12 2746 2981 
3375 43 2585 2653 2657 2727 2746 2859 2923 2958 3005 3026 
3377 4 2654 
3378 41 2657 
3379 19 2597 2653 2660 2667 3009 
3380 42 2585 2654 2657 2660 2727 2790 3005 
3381 180 2623 2774 2785 2819 2851 2940 3000 
3383 2 2653 
3388 15 2646 2657 2871 
3391 4 2660 
3392 33 2585 2619 2657 2822 3024 3084 
3394 156 2585 2646 2653 2654 2657 2660 2687 2693 2727 2746 2747 2775 2790 2799 2900 2923 2932 2958 2974 3005 3010 3014 3027 3084 3103 
3395 1 3018 
3396 2 3018 
3397 3 2654 3018 
3398 1 3018 
3399 3 3018 
3400 1 3018 
3401 1 3018 
3403 3 3018 
3402 122 2595 2623 2646 2653 2654 2689 2760 2775 2799 2819 2822 2831 3002 3014 3018 3027 3034 3092 3103 3106 
3036 7 2653 2660 2819 3009 
3404 89 2585 2623 2654 2657 2667 2693 2727 2747 2819 2822 2909 2973 3010 3027 3059 3089 3103 
3390 60 2605 2696 2822 3073 
3422 3 2660 
3417 30 2597 2653 2657 2822 2909 2932 
3433 9 2775 2811 
3443 20 2693 2799 3026 
3445 21 2775 
3439 88 2585 2597 2619 2620 2653 2655 2657 2667 2674 2693 2747 2819 2871 2932 3009 3026 3084 
3447 271 2592 2605 2658 2774 2775 2822 2831 2871 3014 3015 3027 3034 3089 3092 3103 
3449 314 2592 2605 2646 2689 2696 2760 2764 2765 2774 2775 2787 2790 2811 2822 2831 2851 2871 2909 2917 2925 3002 3014 3015 3027 3034 3073 3089 3092 3103 3106 
3450 27 2760 2871 3014 3034 
3451 98 2612 2653 2811 2871 2932 2958 2981 3014 3073 
3452 131 2605 2696 2760 2765 2787 2790 2831 2871 3073 3092 3103 
3453 319 2592 2605 2646 2689 2696 2760 2765 2775 2785 2790 2811 2822 2831 2871 2909 3002 3014 3027 3034 3073 3089 3092 3103 3106 
3454 148 2595 2612 2619 2653 2657 2693 2760 2775 2790 2811 2859 2871 2917 2932 2958 2981 3028 3084 
3455 68 2696 2775 2787 2790 2871 3002 3034 3073 
3456 241 2592 2612 2658 2689 2696 2760 2775 2787 2811 2822 2831 2871 3014 3027 3034 3089 3092 3103 
3457 166 2612 2619 2654 2657 2686 2775 2787 2790 2799 2811 2822 2851 2871 2900 2923 3002 3027 3028 3073 3084 3092 3103 
3458 69 2654 2657 2686 2727 2871 2923 2958 3002 3005 3026 
3459 92 2765 2925 3015 3027 3089 3103 
3461 101 2760 2787 2811 2917 3034 3073 3089 
3462 54 2696 2760 2822 2871 3014 
3463 56 2592 2790 2811 2871 3014 3027 3034 3073 3106 
3469 23 2686 3028 3073 3084 
3470 21 2597 2623 2654 2667 2674 2693 2973 
3472 15 2775 2811 
3475 1 2790 
3479 102 2612 2619 2646 2653 2657 2667 2687 2932 2958 2981 3002 3005 3009 3027 3073 3084 3089 
3480 18 2654 2657 2660 2687 2727 2775 2973 3007 
3481 17 2653 2660 2686 2687 2799 3059 
3482 24 2597 2654 2667 2687 2973 2974 3010 3028 
3483 20 2654 2657 2674 2687 2831 3026 
3477 53 2585 2595 2597 2619 2623 2653 2654 2674 2687 2727 2746 2747 3005 3010 3024 
3478 42 2687 2693 2775 3089 
3488 16 2655 3084 
3496 10 2623 2660 2859 
2524 7 2693 
3498 114 2605 2775 2909 3014 3015 3089 
3504 1 2623 
3512 9 2653 2799 2981 
3513 4 2660 3009 
3518 6 2657 3005 
3519 48 2585 2595 2619 2657 2686 2693 2746 2831 2871 3007 3024 3026 3028 3084 3092 
3521 29 2790 2940 3005 
3522 71 2851 2958 
3523 28 2654 2657 2693 2727 2747 2973 3005 3010 3109 
3525 16 2657 2923 3005 3059 
3526 6 2654 
3527 64 2585 2619 2657 2686 2727 2785 3007 3010 3024 3026 3028 3059 3084 
3386 12 3005 3028 3089 
3530 3 2660 
3532 5 2727 2747 2974 
3535 5 2653 
3536 6 2660 2667 2799 
3539 2 2660 
3540 4 2595 2660 
3541 81 2585 2595 2646 2653 2655 2657 2660 2667 2686 2727 2746 2859 2900 2923 2958 3005 3007 3026 3028 3059 3084 
3542 5 2660 
3543 3 2657 2660 
3508 11 2660 2900 3026 
3544 7 2657 2660 2799 
3545 2 2660 
3553 8 2597 2653 2654 
3554 6 2958 3009 
3555 14 2667 2693 2746 2973 3009 3024 3026 
3556 14 2686 2727 
3557 10 2799 3028 3084 
3558 1 2799 
3560 16 2597 2653 2667 2923 
3561 4 2667 
3562 40 2585 2619 2657 2667 2674 2727 2746 2958 2973 3005 3024 
3563 3 2667 
3564 2 2667 
3565 1 2667 
3566 1 2667 
3567 18 2595 2619 2654 2657 2667 2981 
3568 147 2585 2612 2653 2657 2760 2822 2831 2859 2871 2900 2932 2958 2981 3010 3015 3103 
3569 42 2653 2654 2657 2693 2747 2900 3026 3059 
3576 4 3026 
3587 15 2674 
3583 4 2657 2747 
3586 156 2658 2774 2940 3084 
3589 5 2657 2923 
3528 13 2654 2923 2973 3024 
3591 13 2787 3014 
3593 26 2654 2822 2851 
3598 4 2654 
3600 12 2674 
3601 52 2657 2696 2774 3027 3089 
3597 13 2696 2747 3010 3026 3059 
3603 12 2917 3002 
3607 24 2851 
3610 4 2674 2747 
3611 22 2654 2657 2674 2693 2923 2973 3005 3059 
3614 205 2592 2605 2689 2727 2764 2765 2775 2787 2790 2822 2831 2859 2909 2923 2958 3002 3027 3034 3089 3103 3106 
3615 144 2592 2595 2619 2646 2653 2655 2657 2686 2746 2760 2859 2871 2932 2981 3007 3024 3026 3059 
3622 22 2585 2657 2727 2747 3024 3026 3028 3059 3084 
3624 64 2595 2619 2653 2655 2657 2746 2831 2871 2900 2909 2973 2981 3007 3024 3026 
3629 4 2727 3010 
3604 2 2923 
3630 32 2585 2612 2657 2746 2923 2958 3005 3024 
3631 91 2619 2653 2790 2859 3007 3026 3084 
3633 48 2585 2657 2746 2923 3028 
3634 82 2764 2831 3089 
3635 63 2595 2655 2746 2760 2932 2958 3007 
3636 11 2774 
3637 4 2592 
3639 12 2760 2871 3026 
3641 212 2653 2696 2746 2790 2822 2831 2851 2859 2900 2909 2917 2925 2958 3002 3014 3024 3026 3027 3059 3084 3089 3103 
3642 362 2605 2620 2658 2765 2774 2775 2914 2925 3084 3089 
3643 44 2605 2619 2790 3024 3089 
3645 40 2646 2653 2746 2859 2958 
3646 9 2657 2958 2981 
3647 13 2585 3007 3024 3028 
3653 2 2693 
3655 9 2693 3002 
3656 3 2693 
3657 1 2693 
3658 39 2585 2620 2693 2774 2909 2932 3005 3089 
3659 38 2585 2727 2859 2958 3026 3028 3059 3084 
3660 87 2619 2653 2654 2696 2900 2923 2958 3002 
3661 36 2619 2746 2923 3007 3024 3026 
3665 20 2658 3028 
3666 144 2655 2775 2831 2859 2871 2900 2932 2981 3024 3026 3089 3106 
3674 2 2747 
3675 1 2747 
3676 1 2747 
3677 2 2747 
3678 17 2686 2727 2923 3059 
3681 1 2654 
3682 75 2619 2653 2655 2657 2686 2859 2900 2981 3024 
3683 6 2654 
3684 1 2654 
3685 2 2654 
3686 3 2654 
3692 8 2654 
3687 1 2654 
3688 4 2654 
3689 2 2654 
3690 1 2654 
3691 95 2654 2658 2689 2822 3106 
3693 1 2654 
3694 1 2654 
3695 1 2654 
3696 1 2654 
3697 1 2654 
3698 1 2654 
3709 7 2585 3026 
3714 15 2653 2859 2958 3010 
3715 1 3010 
3717 1 3010 
3718 1 3005 
3719 14 2958 3005 
3724 93 2585 2595 2612 2646 2653 2746 2859 2900 2932 2958 2981 3026 3059 
3571 45 2653 2851 2871 2981 3059 
3725 4 2657 
3726 3 2655 3092 
3728 85 2774 2785 2909 2917 3034 3089 3106 
3729 11 2775 2790 
3731 15 2727 2974 
3744 2 3024 
3748 30 2653 2696 2790 2871 2958 3026 3059 
3749 4 2871 
3750 2 3007 
3751 11 2619 3028 
3752 15 2619 2871 
3754 6 2657 3026 3059 
3679 2 2657 
3757 1 2657 
3720 11 2657 
3758 1 2657 
3759 1 2657 
3760 1 2657 
3761 2 2657 
3762 8 2657 2900 2923 
3763 3 2657 
3764 10 2657 
3766 9 2790 3028 3034 
3770 22 2746 2851 
3775 12 2923 2958 3024 
3785 18 2958 2981 3026 
3786 99 2605 2746 2774 2958 3089 
2975 2 2974 
3791 1 2974 
3787 232 2612 2619 2653 2658 2696 2727 2774 2785 2790 2871 2909 2958 3007 3014 3034 3073 3084 3089 
3792 27 2727 3034 
3796 113 2592 2760 2775 2787 2811 2871 3002 3014 3034 3092 
3794 46 2592 2612 2696 3092 
3798 23 2859 3007 3028 
3799 6 2585 3007 3028 
3800 3 3028 
3802 8 3024 3084 
3806 45 2612 2775 2790 2871 3024 
3812 53 2595 2655 2746 2811 2822 2871 2909 2958 2981 3014 3024 3089 
3813 94 2605 2646 2653 2775 2831 
3814 47 2653 2746 2859 2958 2981 
3815 20 2595 2655 3024 
3827 2 2900 
3830 20 3014 
3821 2 3007 
3833 3 2923 
3841 1 2923 
3839 5 2923 3014 
3840 1 2923 
3842 15 2619 2923 3007 3024 
3850 2 2655 
3854 82 2619 2653 2696 2764 2871 3024 3026 3034 3059 3089 
3858 1 3059 
3862 2 3059 
3863 5 3026 3059 
3864 1 3059 
3865 2 3059 
3873 4 3084 
3648 9 3026 3084 
3876 3 3026 
3881 2 3026 
3902 43 2760 2790 3014 3034 
3912 17 2585 2746 2838 2932 
3916 42 2585 2871 2958 
3917 29 2585 2646 
3918 4 2585 
3919 15 2585 3024 
3920 6 2585 2785 2871 2981 
3925 7 2653 
3947 3 2746 2958 
3948 26 2619 2646 
3949 30 2595 2653 2655 2746 2859 2958 
3952 1 3024 
3953 1 3024 
3954 2 3024 
3955 3 3024 
3956 85 2760 2859 2900 2917 3024 3089 
3958 15 2619 
3959 2 2619 
3960 23 2619 2831 
3961 16 2595 2619 2655 2746 
3962 4 2859 
3965 89 2646 2653 2774 2790 3027 3073 
3969 90 2689 2774 2785 2790 2822 2940 3103 
3973 33 2859 2900 2932 
3976 145 2589 2775 2790 2871 3014 3034 3089 
3977 14 2790 
3982 20 2775 3089 
3985 32 2655 2775 2811 2958 
3997 1 2746 
3998 2 2746 
3999 2 2595 2746 
4000 4 2746 
4001 28 2746 
3898 2 2746 2859 
4005 1 2595 
4006 2 2655 
4007 15 2655 2859 2900 
4008 7 2655 3089 
4013 21 2909 
4020 6 2981 
4036 147 2605 2653 2696 2775 2787 2831 2859 2958 2981 3000 3027 3103 
4037 15 2958 
4040 104 2605 2765 2790 2871 3089 3106 
4039 9 2653 2981 
4041 68 3015 3089 3103 
4042 21 2653 2859 2932 2958 2981 
2981 44 2653 2658 
4044 89 2811 2871 2917 3014 3073 3089 
4045 257 2592 2689 2696 2765 2775 2785 2787 2811 2851 2871 2925 3002 3015 3034 3073 3089 3092 3106 
4046 89 2785 2787 2790 2871 3002 
4056 23 2787 2790 2871 3106 
4059 4 2775 
4063 27 2917 2925 
4077 77 2592 2653 2696 2811 2822 2831 3027 3034 3092 3103 
4065 131 2612 2620 2646 2653 2760 2775 2787 2859 2871 2932 2958 2981 3002 3015 
4070 111 2605 2646 2653 2775 2822 2859 2909 2917 2958 2981 3092 3103 3106 
4071 17 2822 
4072 29 2696 2760 2790 2859 
4073 115 2592 2653 2765 2775 2790 2811 2859 2871 3014 
4074 33 2653 2696 2760 2859 2871 2958 
4099 155 2592 2774 2775 2790 2925 3089 3092 
4111 16 2871 
4116 12 3002 
4119 6 2958 2981 
4120 3 2958 
4076 86 2696 2790 2859 2932 2958 
4123 25 2612 2790 2811 
4124 50 2612 2790 2811 2900 
4127 41 2871 3014 
4128 9 2932 2958 
4135 2 2958 
4136 26 2932 
4138 64 2612 2646 2764 2831 2859 2932 
4142 37 2612 2646 3034 
4144 76 2774 2775 2790 2859 2958 
4149 2 3089 
4150 16 2775 3073 
4151 84 2592 2696 2760 2775 2871 3027 3034 3073 
4152 43 2592 2646 2790 2871 3014 
4159 2 2653 
4155 5 2958 
3819 10 2859 2958 
4184 1 2859 
4185 1 2859 
4186 6 2859 
4187 9 2859 
3995 57 3015 3089 
4211 65 2646 2696 2790 2811 2940 
4212 53 2775 2785 2917 
4215 2 2612 
4219 112 2592 2696 2760 2790 2811 2822 2831 2871 3002 3014 3092 3106 
4222 41 2790 2871 
4224 17 2790 
4221 42 3014 
4249 1 2932 
4250 2 2932 
4251 1 2932 
4252 5 2811 2932 
4255 9 2917 
4275 5 2696 
4273 23 2612 3014 
4276 52 2592 2605 2822 2831 2909 3027 3089 3092 
4297 38 3089 
4315 29 2871 
4326 7 3089 
4329 12 3092 
4338 40 2775 3084 
4335 32 2785 3084 
4342 10 2592 2917 
4353 80 2822 2831 3015 3027 
4355 50 2822 2831 2902 3089 3092 
4358 1 2612 
4364 39 2774 3014 
4363 22 2871 3106 
4377 11 2871 2917 3034 
4379 5 2871 
4415 17 2696 2871 3073 
4416 11 3084 
4422 15 2646 
4426 5 2696 2871 
4427 1 2871 
4428 12 2871 
4429 12 2871 
4430 6 2871 3014 
4431 4 2871 
4432 8 2851 2871 
4433 24 2871 
4434 2 2871 
4435 3 2871 
4436 2 2871 
4437 70 2811 2851 2871 3014 3034 
4438 6 2871 
4439 1 2871 
4440 6 2871 3014 
4441 202 2592 2689 2775 2787 2790 2811 2822 2871 2909 3002 3092 3103 3106 
4442 18 2871 2909 3014 
4443 7 2871 
4444 1 2871 
4445 1 2871 
4446 2 2871 
4447 14 2871 3084 
4448 36 2822 2871 2909 3014 
4483 153 2592 2658 2689 2765 3089 
4488 50 2658 2689 3014 3084 
4489 15 2775 
4496 3 2775 
4511 15 2790 
4531 14 2760 2775 
4536 81 2790 2831 2917 3000 
4542 9 2914 
4547 45 2760 2775 3014 
4550 100 2764 2822 2831 3027 3089 3092 3103 
4563 11 3092 
4564 33 2790 2811 
4567 2 2790 
4574 40 2620 3084 
4582 5 3014 
4586 9 2790 
4587 27 2592 
4588 11 3014 
4592 6 2775 
4600 15 2760 2822 
4602 2 2760 
4601 1 2760 
4615 1 3014 
4616 7 3014 3089 
4617 1 3014 
4618 4 3014 3034 
4625 4 3103 
4626 5 2775 
4487 31 2775 2917 3089 
4632 228 2658 2689 2774 2909 2925 2940 3000 3084 3106 
4644 1 3034 
4653 114 2592 2605 2689 2822 2831 2909 3089 3106 
4661 19 2811 
4662 46 2917 3073 
4663 10 2917 
4647 11 2696 
4666 24 3089 
4673 96 2620 2774 2914 
4681 20 2696 2917 
4682 14 2790 2811 
4686 57 2689 2775 3089 
4688 59 2696 2775 2787 2811 3002 3073 
4709 25 3106 
4715 11 3103 
4717 62 2658 2831 3084 3089 
4718 46 2689 2785 2822 2909 3089 3103 
4721 2 2790 
4720 1 2790 
4712 121 2774 2831 2851 2909 3015 3089 
4725 36 2592 2787 2811 3002 
4726 15 3027 3106 
4746 18 3002 
4741 3 3002 
4750 3 2696 
4751 4 2775 
4748 38 2822 
4764 53 3000 3084 3089 
4781 27 3089 
4792 62 3084 
4813 46 2764 2831 
4818 28 2917 3002 3092 
4824 101 2605 2775 2831 2925 3089 
4829 78 2689 2785 2822 2909 3027 3089 3103 
4832 7 2775 
4843 24 3084 
4859 30 2689 2775 3092 
4846 34 2592 
4866 2 3073 
4874 3 2620 
4879 28 2940 
4891 7 2696 
4893 5 2696 
4894 79 2689 2696 2764 2822 2925 3015 
4899 169 2592 2689 2774 2822 2831 2909 2940 3002 3027 3084 3089 3092 3103 
4924 10 3015 
4937 17 2787 3002 
4943 31 2851 
4948 214 2592 2605 2658 2689 2764 2785 2787 2822 2831 2909 3002 3015 3027 3089 3092 3103 3106 
4950 1 2917 
4951 1 2917 
4964 60 3015 3089 
4966 25 2689 2764 
4967 361 2592 2605 2620 2689 2764 2765 2774 2775 2785 2822 2831 2909 2925 3002 3015 3027 3089 3092 3103 
4938 12 2822 
4970 8 2822 
4973 8 3002 
4974 44 2689 3002 3027 3089 
4976 23 3089 
2346 4 2764 
4980 16 2774 
4981 53 2658 2689 2787 2909 3084 
4982 43 2775 3092 3106 
4988 23 2592 
4992 4 3002 
4994 19 2589 3015 
5002 115 2851 2940 
5003 2 2775 
5006 28 2775 
5008 27 2775 2831 3089 
5009 14 2592 2822 3027 3106 
5012 14 2764 
5013 7 3027 
5016 10 2775 
5017 9 2775 
5018 1 2775 
5022 172 2620 2774 2914 3015 
5020 139 2620 2785 2822 2902 3027 3089 3103 3106 
5029 26 2785 2822 3027 3103 
5035 1 2787 
5036 4 2787 
5037 18 2787 3089 
5038 5 3002 
5039 7 3002 
5040 3 3002 3027 
5051 8 3084 
5053 52 2774 2940 
5068 10 2940 
5079 271 2605 2774 2831 2902 2909 3015 3084 3089 3103 
5099 14 2831 2925 
5106 33 2822 2851 3103 
5102 54 2765 2785 
5103 127 2774 2785 2851 
5110 84 2592 2785 2822 2909 3092 3103 
4828 168 2774 2822 2925 3089 
5117 2 3092 
5118 13 3027 3092 
5119 18 2592 2764 3092 
5121 9 3089 
5123 69 2774 2775 2909 3015 
5125 54 2774 
5050 11 3092 
5126 3 3092 
5135 1 3092 
5139 11 2765 
5140 51 2592 2620 2689 3106 
5142 4 2592 
5155 24 2689 2822 2909 3106 
5160 12 2620 
5166 48 3084 
5171 41 2764 3089 
5173 122 2775 
5175 35 2764 2831 
4795 73 2658 
5176 139 2605 2764 2765 2822 2831 3027 3089 3103 
5177 101 2620 2925 3084 3089 
5178 19 2925 
4310 278 2605 2620 2774 2775 2822 2831 2851 2909 2925 3000 3027 3084 3089 
5179 217 2605 2620 2764 2765 2774 2851 2925 3000 3084 
5180 49 2605 2765 2775 3089 
5181 41 2605 2764 2831 
5184 68 2605 2764 2822 2831 3027 3089 3103 
5185 152 2605 2774 3015 
5188 211 2605 2764 2775 2785 2831 
5189 312 2605 2620 2764 2774 2822 2831 2909 2914 2925 3015 3027 3084 3089 3103 
5190 80 2605 2764 2831 2909 3027 3103 
5191 10 2764 
5195 4 3106 
5196 32 2774 
5198 6 2689 
5199 22 2658 2940 
5203 15 3027 
5207 13 2592 2909 3089 
5233 24 2909 2940 3027 3103 3106 
5243 19 3027 3103 
5246 44 2620 2822 3089 
5250 14 2764 2785 3106 
5247 2 3106 
5248 2 3106 
5249 1 3106 
5254 33 2689 3089 
5255 8 2689 
5262 59 2914 3089 
5263 75 2605 2765 2775 2785 2831 3027 3089 
5282 4 3089 
5286 10 2822 
5295 22 2785 
5296 16 2822 3089 3103 
5301 61 2605 2620 2940 3089 
5313 12 3027 
5316 24 2831 3089 
5317 18 2775 
5320 11 2909 3027 
5321 32 2909 
5322 1 2909 
5334 7 2785 
5342 30 2658 
5344 3 3027 
5360 15 3027 
5365 1 2822 
5366 2 2822 
5367 1 2822 
5376 1 2785 
5377 1 2785 
5378 17 2785 
5382 19 2764 3027 3103 
5386 3 3027 
5391 37 3027 3084 
5395 1 3103 
5399 8 3089 
5423 48 2774 2940 
5427 37 2925 3089 
5436 1 3027 
5437 26 2765 2925 3027 
5438 1 3027 
5439 66 2914 3027 
5440 2 3027 
5445 63 2851 3000 3015 
5446 26 3015 
5455 8 3089 
5457 44 2774 3089 
5474 8 2831 
5482 12 2831 
5484 22 3089 
5487 30 2764 2831 
5462 19 2831 
5524 389 2658 2774 2785 2851 2925 2940 3000 3015 3084 3089 
5531 243 2774 2914 2925 2940 3000 3015 3089 
5534 14 2831 
5535 1 2831 
5536 3 2831 
5537 1 2831 
5543 137 2589 2658 2765 2774 2851 2925 2940 3015 3089 
5578 1 2764 
5579 2 2764 
5580 2 2764 
5581 2 2764 2765 
5582 105 2764 2774 2785 2851 2925 3015 
5583 2 2764 2765 
5584 12 2620 2764 
5591 27 2774 2775 2914 
5606 28 2605 
5612 66 2620 2775 3084 
5616 15 2775 
5396 12 3089 
5630 36 3015 
5655 139 3084 3089 
5680 4 3089 
5684 18 3089 
5691 49 2775 3015 3089 
5696 50 2774 2914 
5697 230 2620 2774 2785 3084 3089 
5704 4 3089 
5714 44 2774 2851 
5739 45 2765 3015 
5775 42 2785 
5773 75 2589 
5783 23 2775 3089 
5785 2 2775 
5786 1 2775 
5787 32 2775 2925 3089 
5796 191 2658 2774 2851 2925 2940 3015 3084 3089 
5799 23 2914 
5800 222 2589 2658 2785 3000 3084 
5802 385 2589 2620 2658 2785 2851 2914 2940 
5804 33 3000 
5807 27 2940 
5810 29 3084 
5811 79 2785 
5814 144 2851 2940 3084 3089 
5816 84 2774 2851 
5818 67 3015 
5819 61 3089 
5821 22 2851 
5822 98 2940 
5823 12 2774 
5836 11 3089 
5857 92 2765 2851 3089 
5862 24 3089 
4767 14 2620 
5871 50 3084 3089 
5922 7 2851 
5930 3 3089 
5932 33 3089 
5933 4 3089 
5934 42 3089 
5935 11 3089 
5936 2 3089 
5937 1 3089 
5938 2 3089 
5942 4 3089 
5939 3 3089 
5940 13 2774 3089 
5941 1 3089 
5945 9 2765 
5998 81 2620 
5999 20 3084 
6000 10 3084 
6006 68 2620 
6004 6 2940 
6017 2 2774 
6020 25 3015 
6024 17 2658 
6026 3 2765 
6032 80 2658 2851 
6043 39 2658 3015 3084 
6072 54 2658 
6068 32 2925 
6075 18 3015 
6082 18 2914 3084 
6093 5 2785 
6118 2 2620 
6156 22 2774 3015 
6174 10 2658 
6198 14 2620 
6217 31 2620 
6223 17 2620 
6241 75 2851 
6270 88 2851 2914 
6272 76 2620 
6280 52 2851 2940 
6299 78 2774 
6305 190 2620 2785 2851 2914 3084 
6314 10 2620 
6323 44 2851 
6317 5 2774 
6324 6 2774 
6346 17 2774 
6347 11 2774 
6348 1 2774 
6349 1 2774 
6350 1 2774 
6327 108 2620 2785 2851 
6415 4 2620 
6421 23 3084 
6443 70 2620 2785 2851 3084 
6467 8 2620 
6469 2 2620 
6479 13 2620 
6483 28 2620 
6484 10 2851 
6486 85 2851 2940 
6488 22 2620 
6494 101 2940 3084 
6510 54 3084 
6518 33 2589 2851 
6523 33 3084 
6460 58 2620 
6548 10 2940 
6555 35 2589 2785 2851 
6560 43 3084 
6596 177 2658 
6605 10 2620 
6618 91 2785 
6619 104 2589 2851 2940 
6615 160 2785 2851 2940 
6622 5 2851 
6624 135 2620 2658 2851 2940 3000 
6625 3 2620 
6627 50 2620 
6626 9 2620 
6665 29 2658 2785 
6676 6 2658 
6714 100 2785 2851 2940 
6719 3 2940 
6611 15 2785 
6772 77 3084 
6774 24 3084 
6784 42 2658 
6855 14 3084 
6620 93 2785 2851 
6900 31 2658 
6902 28 2851 
6913 44 2785 
6914 95 2658 2851 
6906 49 2851 2940 
6907 191 2658 2785 2851 3000 3084 
6916 54 2658 
6934 65 2785 2940 
6941 57 2851 3000 
6951 47 2658 3084 
6316 19 3084 
6976 41 2851 
6993 81 3084 
7012 10 2658 
7021 15 2658 
7052 142 2851 2940 
7053 31 3084 
7054 40 3000 
7047 161 2658 
7055 98 3000 
7057 118 3000 3084 
7080 70 2658 3084 
6946 68 2940 
7086 123 2658 2851 
7092 93 2785 2851 
7099 18 2785 
7104 15 2785 2851 
7106 4 2785 2851 
7131 24 2658 
7132 30 2851 
7139 3 2851 
6994 19 2851 
7197 1 2785 
7198 8 2785 
7225 47 2658 3084 
5143 16 2851 
7231 101 3000 3084 
7236 23 2658 3084 
7239 21 3000 
7251 1 2851 
7252 1 2851 
7253 4 2851 
7279 19 2658 3000 
7280 89 2658 
7301 27 2658 
7294 39 3084 
7350 21 2940 
7362 8 2940 
7378 38 3084 
7383 2 2940 
7389 2 2940 
7390 24 2658 2940 
7391 52 2658 2940 
7392 1 2940 
7321 3 2940 
7426 2 3000 
7443 10 2658 
7471 9 2658 3084 
7564 31 2658 
7586 7 3084 
7614 39 3084 
7675 25 2658 
7679 26 3084 
7733 45 2658 
7738 6 3084 
7775 11 2658 
7808 12 3084 
7865 24 2658 
7882 11 2658 
7902 21 2658 
7904 6 2658 
7980 15 2658 
7985 1 2658 
