3 23 28 30 39 54 108 152 178 182 214 271 286 300 348 349 371 
25 90 3 6 8 19 23 28 29 30 33 35 50 54 55 75 80 86 94 127 152 154 182 192 214 224 226 246 252 255 257 261 271 273 280 282 286 299 300 302 306 308 310 322 325 339 348 349 356 358 363 370 371 373 377 379 407 415 422 428 439 488 514 
4 29 8 10 28 30 38 55 56 75 130 140 147 151 152 214 232 243 282 299 341 363 370 415 
5 23 6 8 10 23 30 33 38 50 54 55 61 75 89 93 127 130 147 153 163 167 168 175 299 
6 302 3 8 10 19 23 28 29 30 33 34 35 38 39 50 54 55 56 61 80 86 89 93 94 127 130 132 135 140 147 151 153 154 163 167 168 171 175 178 182 183 216 219 226 227 228 232 236 243 250 252 257 258 259 261 271 273 274 280 285 286 290 298 299 300 301 304 306 317 319 322 325 339 348 349 356 358 359 362 363 370 371 373 377 378 379 390 391 392 394 396 402 405 406 407 415 421 422 427 428 431 432 433 435 439 440 447 
7 24 6 28 30 32 35 38 54 55 61 75 93 105 228 259 271 299 
8 182 6 10 19 23 28 30 33 34 36 39 49 50 54 55 56 61 75 80 86 89 127 130 132 135 140 144 150 151 152 153 154 163 167 168 175 178 182 183 192 214 216 219 224 226 232 236 243 250 252 255 258 261 271 273 274 280 282 286 299 300 301 308 310 319 322 339 341 348 349 356 358 362 363 370 371 373 377 378 379 389 390 391 392 394 396 402 405 406 415 421 422 427 428 431 432 433 435 439 440 488 506 514 
9 81 8 10 23 28 30 33 34 54 55 56 61 75 80 86 94 130 135 144 151 168 214 226 228 243 250 258 261 271 274 299 325 339 348 356 363 370 377 378 379 390 391 392 394 402 421 422 427 431 439 440 506 517 
10 86 3 6 8 19 23 28 30 33 34 38 50 54 89 93 105 130 132 135 147 153 154 163 168 175 183 214 216 219 246 250 252 255 257 261 271 274 280 286 300 301 306 310 319 405 406 407 432 
11 743 6 8 10 15 19 23 28 29 30 33 34 35 36 38 49 50 54 55 56 61 72 75 86 89 93 95 105 127 130 132 147 151 153 154 163 168 171 178 183 192 204 214 216 219 224 227 228 230 246 250 252 255 257 259 261 271 274 282 285 286 298 299 306 308 310 313 317 319 322 325 332 334 338 350 372 406 407 415 429 431 432 439 440 465 488 506 514 
12 65 8 28 30 56 72 80 214 219 232 236 250 255 257 259 274 282 286 290 299 349 356 362 390 407 427 428 432 435 
13 11 28 30 178 214 216 232 250 252 271 302 341 
14 114 3 10 23 28 30 32 49 54 55 56 61 75 95 127 130 140 150 152 178 182 183 192 214 216 219 224 226 236 250 259 261 271 282 299 324 325 338 356 363 368 371 377 378 390 391 394 396 402 421 422 427 440 477 517 
15 50 8 23 28 30 32 33 38 49 54 55 56 61 95 105 152 214 299 368 417 477 
16 15 28 30 
17 45 3 8 10 28 30 32 33 35 50 54 55 95 108 127 135 183 214 258 261 271 273 282 299 339 356 359 377 378 391 
18 12 30 36 55 144 192 214 308 429 477 
19 39 3 6 23 28 30 33 38 50 54 55 61 89 127 130 132 151 154 163 168 182 183 214 216 219 250 252 257 261 271 274 286 299 371 
20 187 3 6 19 30 33 34 36 50 54 55 56 61 75 80 89 105 132 135 140 151 153 167 168 182 183 214 216 224 232 243 250 252 255 257 258 261 271 274 282 286 299 306 308 310 321 322 325 339 348 350 363 368 370 371 377 378 379 391 402 405 425 427 429 447 465 477 
21 76 28 30 35 54 61 75 86 89 105 135 140 144 150 168 183 219 236 243 250 252 271 299 308 334 356 370 422 429 433 439 447 465 488 
22 2 30 
23 74 29 30 33 38 39 50 55 80 94 127 135 144 151 163 168 175 183 214 236 252 257 271 280 282 299 300 302 304 308 313 325 406 
24 309 3 8 15 19 28 30 33 34 35 36 50 54 72 130 132 150 214 228 230 243 255 259 271 280 299 310 311 321 334 348 370 373 378 391 407 415 417 465 
54 7 3 28 214 299 356 373 394 
28 133 3 6 8 19 29 33 34 35 38 49 50 54 55 56 61 75 80 86 94 127 130 132 135 144 147 150 151 152 154 163 178 182 192 214 216 224 226 228 232 236 246 250 252 259 261 271 273 280 282 299 301 302 304 310 313 319 322 325 356 370 391 396 402 405 406 415 428 435 439 488 514 
33 24 8 28 38 50 54 56 127 140 144 147 167 178 183 214 396 402 440 
34 5 3 6 39 54 282 
36 227 15 28 35 38 50 54 55 80 86 89 152 204 226 228 232 255 271 274 282 299 304 308 310 313 322 325 332 334 348 356 370 373 377 391 394 396 402 417 427 431 439 465 
35 65 3 33 39 50 54 132 135 151 152 153 183 214 226 227 243 257 259 261 271 274 299 300 339 348 356 362 370 373 377 378 379 390 391 394 402 415 422 
37 20 50 54 168 216 252 299 325 370 
38 14 54 55 56 75 152 182 280 302 415 
39 41 6 8 23 28 29 33 35 50 54 80 127 135 147 152 163 168 182 216 252 271 282 299 319 325 341 407 415 
40 11 33 54 55 214 216 243 252 257 273 274 299 
26 95 3 6 19 23 28 33 34 38 39 50 54 55 56 80 89 93 127 130 132 135 140 144 147 151 152 154 163 167 168 182 183 214 216 219 226 232 236 243 250 252 257 258 261 271 273 274 286 299 300 301 306 310 325 339 341 348 349 356 358 359 362 363 370 371 373 377 378 379 389 390 391 394 396 415 419 421 422 427 431 433 
41 30 3 28 33 54 56 75 140 151 183 226 227 252 271 299 322 339 356 358 377 402 422 
42 89 19 23 28 34 50 54 55 56 75 80 105 178 214 219 243 250 252 259 271 274 286 298 299 302 348 356 377 378 391 396 407 415 
43 4 54 182 
44 44 15 54 147 154 214 224 259 372 390 391 465 
45 8 8 54 55 299 
46 59 3 36 54 56 132 150 152 182 204 214 224 252 255 271 280 282 286 300 301 325 348 368 370 371 377 378 379 391 394 396 402 407 428 431 
47 146 3 8 10 19 28 39 50 54 55 56 61 72 80 93 94 127 135 140 151 152 154 163 168 178 182 214 216 226 243 250 252 257 271 274 282 286 290 299 300 302 304 317 322 324 334 356 389 402 405 415 427 428 431 435 447 
48 21 28 54 86 94 168 214 250 252 271 282 299 310 356 391 421 
49 15 28 54 214 363 370 396 517 
50 14 23 28 54 61 154 216 219 250 252 257 261 271 273 299 
51 24 33 39 54 55 56 72 80 93 175 214 246 271 280 299 325 
52 1 54 
53 39 15 28 54 274 
29 150 3 8 10 23 28 33 39 50 54 55 56 75 86 93 95 105 127 130 140 147 150 151 152 154 183 214 228 243 246 252 259 261 271 273 274 282 286 299 300 308 313 317 322 348 356 358 362 389 391 394 396 402 406 407 415 428 435 439 
55 64 6 8 28 29 36 38 56 61 75 80 86 94 135 144 152 214 216 243 250 252 271 282 299 302 304 308 313 317 321 325 348 356 370 373 379 402 407 439 447 488 514 
56 24 6 28 49 61 105 152 175 192 214 368 415 515 
57 13 55 61 228 271 299 415 
58 38 15 23 28 50 55 61 75 80 89 93 94 127 132 144 154 163 167 183 257 271 274 290 299 310 322 325 
59 94 3 15 28 33 49 56 61 86 152 167 168 204 214 219 228 252 271 298 370 371 372 377 378 391 407 417 421 425 431 
60 9 61 
62 17 6 243 280 363 370 415 
27 102 6 15 19 28 34 55 93 132 135 140 144 152 153 167 175 182 183 216 219 226 243 271 274 280 282 301 302 306 310 319 325 348 362 370 371 373 377 379 390 394 396 402 422 427 433 435 
63 1 6 
64 1 6 
65 2 6 89 
66 44 6 28 55 56 152 183 282 302 338 359 394 402 
72 164 8 15 28 39 56 89 144 152 178 182 204 226 232 236 243 261 271 282 299 313 321 322 325 341 356 370 371 407 422 427 431 432 435 439 440 514 
73 13 3 8 28 75 95 152 214 243 274 299 363 378 394 
75 31 8 28 32 56 94 152 154 192 246 299 370 514 515 
76 2 8 514 
78 41 8 28 49 56 144 214 258 261 300 302 368 377 378 379 390 391 392 396 415 419 421 422 428 431 433 517 
79 53 8 29 50 55 75 93 94 153 167 192 214 236 243 252 271 299 302 311 313 341 356 370 391 407 435 477 514 515 
77 25 8 28 49 108 130 175 214 219 271 299 363 
80 59 8 29 33 50 55 75 86 144 150 151 168 236 252 255 271 280 282 299 304 310 311 319 322 325 339 356 370 402 433 439 
81 18 8 28 32 55 93 105 175 192 214 273 299 477 506 517 
83 8 33 371 517 
91 2 33 55 
67 17 33 56 75 132 153 178 192 214 274 282 299 356 391 405 515 
84 1 33 
85 1 33 
86 122 15 33 35 50 55 56 150 214 228 243 259 271 282 299 304 308 313 325 332 391 405 407 415 428 439 447 
71 109 19 33 35 50 55 75 80 86 93 94 144 151 168 214 226 228 236 257 271 299 319 356 370 391 402 415 427 435 439 447 
87 195 8 15 28 29 33 35 36 55 56 72 75 86 150 151 154 183 192 204 259 271 282 290 299 304 313 317 348 363 372 396 407 439 515 
88 1 33 
89 29 15 33 35 56 86 151 153 168 243 271 310 
90 72 15 23 28 29 33 35 39 55 72 75 86 171 204 214 243 252 271 290 308 321 338 407 417 439 477 
93 1 153 
92 5 93 105 168 300 302 
82 1 93 
94 80 3 19 23 28 39 56 80 86 93 127 130 132 147 150 151 152 175 183 214 219 224 243 250 252 257 258 261 271 273 274 282 286 299 301 302 304 322 324 325 348 349 356 370 389 402 405 415 
95 2 10 108 
99 24 10 271 
96 2 10 28 
100 5 10 34 232 378 
98 8 10 56 86 228 514 
31 15 28 49 75 95 230 322 405 506 517 
102 5 95 108 
103 68 28 75 80 95 144 167 182 192 255 271 299 302 306 370 391 506 
115 3 95 108 506 
116 2 95 
104 30 28 55 75 94 95 150 152 178 214 243 252 282 299 302 308 356 368 377 396 477 515 
105 3 94 95 
106 9 28 55 95 299 
68 275 8 15 32 56 72 75 95 127 130 271 290 368 379 465 
117 1 95 
118 1 95 
119 1 95 
107 4 95 477 517 
108 2 95 
109 190 95 204 290 415 
110 95 29 49 95 108 175 228 271 282 304 306 310 313 317 322 429 477 488 506 517 
111 29 3 39 80 86 95 192 271 300 306 308 373 377 378 477 517 
120 8 15 28 95 214 299 
112 1 95 
121 9 95 350 368 477 
122 213 15 95 152 204 403 417 465 
113 89 8 15 28 29 32 56 75 94 95 132 140 152 214 219 228 243 290 339 370 405 428 439 
123 1 95 
124 3 95 108 
114 1 95 
130 13 56 86 152 182 271 356 439 
126 25 29 55 75 86 130 228 271 321 439 447 
127 132 3 15 28 35 130 144 152 178 204 228 232 252 259 261 271 282 290 325 332 346 379 402 417 431 435 
128 80 28 29 86 127 130 214 216 271 348 356 372 379 407 
129 4 55 130 299 427 
132 29 19 35 56 144 152 204 271 299 310 325 370 407 428 
133 10 135 144 348 349 362 370 373 391 402 
134 2 144 
135 7 144 255 310 394 402 
136 99 15 19 56 80 132 144 150 178 204 232 243 258 261 349 356 389 431 440 
137 1 144 
138 72 3 19 28 36 55 86 89 132 144 151 153 163 168 224 228 236 250 252 255 259 271 274 282 298 308 317 370 373 439 440 488 
139 37 3 8 28 49 75 86 144 192 228 246 252 271 282 299 302 322 439 440 
140 30 34 39 56 80 135 144 226 258 282 339 341 348 349 356 358 359 363 370 379 389 390 396 402 415 428 431 435 
141 1 144 
142 25 34 144 147 182 243 271 299 300 301 302 349 359 363 370 371 389 402 407 432 
143 94 3 19 28 29 35 36 80 132 135 144 171 182 183 204 214 216 226 250 252 271 274 298 299 301 313 317 334 339 363 370 373 377 378 379 390 391 394 396 402 432 
147 58 28 271 304 310 311 319 
145 18 147 214 271 391 
146 1 147 
151 74 28 29 80 86 171 182 228 236 246 271 308 322 338 402 407 
149 1 151 
152 21 28 35 50 55 56 75 182 192 214 252 514 
153 1 50 
154 61 15 23 28 29 39 50 80 151 153 168 171 178 204 224 243 252 282 304 306 308 310 322 348 370 377 402 405 407 415 439 
155 28 15 50 75 89 105 214 
156 4 50 163 168 259 
157 44 23 29 50 56 140 182 204 243 271 290 311 313 325 396 407 435 
158 7 28 75 152 153 477 514 
159 1 153 
160 1 153 
161 32 28 55 75 153 154 299 334 
162 4 89 168 246 300 
163 9 271 
165 3 39 152 167 
168 9 299 302 
171 70 23 35 227 230 299 432 
172 123 23 214 246 285 290 391 417 477 
175 1 55 
173 334 15 35 86 175 214 227 230 259 271 298 299 304 311 313 314 317 321 322 334 346 372 415 432 447 
174 1 175 
74 69 28 29 35 49 55 56 75 86 154 178 228 252 257 271 285 299 304 317 321 334 356 447 488 
176 39 19 29 35 154 271 334 432 
177 19 56 135 183 214 228 372 427 
178 63 3 72 182 183 228 271 282 313 371 396 405 429 
179 17 135 183 301 304 306 308 348 349 407 
180 54 3 80 132 135 182 183 216 271 274 299 349 370 402 
181 3 183 214 271 
182 79 56 86 183 204 243 271 299 310 405 407 427 432 
166 93 28 35 75 86 152 171 204 214 243 259 261 271 273 274 290 304 417 439 465 
185 4 214 321 
194 5 214 259 368 
187 37 28 29 36 86 135 214 228 243 285 322 348 373 394 415 
188 3 214 
32 4 75 214 368 517 
189 1 214 
196 1 214 
190 2 214 370 
197 11 152 214 259 324 
195 1 214 
198 1 214 
199 17 214 
191 13 214 259 271 372 
200 1 214 
201 21 36 55 75 80 214 252 271 282 
202 6 28 135 214 300 301 427 
203 31 214 259 299 407 
204 12 214 439 
205 12 86 140 150 152 214 282 
206 1 214 
207 1 214 
208 6 28 214 219 
209 10 214 259 271 
192 19 28 39 56 75 94 214 308 379 406 432 
210 1 214 
125 29 28 29 35 36 55 214 271 299 302 313 317 321 488 517 
216 8 86 321 
215 100 28 35 94 178 192 216 252 257 271 282 298 299 306 310 321 332 348 350 368 506 517 
217 1 219 
221 10 28 135 282 339 341 348 390 402 
222 4 28 348 
223 19 3 28 80 226 257 301 325 341 348 356 358 406 415 422 427 
224 13 28 152 271 282 402 407 
225 1 28 
226 25 28 55 72 298 322 407 432 439 
240 5 28 
227 5 28 35 271 407 
228 6 28 282 299 391 415 
242 2 28 407 
243 2 28 250 
244 4 28 56 
245 3 28 56 243 
246 1 28 
247 11 28 232 274 300 341 415 421 422 427 428 435 
230 6 28 171 298 
231 50 28 35 86 94 132 175 178 228 236 255 271 280 299 300 321 379 391 396 402 439 
232 23 28 34 178 228 271 282 402 
233 1 28 
234 1 28 
235 2 28 271 
236 39 28 80 94 150 151 178 182 232 257 271 282 300 306 308 310 319 325 348 349 356 406 428 
237 41 28 56 75 178 271 282 373 391 465 
248 1 28 
238 3 28 358 
239 1 28 
169 3 28 80 257 
257 8 19 132 271 302 377 
253 1 257 
254 25 55 75 105 150 228 246 257 313 
255 86 29 35 36 56 257 259 271 280 282 299 306 310 317 319 325 371 405 432 439 
256 10 80 226 257 282 298 
261 8 258 286 339 356 405 
258 6 261 271 273 
260 6 258 261 285 
259 56 29 227 261 271 299 356 432 
263 22 80 182 271 282 339 432 
264 1 271 
265 31 29 32 35 49 75 150 271 282 447 
266 13 271 429 
267 1 271 
268 3 178 271 
269 30 3 86 246 271 321 339 348 396 429 439 440 
270 14 271 
273 7 34 151 258 299 302 348 392 
276 7 132 243 274 
277 2 140 274 
275 56 15 28 75 80 94 152 182 224 274 282 299 356 405 417 
241 8 132 271 282 325 
280 76 15 56 132 152 178 271 290 299 304 308 317 372 407 415 421 422 431 433 447 488 
282 39 19 34 132 140 204 224 228 230 236 255 280 286 300 428 440 
283 2 132 
284 7 3 19 132 286 299 358 389 
285 6 286 
287 1 34 
288 1 34 
289 1 34 
291 35 72 299 346 
294 1 299 
292 6 3 178 299 477 
293 3 282 299 
295 5 56 299 300 
296 10 243 246 299 405 415 
297 1 299 
290 71 35 204 214 271 299 372 
298 2 299 
301 1 362 
302 13 75 94 349 359 363 370 389 
249 15 15 28 299 302 
303 3 80 94 302 
304 79 29 86 271 313 317 322 
306 244 8 29 36 86 204 228 246 255 271 282 298 308 310 311 313 317 319 322 325 332 371 406 407 415 417 429 439 
307 5 55 75 322 377 402 
308 142 15 29 35 36 86 204 228 243 271 299 304 311 313 317 321 322 350 417 425 439 447 465 
320 7 243 299 317 322 
309 1 322 
310 230 35 36 56 86 171 204 243 271 299 304 308 313 317 322 324 332 338 350 407 429 432 439 447 488 
311 321 15 29 35 56 72 86 243 259 271 299 304 313 317 321 322 324 407 432 439 447 465 488 506 
312 227 8 29 36 86 224 227 228 255 271 282 304 306 308 310 311 313 317 319 321 322 325 332 334 338 406 407 429 432 439 447 488 
313 54 29 35 56 290 322 
314 1 322 
315 77 8 36 72 214 259 299 308 317 322 407 432 488 
316 3 322 
305 7 322 
317 140 29 35 36 204 228 271 298 299 304 308 311 313 321 322 334 429 432 439 447 488 
318 3 271 322 
319 199 8 15 39 182 204 214 255 271 280 282 290 299 306 310 311 317 322 325 370 371 379 403 405 407 429 439 
329 6 80 135 228 282 299 
330 1 80 
323 1 80 
324 14 80 135 
326 12 39 80 140 152 243 282 348 407 488 
331 4 80 94 415 
327 8 80 232 282 311 
251 8 32 80 94 299 310 432 
328 13 75 80 299 325 356 373 
333 2 55 94 
335 46 15 56 94 151 
150 28 56 94 178 232 280 371 407 431 
336 31 15 28 75 86 135 151 214 271 310 325 356 371 439 465 
337 1 135 
338 1 135 
339 80 35 36 86 135 140 150 224 226 227 236 243 259 271 282 334 341 373 377 379 394 402 439 
340 30 86 135 151 178 232 271 282 304 396 407 439 440 
341 47 28 135 151 171 259 299 324 348 362 370 396 407 431 
342 2 55 135 
343 4 135 282 
344 3 75 135 348 
348 21 86 271 325 439 
345 9 39 56 228 282 348 371 
346 86 214 290 348 403 417 
356 18 55 214 259 282 299 
350 2 356 
351 11 86 325 339 356 439 
355 1 356 
352 9 75 192 243 325 356 506 
353 6 56 152 243 339 356 
357 2 339 358 
193 21 86 204 228 325 358 402 417 439 465 
363 3 362 
362 1 363 
364 14 75 214 370 
365 8 56 75 152 370 377 391 477 515 
366 14 28 49 282 299 370 377 379 391 
369 1 370 
367 5 75 299 370 
368 1 370 
371 117 15 29 56 72 86 204 228 255 271 282 299 304 310 313 317 373 432 439 447 
372 4 373 391 515 
374 3 377 419 
375 1 377 
376 37 35 36 86 299 310 311 325 350 377 394 406 
386 3 8 243 310 
381 2 243 
382 1 243 
387 11 150 214 243 259 
101 16 28 56 75 108 152 192 243 299 405 477 517 
383 45 15 56 140 150 175 182 224 243 246 255 282 428 
384 1 243 
393 1 394 
395 42 35 282 321 396 
397 1 402 
398 7 402 
399 6 271 402 
400 12 192 243 271 299 321 402 
401 1 402 
403 20 75 402 425 
404 5 402 403 
405 19 56 246 271 290 402 
406 34 178 236 255 282 306 310 319 325 402 440 
407 145 15 72 204 214 230 285 298 308 372 402 406 415 429 506 
408 1 402 
409 2 402 
410 6 140 402 407 428 431 433 
411 1 402 
413 1 402 
415 4 35 405 
414 3 39 415 
325 25 232 282 415 428 
416 2 226 
417 9 226 422 431 433 435 
418 1 140 
427 6 259 
423 7 56 214 427 
424 6 310 427 428 
425 79 204 280 285 407 427 
426 41 28 32 39 49 56 75 105 151 152 178 182 192 232 236 282 299 322 341 368 427 428 431 433 435 440 477 506 514 515 517 
429 5 428 435 
430 5 49 108 151 431 
432 157 36 178 308 310 317 321 332 403 407 429 433 
434 6 435 
436 1 232 
437 1 232 
438 1 178 
412 21 151 178 290 403 
439 8 86 178 271 
440 8 28 49 178 236 282 
441 1 178 
443 1 28 
447 15 28 75 350 417 514 
444 2 28 55 
451 1 28 
448 1 28 
449 9 28 
446 1 28 
450 1 28 
211 2 28 517 
453 1 192 
454 9 8 28 49 75 192 506 517 
455 4 28 192 322 
456 5 192 
457 732 15 35 56 64 72 155 192 227 271 290 298 299 311 506 
458 4 105 192 271 
460 3 28 75 514 
461 4 28 75 477 515 
462 4 28 75 105 
463 6 28 32 105 368 517 
465 17 514 
467 12 32 214 259 368 517 
468 1 32 
164 8 35 108 151 
476 1 477 
479 8 86 243 477 
480 1 477 
481 1 477 
473 1 105 
488 4 86 105 271 
489 5 75 105 514 
490 1 105 
492 1 299 
493 3 299 
494 3 75 299 
497 2 8 152 
498 2 8 75 
499 14 8 86 
501 10 322 325 
502 4 86 322 417 
504 1 49 
507 1 506 
513 4 8 514 
511 3 514 
509 1 514 
516 1 517 
521 5 407 
445 4 271 
530 7 86 243 313 
534 4 55 
536 5 39 75 368 
539 2 75 
540 1 75 
541 3 49 55 75 
542 7 15 75 228 243 372 
543 1 55 
544 2 55 
545 24 35 55 243 299 334 
546 142 55 214 290 372 415 417 
551 1 55 
218 2 55 
547 1 55 
548 1 55 
549 4 55 243 
550 1 55 
552 2 49 
560 8 271 440 
553 22 259 
556 121 15 35 86 150 224 227 228 230 255 259 271 282 299 321 372 405 407 417 432 439 
561 4 56 152 236 282 
562 1 282 
563 1 282 
565 1 282 
564 15 150 255 282 310 311 
567 2 371 
570 4 56 152 
574 5 151 282 
575 3 152 
579 4 152 
576 1 152 
577 1 152 
578 1 152 
580 30 182 
583 26 56 86 214 372 
582 34 56 
584 5 371 
585 3 310 371 
586 13 86 151 243 403 439 
587 18 35 
588 22 35 
590 8 36 282 429 
592 12 150 175 224 280 282 
595 2 39 
593 1 39 
596 1 39 
594 1 39 
597 2 86 151 
598 1 151 
599 1 151 
601 9 321 
600 214 15 29 35 36 72 86 227 228 243 246 259 271 282 290 299 308 311 313 321 324 350 372 407 417 439 488 
604 8 310 325 
605 1 280 
606 3 280 
616 1 282 
615 35 150 246 255 282 306 319 325 432 
618 11 282 407 
495 6 282 
620 14 86 175 
621 1 175 
626 31 35 86 259 282 299 432 439 
632 1 282 
633 55 86 171 255 271 282 298 306 310 311 313 319 407 439 
634 150 15 35 214 243 271 282 290 334 417 
646 17 282 
635 66 29 35 204 271 282 285 299 304 317 407 432 
636 11 271 282 407 432 
647 32 35 243 282 299 
637 25 271 282 311 317 
638 1 282 
640 4 214 282 
641 2 282 
642 3 282 
648 2 150 282 
643 46 72 282 311 313 
644 27 35 86 271 282 313 415 425 439 
645 16 29 72 214 271 282 407 
649 40 150 282 304 317 407 432 447 
650 98 36 214 259 271 290 308 311 332 429 488 
658 6 255 
659 14 35 86 204 271 417 439 
663 158 35 36 56 72 86 171 214 243 259 271 290 299 311 321 407 425 439 
667 19 332 
665 7 56 
639 31 86 271 313 439 
673 5 86 271 407 
674 16 86 271 308 310 317 325 406 
682 3 310 
686 83 171 334 338 372 407 
688 5 310 
689 47 86 214 259 299 310 439 
690 3 310 
691 24 36 306 429 
692 3 306 319 325 
695 118 15 36 56 86 204 271 290 317 324 325 346 372 439 
699 8 406 407 
701 4 15 230 432 
704 81 271 304 308 313 317 346 
705 28 35 171 317 
706 95 35 36 56 259 299 317 407 
707 123 35 86 227 271 290 299 311 321 372 407 432 
708 51 29 171 204 271 304 311 317 321 334 407 447 
710 105 15 35 56 230 243 271 321 407 417 
712 19 304 
713 4 332 432 
715 23 35 227 299 334 407 
722 264 36 72 86 204 214 246 290 308 346 403 407 429 439 447 
727 32 72 214 271 
730 34 35 86 243 271 299 439 
732 4 246 
733 8 86 439 
737 232 246 
738 8 8 86 439 
742 93 72 86 246 271 298 304 311 317 324 447 
697 100 15 72 271 311 313 321 332 
749 66 86 290 407 
321 27 35 86 271 308 311 439 488 
754 2 56 
759 77 35 36 72 86 259 271 299 311 313 317 429 432 
761 8 29 204 304 
763 68 15 214 
766 773 15 72 86 155 204 271 285 332 346 350 403 417 
762 50 15 271 324 
769 146 56 171 214 228 259 271 290 298 311 313 314 321 332 338 350 432 447 
736 4 439 
786 2 227 407 
788 113 15 72 86 204 243 290 311 317 321 407 415 417 439 447 
780 2 407 
781 8 407 
782 9 8 407 
783 1 407 
784 224 35 56 204 214 230 243 290 299 311 338 346 407 417 425 
789 317 35 56 72 171 243 259 271 290 299 304 311 313 317 346 407 447 
785 1 407 
791 41 15 35 214 271 
794 18 86 230 271 407 
795 60 171 243 271 290 304 311 313 317 321 372 447 
797 5 324 
802 4 432 
803 6 35 
804 6 403 
805 90 35 171 271 290 299 313 
808 4 8 271 
810 34 35 171 290 299 304 313 324 407 
812 3 36 
813 272 72 86 204 298 332 350 407 432 439 
816 29 15 72 227 304 488 
334 41 29 36 56 86 271 313 317 
823 15 29 243 304 313 439 
826 249 56 204 290 332 372 403 407 415 425 
825 165 15 72 417 465 
832 3 407 
836 26 429 
837 4 230 
838 36 204 230 308 334 417 506 
841 61 56 
844 45 299 308 313 432 
842 30 56 171 290 
848 8 228 308 317 
854 99 15 72 
852 39 15 86 243 308 417 
853 16 230 299 317 488 
859 13 86 308 
860 8 228 308 317 
861 16 204 308 
865 97 15 35 72 86 204 214 228 243 259 271 317 407 417 
870 38 86 171 243 271 298 299 
871 59 35 171 214 290 299 311 
877 2 313 
879 122 35 259 432 
882 7 271 317 
883 3 407 
886 3 407 
895 6 86 271 
897 1 227 
896 26 86 439 
898 10 86 
900 5 228 407 
904 119 35 171 230 259 372 407 506 
905 2 86 
907 9 259 
908 9 439 
909 12 86 439 
910 2 86 439 
911 27 86 243 271 304 321 439 447 
912 9 86 214 439 
913 3 86 439 
914 7 271 304 407 439 
923 1 86 
915 7 86 
916 4 86 
917 1 86 
918 17 86 321 334 
919 1 86 
920 10 86 407 
921 6 86 
924 1 86 
787 12 15 86 
926 6 243 
935 22 290 506 
937 46 271 
941 80 35 56 171 214 227 290 299 311 334 417 
943 30 35 243 271 299 313 
944 5 271 
946 110 35 56 72 204 271 311 334 350 403 
947 27 271 
948 29 271 324 
949 8 56 271 425 
954 34 56 290 407 
956 42 56 271 299 311 321 417 
957 3 304 
959 12 259 313 
960 22 214 313 
933 18 317 
967 16 243 
970 11 338 
971 72 35 171 271 290 299 311 317 321 334 
974 36 15 204 271 417 
978 65 35 56 171 214 271 290 304 324 407 415 
981 16 271 304 
982 47 299 338 407 
984 7 15 
985 6 35 
986 77 35 72 171 290 332 334 
988 292 204 290 332 417 465 
987 2 304 
993 238 35 56 171 214 298 299 304 311 317 334 403 415 506 
994 45 15 35 304 311 321 
996 297 15 56 204 259 290 332 334 346 350 403 425 
998 30 243 372 
999 4 432 
1000 60 290 317 403 
1006 138 35 171 214 227 230 259 298 314 338 432 
1003 18 290 
1008 8 304 
1011 6 447 
1012 7 447 
1013 23 243 259 271 
1009 44 271 299 311 314 332 334 
1022 14 35 243 
1023 9 311 332 
1024 41 290 425 
1027 6 311 321 
1028 7 271 
1029 135 35 171 227 243 271 299 311 314 321 432 
1031 19 311 
1032 39 311 
1033 6 271 311 
1034 33 15 271 311 321 372 417 
1039 6 407 
1037 86 15 204 230 415 417 
1038 6 271 
1041 49 15 
1042 41 332 
1043 21 350 372 
1046 24 407 432 
1050 44 35 372 
1052 4 321 
1051 46 15 290 
1055 196 15 56 204 214 227 259 290 298 321 417 432 
1062 156 35 227 271 321 403 432 
1063 29 35 243 299 
1064 16 15 243 
1067 2 243 
1065 7 243 
1066 5 243 271 
872 29 271 465 
1075 74 15 35 227 259 324 407 432 
1084 5 271 338 
1078 5 259 271 
1079 2 271 
1080 5 271 
1081 1 271 
1082 4 271 
1083 2 271 
1085 4 214 259 
1089 8 259 
1097 88 15 56 204 417 
1098 305 56 285 350 
1106 2 15 
1111 60 15 72 259 299 432 
1114 39 171 230 299 334 
1124 20 350 
1125 37 72 171 214 407 
1126 2 214 
1128 13 35 
1127 62 35 465 
1129 62 171 214 290 415 
1132 57 56 204 259 338 425 
1133 399 15 72 171 230 298 299 346 
1135 115 171 204 299 332 334 407 
1137 135 56 64 72 259 285 298 350 432 
1138 3 407 
1142 48 15 299 417 425 
1143 14 56 372 
1148 1 407 
1151 472 15 56 72 204 214 230 290 332 346 350 372 403 415 417 465 
922 149 35 204 259 290 299 334 407 415 
1160 24 35 171 227 299 334 432 
1164 39 15 290 299 407 
1166 599 15 56 72 204 214 222 285 290 332 346 350 372 403 417 
1167 158 35 56 171 290 299 407 506 
1179 10 15 214 
1169 29 350 407 
1182 7 299 
1183 9 425 
1185 43 56 407 
1190 4 15 417 
1193 31 15 35 72 290 
1195 5 259 
1198 4 285 
1200 107 56 290 403 
1201 35 35 298 
1202 66 56 
1203 22 334 
1204 61 171 290 432 
1210 218 35 56 72 204 230 298 334 350 372 403 
1211 79 171 285 290 506 
1215 65 15 72 
1228 11 15 
1230 33 290 
1234 16 35 171 299 
1235 20 35 227 299 
1236 103 290 407 425 
1237 6 35 
1241 35 35 230 
1242 11 72 
1245 10 334 
1247 77 15 204 298 407 425 
1248 21 171 
1253 51 64 171 204 314 
1252 2 171 
1259 45 35 227 334 
1261 8 298 407 
1278 69 35 259 290 299 
1279 124 35 171 204 227 259 290 332 417 
1280 4 290 
1286 65 35 72 299 
1285 31 15 72 290 
1291 34 35 
1292 7 35 259 299 432 
1293 33 407 
1297 76 35 204 290 417 465 
1301 3 334 
1302 1 334 
1303 1 334 
1304 1 334 
1305 290 35 56 204 214 290 314 334 403 425 
1306 20 298 334 
1319 181 204 230 290 314 407 415 417 506 
1320 6 417 
1327 1 299 
1328 2 299 
1325 1 299 
1329 3 299 
1326 6 56 299 
1331 6 35 
1332 1 35 
1335 62 290 
1349 2 259 
1350 117 259 372 407 415 
1351 1 259 
1352 121 230 259 285 298 314 372 
1359 3 15 259 
1353 30 259 
1360 22 259 285 290 
1354 8 259 
1355 3 259 
1361 1 259 
1356 20 259 290 
1362 4 259 
1357 91 259 285 298 403 417 425 
1358 18 259 407 
1365 7 432 
1367 40 204 285 417 432 
1368 33 407 
1374 462 56 72 171 204 230 285 290 298 407 425 
1377 33 407 
1380 63 214 230 
1384 37 56 
1386 61 298 
1390 32 290 417 
1395 199 15 171 204 298 332 403 407 
1419 41 350 
1428 183 64 290 298 415 506 
1184 79 56 72 204 214 403 
1441 41 407 
1442 20 64 314 
1462 48 56 204 230 
1463 26 403 
1465 8 214 
1468 20 290 346 
1466 24 407 
1469 7 290 
1470 156 15 56 72 290 
1471 72 56 204 214 425 
1473 91 204 372 403 425 
1480 44 372 
1482 26 415 
1483 52 290 
1487 117 171 230 298 372 407 
1489 64 204 407 
1492 157 72 171 230 298 
1496 210 15 230 285 417 506 
1497 28 15 346 
1499 12 56 
1500 48 56 204 214 506 
1501 38 64 407 506 
1506 41 290 
1521 99 298 403 
1522 139 15 290 332 415 465 
1525 35 298 
1538 81 15 298 372 415 506 
1534 2 230 
1537 68 56 
1542 244 15 332 
1552 81 15 56 285 407 417 
1553 20 56 
1549 587 15 56 64 171 204 214 290 298 332 350 407 417 465 506 
1555 79 204 350 407 415 506 
1010 6 314 
1582 13 314 
1583 87 290 314 465 
1587 5 171 
1585 102 204 214 290 415 425 
1592 30 425 
1594 114 171 285 298 372 
1603 16 15 
1571 24 56 
1608 355 15 214 230 285 290 298 332 350 403 407 415 506 
1614 73 15 204 214 372 
1615 162 56 64 171 230 285 290 298 372 407 415 506 
1530 11 72 
1622 50 15 415 
1623 39 407 
1644 48 15 56 230 
1661 66 15 415 
1564 27 290 
1647 19 417 
1674 8 72 
1684 9 403 
1692 3 372 
1691 50 372 425 
1701 112 15 56 72 214 
1696 4 56 
1697 70 15 285 
1700 93 290 415 425 
1711 9 230 
1703 1 230 
1704 1 230 
1705 47 214 230 403 
1706 4 230 
1707 34 72 230 
1708 1 230 
1709 6 230 
1710 1 230 
1716 6 372 
1717 96 15 56 72 204 214 372 415 
1729 19 214 
1730 45 15 425 
1733 42 15 298 
1734 55 290 465 
1741 9 214 
1748 76 350 
1749 68 64 
1754 23 407 
1756 89 332 372 
1766 27 332 
1767 97 15 407 
1769 67 214 403 415 
1772 141 56 285 332 
1759 5 290 
1751 35 15 56 204 214 290 417 
1783 57 15 204 
1792 31 56 
679 3 214 407 
1800 20 15 
1808 129 72 465 
1813 41 465 
1814 105 290 
1820 90 56 204 290 350 425 
1822 11 407 
347 8 407 
1835 73 15 
1836 16 214 407 
1837 28 290 
1847 47 15 285 
1848 16 204 
1857 8 407 
1862 2 290 
1875 33 56 204 
1885 44 407 
1891 36 415 
1892 5 407 
1896 51 285 290 403 
1915 33 15 
1919 112 56 214 290 332 403 407 415 
1922 204 72 188 204 285 290 425 465 
1924 5 15 
1943 3 407 
1944 2 407 
1945 2 407 
1962 31 56 285 
1966 18 290 
1972 181 204 417 465 
1979 2 15 
1982 29 214 
1991 66 56 350 403 425 
1992 16 56 
1997 88 56 332 415 
2001 39 415 
2005 1 415 
2009 63 350 
2016 13 15 417 
2033 22 72 
2062 121 72 285 332 
2065 50 465 
2072 121 56 285 332 350 
2093 55 285 350 
2102 45 285 
2114 39 290 
2116 20 350 
2117 23 204 
2118 113 350 417 
2120 122 332 417 
2127 3 15 
2130 8 290 
2133 129 56 214 332 350 403 
2135 146 15 
2139 3 285 
2144 23 15 417 
2145 145 204 
2160 26 15 
2168 3 350 
2172 29 15 332 
2174 65 214 
2178 3 15 
2209 31 204 350 
2225 34 15 
2230 49 214 332 417 
2231 66 15 332 
2229 143 285 350 
2232 12 332 
2233 36 56 332 
2237 241 15 204 465 
2240 108 15 204 285 
2256 247 15 56 214 350 403 425 
2274 48 332 425 
2276 32 15 72 
2290 120 204 
2296 2 214 
2297 164 15 204 214 332 417 425 465 
2299 67 56 
2322 19 332 
2323 111 15 72 204 290 346 417 
2326 252 204 285 417 
2328 215 332 350 403 465 
2340 4 56 
2272 31 56 
2365 77 15 
2368 17 15 290 
2369 189 15 332 
2371 124 214 
2376 26 290 
2384 72 15 72 
2387 66 72 
2398 62 72 465 
2407 4 332 
2410 34 15 
2411 141 417 465 
2416 37 332 
2417 7 290 332 
2418 1 332 
2435 35 56 
2440 50 15 465 
2456 31 72 
2472 75 56 214 350 
2473 103 290 350 403 
2476 35 290 
2481 8 155 
2485 324 204 290 417 465 
2502 30 214 
2504 100 15 
2506 46 350 
2507 69 15 
2508 13 214 290 
2510 68 403 
2535 47 15 204 
2541 37 204 290 
2542 93 72 204 403 417 
2547 105 204 
2549 70 290 
899 24 403 
2566 32 15 
2557 77 56 214 403 
2469 3 350 
2567 5 15 
2559 82 214 290 403 417 
2560 180 204 290 346 417 
2564 50 15 72 204 
2565 893 56 155 204 214 285 290 346 403 417 425 465 
2569 5 56 
2576 146 56 
2587 12 72 
2585 60 15 
2593 32 56 350 
2594 45 15 417 465 
2595 49 15 
2474 142 56 204 290 403 417 425 
2599 9 417 
2605 64 403 
2617 22 15 
2623 108 15 204 350 403 406 
2619 46 15 
2646 39 425 
2647 18 56 214 
2651 269 15 204 285 290 403 417 465 
2653 113 204 417 
2655 49 15 72 
2657 44 15 204 
2658 307 72 155 204 346 417 
2659 12 417 
2672 13 350 
2676 7 214 350 
2708 9 346 
2700 168 204 285 465 
2701 19 204 
2686 156 204 417 465 
2702 80 72 204 290 425 
2703 61 204 285 
2688 618 72 204 285 290 346 417 465 
2704 75 290 
2660 164 72 204 285 417 
2667 126 15 
2693 149 15 204 285 417 
2694 18 417 
2737 16 290 
2740 28 403 
2744 39 15 72 
2752 7 15 290 
2757 5 56 
2760 23 15 72 
2768 40 425 
2774 46 15 
2775 35 15 
2778 22 155 214 425 
2788 4 403 
2790 173 15 204 417 465 
2791 15 425 
2792 18 403 
2544 11 15 
2822 43 214 403 
2654 104 285 417 
2831 39 425 
2851 44 15 
2860 5 214 
2866 6 214 
2867 3 214 
2861 1 214 
2868 1 214 
2869 1 214 
2862 4 214 
2863 5 214 
2870 1 214 
2871 282 72 204 214 290 465 
2864 1 214 
2865 2 214 
2872 87 214 290 465 
2901 4 290 
2900 29 204 285 290 
2913 11 417 
2925 19 425 
2932 62 15 
2935 36 425 
2940 123 15 285 290 417 
2951 19 72 
2953 10 290 
2967 238 417 
2968 55 465 
2972 357 15 222 406 
3007 15 290 465 
3000 43 72 285 
3009 51 204 417 
3004 3 15 
3005 28 290 417 
3006 31 290 
3010 123 465 
2707 103 290 
3021 7 285 
3025 4 290 
3026 175 72 290 
3027 39 15 
3028 189 72 417 465 
3031 50 204 417 
3032 216 15 72 
3033 45 204 417 
2713 200 204 285 417 465 
3041 14 15 
3053 9 204 
3055 52 465 
2356 57 465 
3066 1 290 
3084 62 465 
3088 37 15 
3095 37 285 
2842 124 204 285 417 
3120 8 285 
3127 15 465 
3144 88 204 
3148 26 204 417 
3150 10 15 
3160 2 15 
3168 79 72 
3172 13 465 
3176 6 72 
3180 24 285 
3188 20 417 
3189 10 204 417 
3191 68 95 
3202 8 204 
3255 3 15 
3258 95 15 
3259 2 15 
3269 3 15 
3274 69 72 155 
3284 20 15 
3291 58 465 
3304 31 285 
3305 5 285 
3325 6 417 
3333 15 417 
3345 35 204 
3352 273 72 285 417 465 
3366 63 72 
3378 41 72 
3379 19 417 
3380 42 72 204 
3381 180 15 
3388 15 15 
3391 4 417 
3394 156 465 
3404 89 465 
3390 60 72 
3411 1 285 
3412 1 285 
3443 20 15 
3445 21 15 72 
3439 88 417 
3449 314 15 72 222 346 
3452 131 15 
3453 319 15 72 346 406 
3456 241 15 
3458 69 15 
3459 92 15 
3461 101 72 222 
3462 54 72 
3479 102 72 
3488 16 465 
3498 114 346 
3513 4 204 
3521 29 15 
3522 71 15 
3527 64 465 
3386 12 204 
3530 3 204 
3536 6 417 
3508 11 417 
3550 1 417 
3551 1 417 
3552 1 417 
3553 8 417 
3554 6 15 
3555 14 465 
3562 40 465 
3568 147 15 
3586 156 155 
3601 52 15 346 
3607 24 15 
3614 205 465 
3615 144 465 
3622 22 465 
3624 64 72 
3630 32 465 
3631 91 15 72 
3641 212 15 72 465 
3642 362 15 72 155 465 
3643 44 15 72 
3647 13 465 
3659 38 465 
3666 144 222 346 
3692 8 72 
3688 4 15 
3709 7 465 
3724 93 465 
3571 45 15 
3728 85 15 
3751 11 15 
3786 99 15 
3787 232 15 72 155 346 
3792 27 72 
3794 46 15 72 
3798 23 465 
3799 6 465 
3802 8 465 
3806 45 15 465 
3812 53 15 
3813 94 15 
3815 20 465 
3830 20 15 
3835 35 346 
3854 82 15 
3909 1 465 
3910 33 465 
3911 2 465 
3912 17 465 
3916 42 72 
3930 5 15 
3956 85 15 
3960 23 15 
3969 90 15 72 
3976 145 15 72 346 406 
3977 14 15 
3982 20 15 
3985 32 15 
4008 7 15 
4013 21 15 346 
4015 2 15 
4036 147 15 155 
4037 15 15 
4040 104 15 72 
4041 68 15 
2981 44 15 
4044 89 346 
4045 257 15 
4070 111 72 222 
4071 17 15 
4072 29 72 346 
4073 115 15 72 
4099 155 15 72 346 
4076 86 15 72 346 
4124 50 15 72 
4144 76 15 406 
4150 16 291 346 
4175 8 15 
4186 6 291 
4190 2 15 
4211 65 346 
4212 53 72 
4297 38 15 
4314 4 15 
4315 29 15 
4338 40 72 95 
4353 80 15 72 
4416 11 72 
4438 6 15 
4441 202 15 
4447 14 72 
4468 18 222 
4483 153 15 
4486 20 72 
4488 50 15 
4489 15 72 
4524 9 15 
4530 9 15 
4550 100 95 
4564 33 72 
4574 40 346 
4576 10 15 
4587 27 15 
4598 71 15 
4600 15 15 
2841 1 72 
4611 1 72 
4625 4 72 
4630 4 15 
4487 31 406 
4632 228 155 
4662 46 72 346 
4647 11 15 
4686 57 406 
4688 59 346 
4712 121 15 
4739 11 15 
4745 2 15 
4756 34 72 
4774 13 346 
4781 27 15 
4813 46 155 
4821 2 346 
4824 101 72 
4899 169 15 
4903 2 15 
4904 2 15 
4906 2 15 
4912 2 15 
4914 2 15 
4926 7 155 
4922 2 15 
4933 3 15 
4948 214 15 
4967 361 15 
4970 8 15 
4982 43 72 
4988 23 15 72 
5002 115 72 
5006 28 72 
5017 9 72 
5020 139 72 95 
5037 18 15 
5079 271 15 
5089 8 15 
5099 14 15 
5110 84 15 
4828 168 15 95 
5118 13 72 
5121 9 15 
5123 69 15 
5150 13 15 
5155 24 222 
5166 48 15 
5172 29 72 
5173 122 155 
5175 35 72 
5176 139 72 95 
5177 101 15 
4310 278 15 72 
5179 217 15 155 
5189 312 15 72 95 
5190 80 95 
5196 32 15 
5215 8 15 
5262 59 15 
5263 75 15 
5301 61 15 
5321 32 15 
5360 15 15 72 
5391 37 15 
5427 37 15 
5445 63 155 
5446 26 155 
5479 28 15 
5484 22 15 
5487 30 15 
5515 7 72 
5524 389 155 
5531 243 15 72 155 
5532 26 15 72 
5534 14 15 
5536 3 72 
5543 137 15 
5584 12 15 
5589 11 15 
5591 27 15 
5605 11 15 
5612 66 15 
5610 2 15 
5617 22 15 72 
5624 28 15 
5630 36 15 
5644 21 15 
5666 5 15 72 
5675 8 72 
5691 49 15 72 
5695 1 72 
5698 1 72 
5696 50 15 72 
5697 230 72 
5714 44 15 
5741 13 15 
5750 4 15 
5768 13 15 
5783 23 15 
5787 32 15 
5796 191 15 
5802 385 155 
5805 16 15 
5807 27 15 
5810 29 15 
5818 67 15 
5819 61 15 
5821 22 155 
5855 8 15 
5857 92 15 
5862 24 15 
5890 5 15 
5590 5 15 
4767 14 15 
5908 19 15 
5913 5 15 
5916 9 15 
5993 3 15 
6020 25 15 
6024 17 15 
6068 32 15 
6075 18 15 
6001 5 15 
6156 22 15 
6157 3 15 
6160 3 15 
6178 1 15 
6179 7 15 
6180 3 15 
6196 2 15 
6197 2 15 
6181 1 15 
6182 3 15 
6183 1 15 
6184 2 15 
6185 1 15 
6186 1 15 
6187 1 15 
388 1 15 
6188 1 15 
6198 14 15 
6199 1 15 
6200 6 15 
6201 2 15 
6202 3 15 
6203 1 15 
6204 12 15 
6190 3 15 
6205 1 15 
6206 1 15 
6207 4 15 
6191 1 15 
6192 2 15 
6208 3 15 
6193 1 15 
6461 6 155 
6619 104 155 
6627 50 155 
6713 4 155 
6714 100 155 
6759 3 155 
6766 22 155 
6772 77 155 
6914 95 155 
6907 191 155 
6916 54 155 
6934 65 155 
6941 57 155 
7052 142 155 
7054 40 155 
7055 98 155 
7057 118 155 
7090 11 155 
7225 47 155 
7227 12 155 
7231 101 155 
7262 11 155 
7294 39 155 
7344 3 155 
7350 21 155 
7378 38 155 
7514 3 155 
7569 4 155 
7570 3 155 
7571 1 155 
7572 1 155 
